1.000000000000000000e+02 1.018995083717847194e+02 8.221720427542135445e-02 -2.036039724997024125e-02 1.510540886874230408e-03
1.264855216855295765e+02 1.019332273510937910e+02 1.619011693749254355e-01 -2.594694564987642948e-02 1.336943451435194507e-03
1.599858719606057207e+02 1.017625380415948371e+02 7.208906755755928319e-02 -3.356210598069836459e-02 1.189212709714954162e-03
2.023589647725157477e+02 1.018366326274409488e+02 9.115743371804452266e-02 -4.247333714603546140e-02 9.924410778486881558e-04
2.559547922699535718e+02 1.017112672540690426e+02 1.386791327294871756e-01 -5.278251773708136918e-02 1.051565654851667865e-03
3.237457542817643343e+02 1.016725835734806509e+02 1.284111725521926983e-01 -6.782029498130326406e-02 1.389883303284173777e-03
4.094915062380427457e+02 1.015797771877300733e+02 1.654019399435030513e-01 -8.430220752449696375e-02 1.338517679479853898e-03
5.179474679231212804e+02 1.013353521253868337e+02 1.976989351902863068e-01 -1.070907936835012730e-01 1.151915213062155259e-03
6.551285568595509403e+02 1.008628232943085266e+02 4.788592924960348440e-02 -1.348747066818516971e-01 1.025038040606841925e-03
8.286427728546842673e+02 1.003424181502044235e+02 1.726089514842631678e-01 -1.700911554562537509e-01 1.876204193075221198e-03
1.048113134154685213e+03 9.950107400038862693e+01 1.947247198163349347e-01 -2.134735111220263937e-01 1.566781853778952864e-03
1.325711365590109608e+03 9.812170262862298387e+01 1.100042622125223107e-01 -2.682902144577715697e-01 1.782965807542660850e-03
1.676832936811008267e+03 9.607515808795648127e+01 1.600938128113393866e-01 -3.343508140078186308e-01 1.132592859528641811e-03
2.120950887920190326e+03 9.307772689586161619e+01 1.871815454865684014e-01 -4.125743085616792039e-01 1.532791147084616550e-03
2.682695795279727463e+03 8.863730484876147386e+01 1.729297497369060022e-01 -5.075190282901886896e-01 1.541168676758954310e-03
3.393221771895329766e+03 8.264629641503807989e+01 1.242333061321325982e-01 -6.134392605093810236e-01 1.583284618184080221e-03
4.291934260128778078e+03 7.533036244091931621e+01 1.661710536932112514e-01 -7.266288924585260212e-01 1.826746430261300081e-03
5.428675439323859791e+03 6.676018452471055298e+01 1.067387632464140423e-01 -8.444750765964137429e-01 1.374145923222685811e-03
6.866488450042998011e+03 5.760005842696743628e+01 7.385239346568218954e-02 -9.558109018112792565e-01 2.095759849383906082e-03
8.685113737513529486e+03 4.848916610200058130e+01 4.820696135353377126e-02 -1.054011246271815860e+00 1.362363615475872206e-03
1.098541141987557239e+04 4.022004878777582348e+01 9.966780168973832232e-02 -1.140313097407121390e+00 3.636551598578218261e-03
1.389495494373135989e+04 3.300370320355157361e+01 8.849110854037670060e-02 -1.215543445417496260e+00 4.446026206532851209e-03
1.757510624854793059e+04 2.678194200080897858e+01 1.137054280501219039e-01 -1.273770704124868480e+00 4.264982442658616854e-03
2.222996482526195541e+04 2.184011589183987567e+01 1.499235192706466491e-01 -1.322138211274408670e+00 5.894395668295434806e-03
2.811768697974230963e+04 1.754365035762620550e+01 8.476442248649855571e-02 -1.373269019602331165e+00 3.371466754048072292e-03
3.556480306223128719e+04 1.428297487216723916e+01 5.859806473584896341e-02 -1.415011139724956735e+00 5.750860692067999262e-03
4.498432668969444057e+04 1.148020090368750168e+01 3.515301979734236637e-02 -1.460392394768535773e+00 6.487939321834326409e-03
5.689866029018304835e+04 9.258934807267557687e+00 5.054083363054985567e-02 -1.506801246686725548e+00 6.461010608913699514e-03
7.196856730011528998e+04 7.435617543494963400e+00 6.729285476013809053e-02 -1.550892542723220302e+00 4.612467834953221449e-03
9.102981779915226798e+04 5.891278921352738784e+00 1.087742994309513905e-01 -1.605291289486426853e+00 1.109675960001938952e-02
1.151395399326448096e+05 4.721808762953823013e+00 6.798530266765033525e-02 -1.657777670811340531e+00 1.364027024885462909e-02
1.456348477501244342e+05 3.722762447439944111e+00 7.060724306619710344e-02 -1.727814996974573081e+00 1.443989170244643419e-02
1.842069969326716382e+05 2.895986695930537369e+00 6.220118602524985635e-02 -1.800692203565617877e+00 2.252977173529619945e-02
2.329951810515371908e+05 2.281623106491038833e+00 4.030826593225310395e-02 -1.887040002849490472e+00 2.483874383036470748e-02
2.947051702551809722e+05 1.779071423669380758e+00 3.084153652438812246e-02 -1.976591421870572240e+00 1.740454382585462922e-02
3.727593720314938109e+05 1.378442217115589674e+00 2.650704340552199195e-02 -2.080624155805639752e+00 1.809813131177873818e-02
4.714866363457389525e+05 1.038702935350872547e+00 2.123247942585216458e-02 -2.231630553767879555e+00 3.285262612585122116e-02
5.963623316594636999e+05 7.995801736352626810e-01 1.556086275815110782e-02 -2.387709732933218199e+00 1.854887971487357429e-02
7.543120063354623271e+05 6.011295338366735574e-01 1.784340804998881674e-02 -2.579944203151391058e+00 3.486991573820392987e-02
9.540954763499944238e+05 4.164586341352088938e-01 3.086186476067812740e-02 -2.842949510038137895e+00 4.886423842091035252e-02
1.206792640639328863e+06 3.020404357622039626e-01 1.407412307424739904e-02 -3.068342753378946242e+00 3.137158847308756798e-02
1.526417967175233411e+06 2.072865479761646923e-01 9.887177527875865013e-03 2.863604268912772532e+00 9.196696904632288561e-02
1.930697728883249685e+06 1.369665547614696277e-01 1.654258141720928860e-02 2.596281226336916603e+00 5.133456391720948170e-02
2.442053094548649620e+06 9.281516896631891722e-02 8.265040559231539088e-03 2.267465812390706326e+00 5.490716152692629720e-02
3.088843596477484796e+06 7.025992931549579490e-02 9.384005815683559709e-03 1.899789245010103489e+00 1.739910061634332983e-01
3.906939937054621056e+06 6.518247288695733221e-02 1.480885538471753832e-02 1.741819880615265159e+00 3.096721724916962626e-01
4.941713361323838122e+06 5.861417732422374849e-02 1.300472830737800511e-02 1.614683273604949010e+00 2.872601030673570532e-01
6.250551925273976289e+06 6.778920536488830528e-02 2.346272498687425670e-02 1.285729920819396188e+00 4.251404451777820448e-01
7.906043210907701403e+06 6.452826831825882181e-02 2.203613650466125853e-02 1.236451962878075017e+00 2.094148632948376887e-01
1.000000000000000000e+07 4.263730943027426584e-02 2.099799891893617404e-02 4.880800001722206405e-01 6.771116837131689881e-01
