1.000000000000000000e+02 1.022052871399939420e+02 1.453166269808447431e-01 2.913276308022516581e-04 1.126437191111660449e-03
1.264855216855295765e+02 1.022227065768791618e+02 1.009723791069219723e-01 -4.636445493177432375e-04 9.192617991449201532e-04
1.599858719606057207e+02 1.021806314799885769e+02 1.595877575628296685e-01 -5.000047078864144900e-04 9.908519309630037936e-04
2.023589647725157477e+02 1.022399021000176447e+02 1.051907177973638585e-01 -1.418340952858421211e-04 1.127596487270343239e-03
2.559547922699535718e+02 1.021786495458063939e+02 8.991312509550966614e-02 -7.029125148338977169e-05 1.364146961162498008e-03
3.237457542817643343e+02 1.021562025881941054e+02 1.087044950206036836e-01 -4.894758633210427590e-04 1.461034433235687720e-03
4.094915062380427457e+02 1.021430064349933104e+02 1.510859995312761883e-01 -8.695180466351537518e-04 9.175311195794431029e-04
5.179474679231212804e+02 1.021290413342590568e+02 1.299524678988357995e-01 -1.024373158612978951e-03 8.138944029513714993e-04
6.551285568595509403e+02 1.022187609458304252e+02 1.629219844153288188e-01 -2.349586601961883847e-03 1.294814560371080952e-03
8.286427728546842673e+02 1.022701744806053057e+02 1.267571329958775139e-01 -2.670817797200075727e-03 8.744598471448234312e-04
1.048113134154685213e+03 1.020341924494458397e+02 2.030098899721839434e-01 -2.108838972443960458e-03 7.031266959358938636e-04
1.325711365590109608e+03 1.021258033012946669e+02 1.875336615465401924e-01 -4.429841232252484939e-03 1.566671109830259419e-03
1.676832936811008267e+03 1.021073803960977955e+02 1.794788301482121429e-01 -3.687327954905283978e-03 1.789095439074662791e-03
2.120950887920190326e+03 1.021565551266157854e+02 1.816477755317510712e-01 -6.051638952964344398e-03 1.327813561146860485e-03
2.682695795279727463e+03 1.021802585841185760e+02 1.871797986872565933e-01 -7.633116725080324461e-03 1.081444338379602098e-03
3.393221771895329766e+03 1.021109543112269478e+02 1.521737655858593219e-01 -8.958108973657508134e-03 2.037237761401846856e-03
4.291934260128778078e+03 1.022081079061313460e+02 1.732723716186440610e-01 -1.127577451749622872e-02 1.208447822326594919e-03
5.428675439323859791e+03 1.019973495677233757e+02 1.408311270101533230e-01 -1.327803731064552961e-02 1.944245962252567819e-03
6.866488450042998011e+03 1.021371914363682833e+02 1.077090837730355216e-01 -1.876808924250444877e-02 7.604352402131996525e-04
8.685113737513529486e+03 1.019425890831921748e+02 2.442975879546585294e-01 -2.229971987850731807e-02 3.443141352332844581e-03
1.098541141987557239e+04 1.019465471488806259e+02 2.223157171500561580e-01 -2.816520304067215985e-02 1.375869345180262245e-03
1.389495494373135989e+04 1.019944362158175863e+02 2.656473597959039257e-01 -3.627841410867627125e-02 1.209480688129756492e-03
1.757510624854793059e+04 1.018859918953191936e+02 3.458923379892683836e-01 -4.442792210505530637e-02 3.400236797706837275e-03
2.222996482526195541e+04 1.019115395135738140e+02 2.935853833029579141e-01 -5.551697338493050138e-02 4.511564032227338011e-03
2.811768697974230963e+04 1.017952455059351990e+02 6.484370344789720519e-01 -7.233949078845247627e-02 4.148274260103212811e-03
3.556480306223128719e+04 1.017596322514411042e+02 7.835734694185165772e-01 -9.021806331039422533e-02 3.958732648620793756e-03
4.498432668969444057e+04 1.018894245021752454e+02 7.750645550274694040e-01 -1.157383237538566756e-01 1.444979169831449306e-02
5.689866029018304835e+04 1.006360143464323187e+02 2.202121637339780058e+00 -1.373305327953309174e-01 2.039470917776299227e-02
7.196856730011528998e+04 1.013617899532777358e+02 1.898015360348000780e+00 -1.781048571138631464e-01 1.627106818086669973e-02
9.102981779915226798e+04 1.000764171567849985e+02 3.202111148861048306e+00 -2.444211886592855265e-01 3.426565238087943971e-02
1.151395399326448096e+05 9.494554218918061395e+01 3.621845539637402300e+00 -2.779843291515473602e-01 2.684683844436020622e-02
1.456348477501244342e+05 9.355539066897864586e+01 3.005619053592633705e+00 -3.660169977522652052e-01 4.546332304424137438e-02
1.842069969326716382e+05 9.361756408013501130e+01 3.368633626048886942e+00 -4.225807149431706766e-01 3.462576387776195724e-02
2.329951810515371908e+05 8.966215842759694965e+01 2.054618986916508128e+00 -5.410546538218761192e-01 3.994459021036091129e-02
2.947051702551809722e+05 8.075548183489317466e+01 1.927869335149876573e+00 -6.495503691594831652e-01 1.379062520830474578e-02
3.727593720314938109e+05 7.334382849730189946e+01 1.418117290443658751e+00 -7.638204066902578582e-01 1.903727410617055138e-02
4.714866363457389525e+05 6.259206942972527088e+01 2.279800308082609472e+00 -8.570552028710436421e-01 2.623341336425242046e-02
5.963623316594636999e+05 5.492966789332058397e+01 1.862868037032157753e+00 -9.987377488417875648e-01 1.824094499807048936e-02
7.543120063354623271e+05 4.592494795698036114e+01 1.634837254602450773e+00 -1.108355265549450852e+00 1.737510628831192422e-02
9.540954763499944238e+05 3.911782106129629000e+01 2.759025436237858564e-01 -1.203977251434416917e+00 1.411327566264284142e-02
1.206792640639328863e+06 3.177289198743588372e+01 8.412567371978604269e-01 -1.305073858879438387e+00 2.039240050063462206e-02
1.526417967175233411e+06 2.599799299660847751e+01 9.691027013661823730e-01 -1.376153922294443888e+00 2.153389061182402545e-02
1.930697728883249685e+06 2.048723563316637808e+01 3.875939753061528603e-01 -1.444762178351026494e+00 1.120894440929203276e-02
2.442053094548649620e+06 1.675968505363881533e+01 6.322703723828205780e-01 -1.517424310032490453e+00 2.582041284565097725e-02
3.088843596477484796e+06 1.294196104441982165e+01 6.586553477669544465e-01 -1.612202130438499914e+00 5.040528012471751085e-02
3.906939937054621056e+06 1.030493394296799714e+01 2.695018750977469235e-01 -1.634115625595036869e+00 2.028970471398376663e-02
4.941713361323838122e+06 8.188520145325306032e+00 3.740013568111373865e-01 -1.681157524913090118e+00 3.973040381359847772e-02
6.250551925273976289e+06 6.638913010264976933e+00 2.696209465619652801e-01 -1.750178436074915744e+00 7.153268880652172146e-02
7.906043210907701403e+06 5.118842369215497179e+00 2.534403566080263848e-01 -1.879671382536298285e+00 8.106368468826788409e-02
1.000000000000000000e+07 4.074495619783766287e+00 1.456691054853093414e-01 -1.902031941899526846e+00 4.918387703357012669e-02
