1.000000000000000000e+02 1.454288210999003628e+00 2.085557702608485942e-01 -2.702893206283529803e-03 5.271717897196257809e-03
1.264855216855295765e+02 1.533809921120499187e+00 3.888305003733376016e-04 -5.692495034089195549e-04 5.091831379390698549e-04
1.599858719606057207e+02 1.533827207136242876e+00 6.040925504183332828e-04 -1.163978346866101354e-03 1.943984450092148394e-04
2.023589647725157477e+02 1.533915121022016548e+00 5.771390193210333306e-04 -1.441405349475677333e-03 1.987533142002263829e-04
2.559547922699535718e+02 1.533669673103608133e+00 5.898983284397243607e-04 -1.851339656125383648e-03 8.084316778518723149e-05
3.237457542817643343e+02 1.534302786474116997e+00 4.748304260914541991e-04 -2.331944563202126286e-03 1.634963016322389694e-04
4.094915062380427457e+02 1.533700037182876175e+00 4.408922005353648637e-04 -3.015035615470007535e-03 1.606498783801056976e-04
5.179474679231212804e+02 1.533921046070313654e+00 3.850188883014071415e-04 -3.830917976176184681e-03 2.551847928811544377e-04
6.551285568595509403e+02 1.533383002153037022e+00 5.455318014085523996e-04 -4.698379474027514213e-03 1.154540592093478699e-04
8.286427728546842673e+02 1.533779887295001920e+00 3.309283627535709155e-04 -5.871274223427702665e-03 8.632179518881586539e-05
1.048113134154685213e+03 1.533617325615124649e+00 3.718316333757063050e-04 -7.478975528152576047e-03 2.334233977183728206e-04
1.325711365590109608e+03 1.533746610627243268e+00 4.531722064692696910e-04 -9.425356550751606832e-03 1.685201601116322241e-04
1.676832936811008267e+03 1.533625544674359409e+00 3.242830572282237589e-04 -1.188647122723324179e-02 9.994369049596743939e-05
2.120950887920190326e+03 1.533129403033328453e+00 6.115050724428265118e-04 -1.518588521837949123e-02 4.122261700137079391e-04
2.682695795279727463e+03 1.533263642815120731e+00 2.397316118240951294e-04 -1.902431450490921216e-02 1.495931977241196046e-04
3.393221771895329766e+03 1.532972810760631965e+00 2.916760628483982968e-04 -2.416985429086199177e-02 1.928229604417612693e-04
4.291934260128778078e+03 1.532554446049183561e+00 3.720310645617775714e-04 -3.015267415137162788e-02 2.789390993941440861e-04
5.428675439323859791e+03 1.531981850928114675e+00 3.356979761060260663e-04 -3.816929918833222857e-02 4.033436089003553928e-04
6.866488450042998011e+03 1.531052818414415206e+00 2.112642352443976535e-04 -4.800132102215232122e-02 2.193503962664814801e-04
8.685113737513529486e+03 1.529803814990114974e+00 3.108801414827604354e-04 -6.087479747097290783e-02 4.264834469154228712e-04
1.098541141987557239e+04 1.527866329477295615e+00 1.019943537109208173e-03 -7.684889412290002442e-02 4.093410324195108927e-04
1.389495494373135989e+04 1.525171801005273498e+00 4.403470996134725311e-04 -9.681973158219298048e-02 6.949217362800130153e-04
1.757510624854793059e+04 1.520910259596212066e+00 2.825748383107768704e-04 -1.224538120113853323e-01 4.509691561256513187e-04
2.222996482526195541e+04 1.514195633305457811e+00 3.347826449463548338e-04 -1.532925654391097958e-01 7.230330182878771678e-04
2.811768697974230963e+04 1.503307298967308192e+00 8.842945851355684577e-04 -1.938247579472096582e-01 1.333454043803594408e-03
3.556480306223128719e+04 1.486360839001201528e+00 4.540581577615789965e-04 -2.436856541958559164e-01 3.854841037406546412e-04
4.498432668969444057e+04 1.462282143630082576e+00 6.630727992239714326e-03 -3.040446353019602421e-01 3.088005720875718497e-03
5.689866029018304835e+04 1.422794104997703535e+00 7.232673650921510496e-03 -3.825547535188589809e-01 2.782194448237349568e-03
7.196856730011528998e+04 1.365301358773428175e+00 4.085265005357778707e-03 -4.656391078369952474e-01 3.441009936192270489e-03
9.102981779915226798e+04 1.283972267695968394e+00 1.503805418286018568e-02 -5.646951836576159511e-01 8.374679298087023271e-03
1.151395399326448096e+05 1.184648424396886668e+00 1.048146106366644285e-02 -6.751150403880017414e-01 1.608775661961165532e-02
1.456348477501244342e+05 1.056774549260542262e+00 1.676162458211375925e-02 -7.846477321437890229e-01 1.320296619826833578e-02
1.842069969326716382e+05 9.237688104116350551e-01 1.635020564607019347e-02 -8.942529146461175582e-01 1.389080707400952228e-02
2.329951810515371908e+05 7.856334391017307794e-01 1.035853295423845750e-02 -9.996836640873199009e-01 1.107937689625500786e-02
2.947051702551809722e+05 6.544370792639651047e-01 7.359214591577068788e-03 -1.082790896644892475e+00 1.431926501491131293e-02
3.727593720314938109e+05 5.362060334576368437e-01 3.582122560256647582e-03 -1.160033966109201398e+00 9.145050738680379071e-03
4.714866363457389525e+05 4.372584284699105872e-01 4.044028282916366408e-03 -1.211844676838511381e+00 1.120593905102693424e-02
5.963623316594636999e+05 3.524204235659928464e-01 2.097152416190030920e-03 -1.234467219050993103e+00 1.862189125856443181e-02
7.543120063354623271e+05 2.814820698787106057e-01 1.891513479192267729e-03 -1.276711278974672403e+00 1.714752539231181525e-02
9.540954763499944238e+05 2.287462686138420631e-01 2.164960688253137703e-03 -1.266439363004695284e+00 1.856560648670071284e-02
1.206792640639328863e+06 1.826664763086183196e-01 1.488305777618317057e-03 -1.276789561131759454e+00 2.364205335435853178e-02
1.526417967175233411e+06 1.493955942780947344e-01 1.274529098553151907e-03 -1.240861294511527380e+00 2.609764490095359962e-02
1.930697728883249685e+06 1.231380904358716777e-01 1.528995845859681133e-03 -1.203656768754078454e+00 2.622036770649092963e-02
2.442053094548649620e+06 1.022742632948483998e-01 2.072879662642741153e-03 -1.178254495728679796e+00 4.232849271540296138e-02
3.088843596477484796e+06 8.581682674418388002e-02 7.294111058435689488e-04 -1.167414672032844436e+00 1.896936682263913876e-02
3.906939937054621056e+06 7.439390479606164397e-02 5.886928091369784824e-04 -1.142639138059711401e+00 2.066786282962071453e-02
4.941713361323838122e+06 6.511604534832639291e-02 4.917762532748064849e-04 -1.133584418508806868e+00 9.587281143551130633e-03
6.250551925273976289e+06 5.715765173672900101e-02 5.976680268441283582e-04 -1.170902357654565851e+00 1.269977741310108175e-02
7.906043210907701403e+06 4.969752097870593771e-02 4.979352190961429435e-04 -1.253886521487239003e+00 2.776024527450352691e-02
1.000000000000000000e+07 4.305354655978053946e-02 1.510007681809933007e-03 -1.403254589228233762e+00 1.252381376837825334e-02
