1.000000000000000000e+02 8.401926442899201319e-01 2.730902808936059301e-01 2.468158210705311828e-01 6.655070703619276884e-01
1.264855216855295765e+02 9.375681681999965544e-01 1.360925904344453125e-02 -3.725557561870096457e-03 3.605532974715434501e-03
1.599858719606057207e+02 9.410446048039289302e-01 1.178818095994486892e-02 -2.353074483103845260e-03 1.896314123266734132e-03
2.023589647725157477e+02 9.370519616895656156e-01 9.465102890377500439e-03 -8.499530515701514410e-04 6.391107914317845431e-03
2.559547922699535718e+02 9.416056072976437541e-01 1.613294441822618261e-02 -4.002773937775039315e-03 4.697945188895749982e-03
3.237457542817643343e+02 9.344520841324317484e-01 1.908657585565435438e-02 -8.898483951671254388e-03 2.661751787597022283e-03
4.094915062380427457e+02 9.300384804505215097e-01 2.974239573952961249e-02 -1.193454489024214915e-02 7.587797228833671921e-03
5.179474679231212804e+02 9.407395190980745170e-01 1.530201875410238353e-02 -1.298764022156673192e-02 5.435512396441306848e-03
6.551285568595509403e+02 9.406544643118530669e-01 5.132105193904574342e-03 -1.308826876952118301e-02 5.409792218429596532e-03
8.286427728546842673e+02 9.399329844547372748e-01 1.075987288095964396e-02 -1.797259640912107770e-02 2.993264007277217278e-03
1.048113134154685213e+03 9.382547888480992082e-01 9.770254601323162189e-03 -2.274293053279430321e-02 1.596027522125753953e-03
1.325711365590109608e+03 9.353726651351246257e-01 1.845988150150693063e-02 -2.986948972826664050e-02 9.965900821933234340e-04
1.676832936811008267e+03 9.378099670101386343e-01 2.023970565791820969e-02 -3.723450065815758769e-02 8.384172545308413290e-04
2.120950887920190326e+03 9.419753963929813345e-01 1.644440456423569563e-02 -4.701996275290110106e-02 7.883101587733500103e-04
2.682695795279727463e+03 9.428801183768760197e-01 1.345085129691770201e-02 -5.963140931374422138e-02 1.668952505799815031e-03
3.393221771895329766e+03 9.393882241331805716e-01 1.268543926285353382e-02 -7.525759507223273026e-02 1.337593993243016031e-03
4.291934260128778078e+03 9.385173881634388815e-01 1.215025495219743124e-02 -9.528262253698926987e-02 8.413880281178301012e-04
5.428675439323859791e+03 9.366964630011103132e-01 1.057638170454658529e-02 -1.188199472480702124e-01 1.827030625169642503e-03
6.866488450042998011e+03 9.262742722486686509e-01 2.080003114765755640e-02 -1.503007881910647381e-01 7.623077368149328969e-04
8.685113737513529486e+03 9.235843746048080227e-01 1.158697476172471617e-02 -1.895360970444838200e-01 2.233345212253308974e-03
1.098541141987557239e+04 9.199416496673252785e-01 1.082139213577971298e-02 -2.377591519660995356e-01 1.320831602065921165e-03
1.389495494373135989e+04 9.145526206185754514e-01 4.039563913895290875e-02 -3.015961750647441764e-01 1.281100317374002200e-02
1.757510624854793059e+04 8.751345749370063043e-01 2.135574174160494859e-02 -3.690365592957938756e-01 2.798613279374444728e-03
2.222996482526195541e+04 8.682901510455358629e-01 1.164806725030118235e-02 -4.540757239191157146e-01 2.823403077908966542e-03
2.811768697974230963e+04 8.314543180773912301e-01 8.920608183568158947e-03 -5.498479611763857910e-01 7.266929492005811189e-03
3.556480306223128719e+04 7.751018814799894852e-01 2.317556307987381214e-02 -6.565487713571549477e-01 3.247811707775353704e-03
4.498432668969444057e+04 7.248122922690118930e-01 1.186019948836688175e-02 -7.648841324020647647e-01 1.018887637264420144e-02
5.689866029018304835e+04 6.709938326029961653e-01 1.401377063793920845e-02 -8.818666794699281386e-01 1.293442196013613182e-02
7.196856730011528998e+04 5.947329642105317893e-01 7.884230089380543649e-03 -9.753992041504426780e-01 2.118235682035100875e-02
9.102981779915226798e+04 5.201060412581972603e-01 2.139814537018538965e-02 -1.067304643515259555e+00 2.855942794458228573e-02
1.151395399326448096e+05 4.608948136134076723e-01 1.470052370438438595e-02 -1.128055982538839208e+00 4.415433393396323014e-02
1.456348477501244342e+05 3.990481564896691813e-01 1.603665171956797711e-02 -1.172730872806984959e+00 2.575928219317575804e-02
1.842069969326716382e+05 3.355905415448197648e-01 1.624255772672252365e-02 -1.180512786919333923e+00 4.733228665201134888e-02
2.329951810515371908e+05 2.691285559064503508e-01 8.342053831503449743e-03 -1.207076012682076538e+00 5.556870764742791180e-02
2.947051702551809722e+05 2.153419076179751701e-01 6.565595195186079563e-03 -1.240231860225230243e+00 4.592444543385660466e-02
3.727593720314938109e+05 1.716459623066032836e-01 4.436494061754396763e-03 -1.225012151126523730e+00 3.990715822972220467e-02
4.714866363457389525e+05 1.411490159963771085e-01 6.024042730174158401e-03 -1.178217483575077384e+00 6.918832449157304165e-02
5.963623316594636999e+05 1.159036967279751251e-01 6.024450017368042538e-03 -1.108005516980522298e+00 8.294478791071044355e-02
7.543120063354623271e+05 9.423349631573672835e-02 2.314165546824471960e-03 -1.078297432016188440e+00 4.986545135543708762e-02
9.540954763499944238e+05 7.986630924950904875e-02 4.132807395723879507e-03 -1.006917357780500621e+00 5.723591751989740711e-02
1.206792640639328863e+06 7.072344200996086294e-02 2.634090823824754030e-03 -8.928092977584196621e-01 4.871405319629783237e-02
1.526417967175233411e+06 6.296958123816225050e-02 3.376923573807958604e-03 -8.256676605312258665e-01 5.315785935671085011e-02
1.930697728883249685e+06 5.459226473066380869e-02 2.088814961008587413e-03 -7.949736572080225994e-01 3.775277307547798139e-02
2.442053094548649620e+06 5.343895948838677662e-02 1.782856178477403410e-03 -6.978875483868451912e-01 2.064045899226034028e-02
3.088843596477484796e+06 5.042661426806879787e-02 2.049519942216468556e-03 -6.640522195310332165e-01 2.716177700537762002e-02
3.906939937054621056e+06 4.811220223506956772e-02 1.132435385529213367e-03 -6.669307142255871401e-01 2.197607320591257046e-02
4.941713361323838122e+06 4.406218428380456048e-02 7.821987698188509258e-04 -7.259570292054620122e-01 1.783606507023199200e-02
6.250551925273976289e+06 4.158157253296582145e-02 1.092908114218179043e-03 -7.766026221568613774e-01 2.161568721837564544e-02
7.906043210907701403e+06 3.778310356350282617e-02 9.476263102941571460e-04 -8.646007852799149074e-01 3.688017450648864437e-02
1.000000000000000000e+07 3.095942338673296490e-02 9.275407581592902580e-04 -1.076629760796616875e+00 1.394289444811225472e-02
