2.657824861566125772e-03 -1.905452963885184746e-03
2.928629877528994216e-02 -1.334194160317921617e-03
5.755850564665102725e-02 -1.651560162299734900e-03
9.036011000127930348e-02 -2.132620207409008373e-03
1.199107758396916051e-01 -2.022377280404799756e-03
1.499362978658657641e-01 -2.456667598906227615e-03
1.798522376948641366e-01 -3.178257666570138366e-03
2.108639994956207075e-01 -3.632592153617786052e-03
2.381134391933408534e-01 -3.799626891502949980e-03
2.692713105903318249e-01 -4.153740535819499397e-03
2.983105928419235719e-01 -4.474447232559015768e-03
3.312948341918448558e-01 -4.751724897448388746e-03
3.616125754104879131e-01 -5.396478985685123492e-03
3.915285152394862855e-01 -5.830769304186552218e-03
4.193623933221440891e-01 -6.174860864229991288e-03
4.498262441370215470e-01 -6.572403540396683230e-03
4.787924715904960937e-01 -7.474391124976571127e-03
5.087449388185530941e-01 -7.935407001539624555e-03
5.391357348353134071e-01 -8.510006499864589471e-03
5.699283322417182385e-01 -8.737173743388415917e-03
5.997712172725992996e-01 -8.847416670392621932e-03
6.290296639185430916e-01 -9.552303264268017027e-03
6.598222613249477009e-01 -1.019371665774705150e-02
6.919298450974625814e-01 -1.068813948188713191e-02
7.214074561377575856e-01 -1.128946453827372846e-02
7.500449369997047588e-01 -1.137632260197401178e-02
7.791572740494139282e-01 -1.167698513016730659e-02
8.115205496153388154e-01 -1.219813351236902384e-02
8.400484482801101604e-01 -1.356447766826966890e-02
8.695625867194637371e-01 -1.333731042474584592e-02
8.994054717503449092e-01 -1.403217493434812460e-02
9.292483567812261924e-01 -1.463349999073472116e-02
9.616116323471510796e-01 -1.513794489914791798e-02
9.895550926269847114e-01 -1.596643719905833231e-02
1.023014190164668102e+00 -1.609338359985105354e-02
1.050994177843560307e+00 -1.663457615059898975e-02
1.078974165522451845e+00 -1.713233966949678083e-02
1.108743995755216316e+00 -1.783054487385677192e-02
1.140668942532437891e+00 -1.835169325605848570e-02
1.168101019225451065e+00 -1.889288580680641497e-02
1.198857089232797213e+00 -1.943073766279664397e-02
1.229138303052381920e+00 -1.995522673975606148e-02
1.261684215613599891e+00 -1.975478505429386494e-02
1.293170833602118153e+00 -2.070354236548160171e-02
1.321369985675362457e+00 -2.089730266142839424e-02
1.351724254293063865e+00 -2.154205674966512205e-02
1.381165337934300519e+00 -2.201977610001669763e-02
1.409620181800954386e+00 -2.280149867331926483e-02
1.442531368352758303e+00 -2.361662819419886594e-02
1.467552636707903480e+00 -2.371016764741456367e-02
1.502180611015462297e+00 -2.461549592675215184e-02
1.530014489098119990e+00 -2.516336986701549552e-02
1.560514867312055909e+00 -2.512996291943845814e-02
1.589663731760823762e+00 -2.621902941044973109e-02
1.618191630425594774e+00 -2.705754379463326184e-02
1.648947700432941366e+00 -2.674351848740914514e-02
1.678461838872294942e+00 -2.783592567317811836e-02
1.710459840447633439e+00 -2.766220954577754826e-02
1.739426067901108652e+00 -2.831030432877198327e-02
1.772410309251029714e+00 -2.933589761938690255e-02
1.801266954507328544e+00 -2.989379364392335051e-02
1.830634983350447831e+00 -3.055859190070629727e-02
1.857738313451934076e+00 -3.065213135392199501e-02
1.889626732830096190e+00 -3.139376559013212081e-02
1.920565439832736088e+00 -3.142049114819375072e-02
1.951796366027844565e+00 -3.274340627224425065e-02
1.980397319490732722e+00 -3.333136854960003226e-02
2.011482136089606243e+00 -3.374561469955524029e-02
2.040704055336490796e+00 -3.392935291122892161e-02
2.069451118395614575e+00 -3.476452660065474515e-02
2.102800633736122027e+00 -3.484470327483962793e-02
2.127054826711036295e+00 -3.593376976585089394e-02
2.158285752906143884e+00 -3.605069408237051437e-02
2.192183179232530588e+00 -3.652841343272207608e-02
2.220491913502950609e+00 -3.703285834113528158e-02
2.251978531491468871e+00 -3.840588388655133412e-02
2.282040580916701256e+00 -3.867313946716758460e-02
2.312869705722164770e+00 -3.899050546914940851e-02
2.341178439992584792e+00 -3.992924069606403753e-02
2.371678818206520933e+00 -4.020651836095340964e-02
2.402215723819515869e+00 -4.069425979557809298e-02
2.432241245845689903e+00 -4.081118411209769259e-02
2.460257760923640458e+00 -4.134903596808792853e-02
2.491561741916866080e+00 -4.310958210539757307e-02
2.523377106496912159e+00 -4.283564513526588735e-02
2.549640306420049463e+00 -4.317973669530933423e-02
2.581930527187857649e+00 -4.384119425733457726e-02
2.611700357420621010e+00 -4.461623544112174738e-02
2.641908516442088573e+00 -4.480999573706853645e-02
2.671934038468263495e+00 -4.570196123737530619e-02
2.700534991931151207e+00 -4.638346296794678553e-02
2.731729390727200446e+00 -4.626653865142717897e-02
2.762156714143019443e+00 -4.736562722671156661e-02
2.791670852582372575e+00 -4.770971878675500655e-02
2.818956819679152570e+00 -4.848810066529986307e-02
2.851685369235663181e+00 -4.884889569913181129e-02
2.882039637853364145e+00 -4.969075077807303537e-02
2.909325604950144140e+00 -4.974420189419630212e-02
2.940775695539603163e+00 -5.020521777075936248e-02
2.956007620947041836e+00 -5.091678575415015812e-02
2.957030388120683195e+00 -5.123415175613195427e-02
