# Acquisizione Analog Discovery 2
# Timestamp 2024-10-03 10:01:30
# time	ch1	ch2
-4.761999999999999567e-02	7.151262176260827497e-01	6.827640013431462811e-03
-4.752475999999999229e-02	6.212921074222553797e-01	6.827640013431462811e-03
-4.742951999999999585e-02	5.244092355150546947e-01	5.808528880891519752e-03
-4.733427999999999247e-02	4.312526279119770489e-01	5.468825170044871488e-03
-4.723903999999999603e-02	3.374185177081497344e-01	5.468825170044871488e-03
-4.714379999999999266e-02	2.408743971013238283e-01	4.110010326658280165e-03
-4.704855999999999622e-02	1.470402868974965138e-01	2.071788061578392747e-03
-4.695331999999999284e-02	5.185117149216990351e-02	-1.325249046888086210e-03
-4.685807999999999640e-02	-4.401544651390636165e-02	-9.855453360414383798e-04
-4.676283999999999302e-02	-1.398820645199826129e-01	-3.061379143481425557e-04
-4.666759999999999659e-02	-2.354099312256840715e-01	7.129732181918010990e-04
-4.657235999999999321e-02	-3.343253109351337904e-01	-6.458416251947904406e-04
-4.647711999999999677e-02	-4.278206698385862428e-01	7.129732181918010990e-04
-4.638187999999999339e-02	-5.243647904454122877e-01	3.732695073451532141e-04
-4.628663999999999695e-02	-6.161663928469905960e-01	-1.664952757734734041e-03
-4.619139999999999358e-02	-7.137267673549410052e-01	-4.722286155354565168e-03
-4.609615999999999714e-02	-8.109483905625165523e-01	-7.100212131281100417e-03
-4.600091999999999376e-02	-9.108800241730907743e-01	-9.817841818054283062e-03
-4.590567999999999732e-02	-1.005391636977667646e+00	-1.185606408313417091e-02
-4.581043999999999394e-02	9.041494432352366051e-01	4.110010326658280165e-03
-4.571519999999999750e-02	8.126865921340331589e-01	3.770306615811631901e-03
-4.561995999999999413e-02	7.134324611242085501e-01	5.808528880891519752e-03
-4.552471999999999769e-02	6.206146048215057665e-01	6.827640013431462811e-03
-4.542947999999999431e-02	5.284742511195525960e-01	4.110010326658280165e-03
-4.533423999999999787e-02	4.322688818131015243e-01	4.789417748351575826e-03
-4.523899999999999449e-02	3.367410151074001212e-01	3.770306615811631901e-03
-4.514375999999999806e-02	2.415518997020734693e-01	3.090899194118336239e-03
-4.504851999999999468e-02	1.460240329963720385e-01	1.732084350731744700e-03
-4.495327999999999824e-02	5.320617669366922015e-02	3.732695073451532141e-04
-4.485803999999999486e-02	-4.435419781428118907e-02	-6.458416251947904406e-04
-4.476279999999999842e-02	-1.412370697214819226e-01	-3.061379143481425557e-04
-4.466755999999999505e-02	-2.347324286249344027e-01	7.129732181918010990e-04
-4.457231999999999167e-02	-3.319540518325099776e-01	3.732695073451532141e-04
-4.447707999999999523e-02	-4.251106594355876234e-01	-3.061379143481425557e-04
-4.438183999999999185e-02	-5.202997748409142753e-01	3.356579649850532920e-05
-4.428659999999999541e-02	-6.178601493488646845e-01	-3.023767601121325581e-03
-4.419135999999999204e-02	-7.110167569519423303e-01	-5.741397287894509094e-03
-4.409611999999999560e-02	-8.102708879617669391e-01	-7.100212131281100417e-03
-4.400087999999999222e-02	-9.078312624697173483e-01	-9.817841818054283062e-03
-4.390563999999999578e-02	-1.003020377875043945e+00	-1.185606408313417091e-02
-4.381039999999999240e-02	9.102469666419834571e-01	3.430602904964984070e-03
-4.371515999999999597e-02	8.153966025370317228e-01	5.468825170044871488e-03
-4.361991999999999259e-02	7.178362280290813136e-01	6.148232591738167149e-03
-4.352467999999999615e-02	6.243408691256288057e-01	6.827640013431462811e-03
-4.342943999999999277e-02	5.288130024199274581e-01	7.167343724278111075e-03
-4.333419999999999633e-02	4.349788922161001437e-01	6.827640013431462811e-03
-4.323895999999999296e-02	3.367410151074001212e-01	5.129121459198223223e-03
-4.314371999999999652e-02	2.425681536031979724e-01	2.751195483271688409e-03
-4.304847999999999314e-02	1.473790381978713482e-01	1.052676929038449038e-03
-4.295323999999999670e-02	5.117366889142024866e-02	1.052676929038449038e-03
-4.285799999999999332e-02	-4.435419781428118907e-02	7.129732181918010990e-04
-4.276275999999999688e-02	-1.388658106188581376e-01	-9.855453360414383798e-04
-4.266751999999999351e-02	-2.320224182219357834e-01	7.129732181918010990e-04
-4.257227999999999707e-02	-3.312765492317603089e-01	-3.061379143481425557e-04
-4.247703999999999369e-02	-4.261269133367120987e-01	-3.061379143481425557e-04
-4.238179999999999725e-02	-5.209772774416639995e-01	-2.004656468581382089e-03
-4.228655999999999388e-02	-6.154888902462408717e-01	-2.344360179428029919e-03
-4.219131999999999744e-02	-7.123717621534416677e-01	-5.061989866201212565e-03
-4.209607999999999406e-02	-8.095933853610172148e-01	-8.459026974667691740e-03
-4.200083999999999762e-02	-9.078312624697173483e-01	-1.083695295059422699e-02
-4.190559999999999424e-02	-9.989553622705460434e-01	-1.185606408313417091e-02
-4.181035999999999780e-02	9.078757075393597553e-01	2.411491772425040578e-03
-4.171511999999999443e-02	8.137028460351576342e-01	5.129121459198223223e-03
-4.161987999999999799e-02	7.178362280290813136e-01	5.129121459198223223e-03
-4.152463999999999461e-02	6.260346256275030052e-01	5.808528880891519752e-03
-4.142939999999999817e-02	5.301680076214266846e-01	6.487936302584815414e-03
-4.133415999999999479e-02	4.356563948168498124e-01	4.789417748351575826e-03
-4.123891999999999836e-02	3.397897768107735472e-01	4.110010326658280165e-03
-4.114367999999999498e-02	2.418906510024483036e-01	4.110010326658280165e-03
-4.104843999999999854e-02	1.463627842967468728e-01	1.732084350731744700e-03
-4.095319999999999516e-02	5.015741499029576639e-02	2.411491772425040578e-03
-4.085795999999999872e-02	-3.419165880303635940e-02	-1.325249046888086210e-03
-4.076271999999999535e-02	-1.378495567177336623e-01	2.071788061578392747e-03
-4.066747999999999891e-02	-2.350711799253092371e-01	3.356579649850532920e-05
-4.057223999999999553e-02	-3.302602953306358335e-01	3.732695073451532141e-04
-4.047699999999999215e-02	-4.254494107359624855e-01	1.052676929038449038e-03
-4.038175999999999571e-02	-5.216547800424136128e-01	-1.325249046888086210e-03
-4.028651999999999234e-02	-6.178601493488646845e-01	-2.004656468581382089e-03
-4.019127999999999590e-02	-7.133880160545661431e-01	-5.401693577047860829e-03
-4.009603999999999252e-02	-8.078996288591431263e-01	-6.420804709587804755e-03
-4.000079999999999608e-02	-9.044437494659690602e-01	-1.083695295059422699e-02
-3.990555999999999270e-02	-9.959066005671725064e-01	-1.389428634821405877e-02
-3.981031999999999627e-02	9.082144588397345064e-01	2.751195483271688409e-03
-3.971507999999999289e-02	8.137028460351576342e-01	3.770306615811631901e-03
-3.961983999999999645e-02	7.181749793294561757e-01	6.148232591738167149e-03
-3.952459999999999307e-02	6.236633665248791925e-01	6.148232591738167149e-03
-3.942935999999999663e-02	5.298292563210519335e-01	4.789417748351575826e-03
-3.933411999999999326e-02	4.332851357142259996e-01	4.789417748351575826e-03
-3.923887999999999682e-02	3.384347716092742098e-01	3.090899194118336239e-03
-3.914363999999999344e-02	2.446006614054469230e-01	1.732084350731744700e-03
-3.904839999999999700e-02	1.494115460001203266e-01	7.129732181918010990e-04
-3.895315999999999362e-02	5.354492799404404757e-02	-6.458416251947904406e-04
-3.885791999999999718e-02	-4.232169001203222453e-02	-3.061379143481425557e-04
-3.876267999999999381e-02	-1.368333028166091869e-01	3.356579649850532920e-05
-3.866743999999999737e-02	-2.323611695223106177e-01	3.732695073451532141e-04
-3.857219999999999399e-02	-3.285665388287616895e-01	-6.458416251947904406e-04
-3.847695999999999755e-02	-4.237556542340883414e-01	7.129732181918010990e-04
-3.838171999999999418e-02	-5.192835209397898000e-01	-3.061379143481425557e-04
-3.828647999999999774e-02	-6.151501389458661206e-01	-2.004656468581382089e-03
-3.819123999999999436e-02	-7.103392543511927171e-01	-4.042878733661269507e-03
-3.809599999999999792e-02	-8.041733645550199761e-01	-8.459026974667691740e-03
-3.800075999999999454e-02	-9.047825007663438113e-01	-8.798730685514339137e-03
-3.790551999999999810e-02	-9.992941135709207945e-01	-1.253547150482746571e-02
-3.781027999999999473e-02	9.088919614404842306e-01	3.430602904964984070e-03
-3.771503999999999829e-02	8.153966025370317228e-01	6.487936302584815414e-03
-3.761979999999999491e-02	7.191912332305806510e-01	5.808528880891519752e-03
-3.752455999999999847e-02	6.273896308290023427e-01	5.129121459198223223e-03
-3.742931999999999509e-02	5.318617641233008841e-01	5.129121459198223223e-03
-3.733407999999999866e-02	4.356563948168498124e-01	3.430602904964984070e-03
-3.723883999999999528e-02	3.401285281111483538e-01	4.449714037504927562e-03
-3.714359999999999884e-02	2.473106718084455424e-01	2.751195483271688409e-03
-3.704835999999999546e-02	1.504277999012448019e-01	2.071788061578392747e-03
-3.695311999999999902e-02	5.456118189516852984e-02	3.356579649850532920e-05
-3.685787999999999565e-02	-4.198293871165739710e-02	3.732695073451532141e-04
-3.676263999999999921e-02	-1.351395463147350429e-01	3.732695073451532141e-04
-3.666739999999999583e-02	-2.303286617200616393e-01	7.129732181918010990e-04
-3.657215999999999245e-02	-3.238240206235141194e-01	-1.325249046888086210e-03
-3.647691999999999601e-02	-4.244331568348379546e-01	-3.061379143481425557e-04
-3.638167999999999264e-02	-5.162347592364163740e-01	-3.061379143481425557e-04
-3.628643999999999620e-02	-6.134563824439919211e-01	-2.344360179428029919e-03
-3.619119999999999282e-02	-7.103392543511927171e-01	-5.061989866201212565e-03
-3.609595999999999638e-02	-8.078996288591431263e-01	-7.100212131281100417e-03
-3.600071999999999300e-02	-9.037662468652193359e-01	-1.015754552890093046e-02
-3.590547999999999657e-02	-1.005052885677292895e+00	-1.287517521567411484e-02
-3.581023999999999319e-02	9.126182257446072699e-01	4.110010326658280165e-03
-3.571499999999999675e-02	8.164128564381561981e-01	4.110010326658280165e-03
-3.561975999999999337e-02	7.212237410328296017e-01	4.110010326658280165e-03
-3.552451999999999693e-02	6.256958743271281431e-01	5.129121459198223223e-03
-3.542927999999999356e-02	5.305067589218015467e-01	6.827640013431462811e-03
-3.533403999999999712e-02	4.353176435164750058e-01	4.449714037504927562e-03
-3.523879999999999374e-02	3.441935437156463107e-01	1.732084350731744700e-03
-3.514355999999999730e-02	2.483269257095700455e-01	3.430602904964984070e-03
-3.504831999999999392e-02	1.494115460001203266e-01	1.052676929038449038e-03
-3.495307999999999748e-02	5.523868449591818469e-02	-6.458416251947904406e-04
-3.485783999999999411e-02	-4.096668481053291483e-02	-3.061379143481425557e-04
-3.476259999999999767e-02	-1.348007950143602085e-01	3.356579649850532920e-05
-3.466735999999999429e-02	-2.306674130204364737e-01	-3.061379143481425557e-04
-3.457211999999999785e-02	-3.272115336272624075e-01	-3.061379143481425557e-04
-3.447687999999999447e-02	-4.217231464318393352e-01	-1.664952757734734041e-03
-3.438163999999999804e-02	-5.213160287420387506e-01	-1.325249046888086210e-03
-3.428639999999999466e-02	-6.134563824439919211e-01	-2.684063890274677750e-03
-3.419115999999999822e-02	-7.076292439481940422e-01	-5.061989866201212565e-03
-3.409591999999999484e-02	-8.034958619542703628e-01	-7.100212131281100417e-03
-3.400067999999999840e-02	-9.013949877625956342e-01	-1.049724923974757959e-02
-3.390543999999999503e-02	-1.005391636977667646e+00	-1.355458263736740963e-02
-3.381019999999999859e-02	9.132957283453569941e-01	5.468825170044871488e-03
-3.371495999999999521e-02	8.174291103392806734e-01	5.129121459198223223e-03
-3.361971999999999877e-02	7.225787462343289391e-01	4.449714037504927562e-03
-3.352447999999999539e-02	6.263733769278778674e-01	5.129121459198223223e-03
-3.342923999999999896e-02	5.335555206251749727e-01	6.827640013431462811e-03
-3.333399999999999558e-02	4.380276539194736252e-01	4.789417748351575826e-03
-3.323875999999999914e-02	3.428385385141469732e-01	4.449714037504927562e-03
-3.314351999999999576e-02	2.486656770099448799e-01	3.090899194118336239e-03
-3.304827999999999932e-02	1.524603077034937804e-01	1.052676929038449038e-03
-3.295303999999999595e-02	5.422243059479370242e-02	2.071788061578392747e-03
-3.285779999999999951e-02	-4.062793351015808740e-02	-3.061379143481425557e-04
-3.276255999999999613e-02	-1.358170489154846838e-01	-3.061379143481425557e-04
-3.266731999999999969e-02	-2.282961539178126886e-01	-6.458416251947904406e-04
-3.257207999999999631e-02	-3.268727823268875454e-01	3.356579649850532920e-05
-3.247683999999999294e-02	-4.196906386295903846e-01	3.356579649850532920e-05
-3.238159999999999650e-02	-5.179285157382904625e-01	-9.855453360414383798e-04
-3.228635999999999312e-02	-6.107463720409933572e-01	-5.061989866201212565e-03
-3.219111999999999668e-02	-7.076292439481940422e-01	-6.760508420434452152e-03
-3.209587999999999330e-02	-8.028183593535206386e-01	-8.798730685514339137e-03
-3.200063999999999687e-02	-9.027499929640948606e-01	-1.049724923974757959e-02
-3.190539999999999349e-02	-1.000649118772420021e+00	-1.253547150482746571e-02
-3.181015999999999705e-02	9.132957283453569941e-01	2.751195483271688409e-03
-3.171491999999999367e-02	8.177678616396555356e-01	4.449714037504927562e-03
-3.161967999999999723e-02	7.219012436335792149e-01	1.565993649544430641e-02
-3.152443999999999386e-02	6.270508795286274806e-01	-4.722286155354565168e-03
-3.142919999999999742e-02	5.349105258266743101e-01	1.732084350731744700e-03
-3.133395999999999404e-02	4.393826591209729071e-01	4.789417748351575826e-03
-3.123871999999999760e-02	3.469035541186449301e-01	3.430602904964984070e-03
-3.114347999999999769e-02	2.469719205080707358e-01	3.430602904964984070e-03
-3.104823999999999778e-02	1.507665512016196363e-01	1.052676929038449038e-03
-3.095299999999999788e-02	5.625493839704266696e-02	3.732695073451532141e-04
-3.085775999999999797e-02	-3.825667440753428850e-02	3.356579649850532920e-05
-3.076251999999999806e-02	-1.348007950143602085e-01	1.392380639885096869e-03
-3.066727999999999815e-02	-2.306674130204364737e-01	1.052676929038449038e-03
-3.057203999999999824e-02	-3.261952797261379322e-01	7.129732181918010990e-04
-3.047679999999999834e-02	-4.217231464318393352e-01	1.052676929038449038e-03
-3.038155999999999496e-02	-5.155572566356667608e-01	-3.061379143481425557e-04
-3.028631999999999505e-02	-6.124401285428674457e-01	-1.664952757734734041e-03
-3.019107999999999514e-02	-7.096617517504429928e-01	-3.703175022814621242e-03
-3.009583999999999523e-02	-8.048508671557697003e-01	-6.760508420434452152e-03
-3.000059999999999533e-02	-9.007174851618459099e-01	-1.049724923974757959e-02
-2.990535999999999542e-02	-1.003359129175418696e+00	-1.253547150482746571e-02
-2.981011999999999551e-02	9.156669874479808069e-01	3.770306615811631901e-03
-2.971487999999999560e-02	8.184453642404051488e-01	4.789417748351575826e-03
-2.961963999999999569e-02	7.239337514358281656e-01	5.129121459198223223e-03
-2.952439999999999579e-02	6.328096516349995815e-01	4.449714037504927562e-03
-2.942915999999999588e-02	5.349105258266743101e-01	6.148232591738167149e-03
-2.933391999999999597e-02	4.403989130220973824e-01	7.167343724278111075e-03
-2.923867999999999606e-02	3.472423054190197367e-01	2.751195483271688409e-03
-2.914343999999999615e-02	2.486656770099448799e-01	2.071788061578392747e-03
-2.904819999999999625e-02	1.521215564031189460e-01	1.392380639885096869e-03
-2.895295999999999634e-02	5.693244099779232181e-02	3.732695073451532141e-04
-2.885771999999999643e-02	-3.961167960903359819e-02	1.052676929038449038e-03
-2.876247999999999652e-02	-1.334457898128608988e-01	1.052676929038449038e-03
-2.866723999999999661e-02	-2.276186513170630199e-01	7.129732181918010990e-04
-2.857199999999999671e-02	-3.255177771253882635e-01	-2.004656468581382089e-03
-2.847675999999999680e-02	-4.200293899299651912e-01	-9.855453360414383798e-04
-2.838151999999999689e-02	-5.158960079360415119e-01	-3.061379143481425557e-04
-2.828627999999999698e-02	-6.093913668394940197e-01	-2.684063890274677750e-03
-2.819103999999999707e-02	-7.076292439481940422e-01	-4.382582444507916904e-03
-2.809579999999999717e-02	-7.994308463497724615e-01	-7.779619552974395211e-03
-2.800055999999999726e-02	-9.000399825610962967e-01	-1.083695295059422699e-02
-2.790531999999999735e-02	-1.003697880475793669e+00	-1.117665666144087439e-02
-2.781007999999999744e-02	9.149894848472310827e-01	5.129121459198223223e-03
-2.771483999999999753e-02	8.208166233430289616e-01	4.110010326658280165e-03
-2.761959999999999762e-02	7.235950001354534145e-01	5.468825170044871488e-03
-2.752435999999999772e-02	6.284058847301268180e-01	5.129121459198223223e-03
-2.742911999999999781e-02	5.352492771270491723e-01	5.468825170044871488e-03
-2.733387999999999790e-02	4.387051565202232384e-01	5.468825170044871488e-03
-2.723863999999999799e-02	3.441935437156463107e-01	3.090899194118336239e-03
-2.714339999999999808e-02	2.493431796106945209e-01	2.071788061578392747e-03
-2.704815999999999818e-02	1.534765616046182557e-01	3.732695073451532141e-04
-2.695291999999999827e-02	5.828744619929163151e-02	2.071788061578392747e-03
-2.685767999999999836e-02	-3.757917180678463365e-02	-6.458416251947904406e-04
-2.676243999999999845e-02	-1.344620437139853741e-01	3.356579649850532920e-05
-2.666719999999999854e-02	-2.276186513170630199e-01	7.129732181918010990e-04
-2.657195999999999864e-02	-3.207752589201406934e-01	-1.325249046888086210e-03
-2.647671999999999873e-02	-4.186743847284659092e-01	3.732695073451532141e-04
-2.638147999999999535e-02	-5.131859975330429480e-01	-9.855453360414383798e-04
-2.628623999999999544e-02	-6.107463720409933572e-01	-1.325249046888086210e-03
-2.619099999999999553e-02	-7.066129900470695668e-01	-3.363471311967973412e-03
-2.609575999999999563e-02	-8.007858515512716879e-01	-7.779619552974395211e-03
-2.600051999999999572e-02	-8.993624799603465725e-01	-1.083695295059422699e-02
-2.590527999999999581e-02	-1.003359129175418696e+00	-1.355458263736740963e-02
-2.581003999999999590e-02	9.180382465506045087e-01	3.090899194118336239e-03
-2.571479999999999599e-02	8.211553746434038237e-01	5.808528880891519752e-03
-2.561955999999999609e-02	7.252887566373275030e-01	6.487936302584815414e-03
-2.552431999999999618e-02	6.314546464335002440e-01	5.468825170044871488e-03
-2.542907999999999627e-02	5.352492771270491723e-01	5.129121459198223223e-03
-2.533383999999999636e-02	4.376889026190987630e-01	5.468825170044871488e-03
-2.523859999999999645e-02	3.452097976167707860e-01	5.468825170044871488e-03
-2.514335999999999655e-02	2.496819309110693552e-01	3.430602904964984070e-03
-2.504811999999999664e-02	1.555090694068672341e-01	1.732084350731744700e-03
-2.495287999999999673e-02	5.727119229816714924e-02	1.392380639885096869e-03
-2.485763999999999682e-02	-3.520791270416084168e-02	-3.061379143481425557e-04
-2.476239999999999691e-02	-1.300582768091126107e-01	1.052676929038449038e-03
-2.466715999999999701e-02	-2.276186513170630199e-01	3.732695073451532141e-04
-2.457191999999999710e-02	-3.228077667223896441e-01	1.052676929038449038e-03
-2.447667999999999719e-02	-4.183356334280911026e-01	-1.664952757734734041e-03
-2.438143999999999728e-02	-5.104759871300442731e-01	-2.684063890274677750e-03
-2.428619999999999737e-02	-6.080363616379946823e-01	-3.363471311967973412e-03
-2.419095999999999747e-02	-7.062742387466948157e-01	-5.401693577047860829e-03
-2.409571999999999756e-02	-8.011246028516465501e-01	-8.459026974667691740e-03
-2.400047999999999765e-02	-8.980074747588473461e-01	-8.798730685514339137e-03
-2.390523999999999774e-02	-1.005052885677292895e+00	-1.219576779398081831e-02
-2.380999999999999783e-02	9.160057387483555580e-01	3.090899194118336239e-03
-2.371475999999999792e-02	8.187841155407800109e-01	5.808528880891519752e-03
-2.361951999999999802e-02	7.269825131392017026e-01	7.507047435124758472e-03
-2.352427999999999811e-02	6.297608899316260445e-01	6.148232591738167149e-03
-2.342903999999999820e-02	5.355880284274239234e-01	5.129121459198223223e-03
-2.333379999999999829e-02	4.407376643224722446e-01	6.148232591738167149e-03
-2.323855999999999838e-02	3.448710463163959794e-01	4.789417748351575826e-03
-2.314331999999999848e-02	2.513756874129434715e-01	3.430602904964984070e-03
-2.304807999999999857e-02	1.548315668061175654e-01	2.411491772425040578e-03
-2.295283999999999866e-02	6.167495920303991269e-02	2.071788061578392747e-03
-2.285759999999999875e-02	-3.453041010341118683e-02	3.356579649850532920e-05
-2.276235999999999884e-02	-1.307357794098622794e-01	1.052676929038449038e-03
-2.266711999999999894e-02	-2.262636461155637102e-01	3.732695073451532141e-04
-2.257187999999999903e-02	-3.214527615208903066e-01	7.129732181918010990e-04
-2.247663999999999912e-02	-4.183356334280911026e-01	-6.458416251947904406e-04
-2.238139999999999921e-02	-5.148797540349170365e-01	-2.344360179428029919e-03
-2.228615999999999583e-02	-6.083751129383695444e-01	-3.023767601121325581e-03
-2.219091999999999593e-02	-7.039029796440710030e-01	-4.042878733661269507e-03
-2.209567999999999602e-02	-8.007858515512716879e-01	-7.779619552974395211e-03
-2.200043999999999611e-02	-8.973299721580976218e-01	-1.049724923974757959e-02
-2.190519999999999620e-02	-1.003359129175418696e+00	-1.355458263736740963e-02
-2.180995999999999629e-02	9.187157491513542329e-01	2.411491772425040578e-03
-2.171471999999999639e-02	8.218328772441534369e-01	5.808528880891519752e-03
-2.161947999999999648e-02	7.310475287436996039e-01	6.487936302584815414e-03
-2.152423999999999657e-02	6.334871542357491947e-01	4.110010326658280165e-03
-2.142899999999999666e-02	5.372817849292981229e-01	5.468825170044871488e-03
-2.133375999999999675e-02	4.407376643224722446e-01	5.808528880891519752e-03
-2.123851999999999685e-02	3.458873002175204547e-01	6.148232591738167149e-03
-2.114327999999999694e-02	2.530694439148176156e-01	3.430602904964984070e-03
-2.104803999999999703e-02	1.568640746083665438e-01	1.052676929038449038e-03
-2.095279999999999712e-02	6.269121310416439496e-02	1.052676929038449038e-03
-2.085755999999999721e-02	-3.182039970041256050e-02	-3.061379143481425557e-04
-2.076231999999999731e-02	-1.307357794098622794e-01	-2.684063890274677750e-03
-2.066707999999999740e-02	-2.252473922144392349e-01	7.129732181918010990e-04
-2.057183999999999749e-02	-3.197590050190161626e-01	-3.061379143481425557e-04
-2.047659999999999758e-02	-4.156256230250924832e-01	-3.061379143481425557e-04
-2.038135999999999767e-02	-5.118309923315436105e-01	3.356579649850532920e-05
-2.028611999999999777e-02	-6.056651025353708695e-01	-5.401693577047860829e-03
-2.019087999999999786e-02	-7.028867257429465276e-01	-5.061989866201212565e-03
-2.009563999999999795e-02	-7.963820846463989245e-01	-7.779619552974395211e-03
-2.000039999999999804e-02	-8.949587130554738090e-01	-9.478138107207635665e-03
-1.990515999999999813e-02	-1.006407890878792122e+00	-1.219576779398081831e-02
-1.980991999999999822e-02	9.176994952502297576e-01	3.430602904964984070e-03
-1.971467999999999832e-02	8.242041363467772497e-01	3.090899194118336239e-03
-1.961943999999999841e-02	7.283375183407009290e-01	6.487936302584815414e-03
-1.952419999999999850e-02	6.345034081368736700e-01	5.808528880891519752e-03
-1.942895999999999859e-02	5.399917953322966868e-01	6.827640013431462811e-03
-1.933371999999999868e-02	4.431089234250960018e-01	5.808528880891519752e-03
-1.923847999999999878e-02	3.452097976167707860e-01	4.449714037504927562e-03
-1.914323999999999887e-02	2.537469465155672843e-01	3.090899194118336239e-03
-1.904799999999999896e-02	1.561865720076168751e-01	2.071788061578392747e-03
-1.895275999999999905e-02	6.302996440453922933e-02	1.392380639885096869e-03
-1.885751999999999914e-02	-3.486916140378601425e-02	3.732695073451532141e-04
-1.876227999999999924e-02	-1.290420229079881353e-01	3.732695073451532141e-04
-1.866703999999999933e-02	-2.249086409140644005e-01	-1.325249046888086210e-03
-1.857179999999999942e-02	-3.207752589201406934e-01	1.052676929038449038e-03
-1.847655999999999951e-02	-4.173193795269665718e-01	-6.458416251947904406e-04
-1.838131999999999960e-02	-5.125084949322932237e-01	-6.458416251947904406e-04
-1.828607999999999623e-02	-6.070201077368702069e-01	-1.325249046888086210e-03
-1.819083999999999632e-02	-7.032254770433212787e-01	-5.401693577047860829e-03
-1.809559999999999641e-02	-7.997695976501472126e-01	-7.439915842127747814e-03
-1.800035999999999650e-02	-8.983462260592220971e-01	-1.049724923974757959e-02
-1.790511999999999659e-02	-1.002681626574669194e+00	-1.321487892652076224e-02
-1.780987999999999669e-02	9.183769978509793708e-01	3.770306615811631901e-03
-1.771463999999999678e-02	8.242041363467772497e-01	4.449714037504927562e-03
-1.761939999999999687e-02	7.290150209414506532e-01	4.789417748351575826e-03
-1.752415999999999696e-02	6.334871542357491947e-01	6.827640013431462811e-03
-1.742891999999999705e-02	5.382980388304225983e-01	5.129121459198223223e-03
-1.733367999999999715e-02	4.434476747254708640e-01	5.468825170044871488e-03
-1.723843999999999724e-02	3.465648028182701235e-01	5.468825170044871488e-03
-1.714319999999999733e-02	2.534081952151924777e-01	2.751195483271688409e-03
-1.704795999999999742e-02	1.578803285094910192e-01	7.129732181918010990e-04
-1.695271999999999751e-02	6.336871570491406369e-02	3.732695073451532141e-04
-1.685747999999999761e-02	-3.283665360153704277e-02	3.732695073451532141e-04
-1.676223999999999770e-02	-1.307357794098622794e-01	3.732695073451532141e-04
-1.666699999999999779e-02	-2.232148844121902564e-01	1.392380639885096869e-03
-1.657175999999999788e-02	-3.190815024182665494e-01	3.356579649850532920e-05
-1.647651999999999797e-02	-4.149481204243428145e-01	-6.458416251947904406e-04
-1.638127999999999806e-02	-5.087822306281701845e-01	-2.004656468581382089e-03
-1.628603999999999816e-02	-6.073588590372450691e-01	-4.382582444507916904e-03
-1.619079999999999825e-02	-7.011929692410723280e-01	-4.722286155354565168e-03
-1.609555999999999834e-02	-7.967208359467737866e-01	-6.760508420434452152e-03
-1.600031999999999843e-02	-8.966524695573480086e-01	-9.817841818054283062e-03
-1.590507999999999852e-02	-1.002681626574669194e+00	-1.185606408313417091e-02
-1.580983999999999862e-02	9.204095056532283214e-01	6.148232591738167149e-03
-1.571459999999999871e-02	8.245428876471521118e-01	5.129121459198223223e-03
-1.561935999999999880e-02	7.330800365459485546e-01	5.808528880891519752e-03
-1.552411999999999889e-02	6.321321490342498572e-01	5.468825170044871488e-03
-1.542887999999999898e-02	5.379592875300477361e-01	7.167343724278111075e-03
-1.533363999999999908e-02	4.427701721247211952e-01	6.827640013431462811e-03
-1.523839999999999917e-02	3.516460723238925001e-01	3.770306615811631901e-03
-1.514315999999999753e-02	2.537469465155672843e-01	3.430602904964984070e-03
-1.504791999999999762e-02	1.565253233079917095e-01	2.411491772425040578e-03
-1.495267999999999771e-02	5.964245140079094815e-02	1.392380639885096869e-03
-1.485743999999999780e-02	-3.249790230116221534e-02	3.732695073451532141e-04
-1.476219999999999789e-02	-1.270095151057391569e-01	7.129732181918010990e-04
-1.466695999999999799e-02	-2.238923870129399252e-01	-2.004656468581382089e-03
-1.457171999999999808e-02	-3.167102433156427366e-01	3.356579649850532920e-05
-1.447647999999999817e-02	-4.159643743254672899e-01	-1.325249046888086210e-03
-1.438123999999999826e-02	-5.094597332289197977e-01	-9.855453360414383798e-04
-1.428599999999999835e-02	-6.049875999346212563e-01	-3.023767601121325581e-03
-1.419075999999999844e-02	-7.015317205414471902e-01	-5.401693577047860829e-03
-1.409551999999999854e-02	-7.946883281445248359e-01	-9.138434396360988268e-03
-1.400027999999999863e-02	-8.956362156562235333e-01	-1.015754552890093046e-02
-1.390503999999999872e-02	-1.002004123973919469e+00	-1.253547150482746571e-02
-1.380979999999999881e-02	9.183769978509793708e-01	4.449714037504927562e-03
-1.371455999999999890e-02	8.235266337460276365e-01	4.110010326658280165e-03
-1.361931999999999900e-02	7.310475287436996039e-01	6.148232591738167149e-03
-1.352407999999999909e-02	6.307771438327505198e-01	6.487936302584815414e-03
-1.342883999999999918e-02	5.389755414311722115e-01	5.129121459198223223e-03
-1.333359999999999927e-02	4.468351877292191521e-01	6.148232591738167149e-03
-1.323835999999999936e-02	3.506298184227680248e-01	4.110010326658280165e-03
-1.314311999999999772e-02	2.547632004166917596e-01	2.411491772425040578e-03
-1.304787999999999781e-02	1.602515876121148042e-01	7.129732181918010990e-04
-1.295263999999999791e-02	6.302996440453922933e-02	3.732695073451532141e-04
-1.285739999999999800e-02	-2.809413539628945536e-02	3.732695073451532141e-04
-1.276215999999999809e-02	-1.249770073034902063e-01	7.129732181918010990e-04
-1.266691999999999818e-02	-2.208436253095664714e-01	-1.325249046888086210e-03
-1.257167999999999827e-02	-3.167102433156427366e-01	-9.855453360414383798e-04
-1.247643999999999836e-02	-4.115606074205945264e-01	3.356579649850532920e-05
-1.238119999999999846e-02	-5.101372358296695220e-01	-3.061379143481425557e-04
-1.228595999999999855e-02	-6.049875999346212563e-01	-3.023767601121325581e-03
-1.219071999999999864e-02	-7.011929692410723280e-01	-4.722286155354565168e-03
-1.209547999999999873e-02	-7.970595872471486487e-01	-7.779619552974395211e-03
-1.200023999999999882e-02	-8.959749669565982844e-01	-1.083695295059422699e-02
-1.190499999999999892e-02	-1.002681626574669194e+00	-1.117665666144087439e-02
-1.180975999999999901e-02	9.221032621551025210e-01	3.770306615811631901e-03
-1.171451999999999910e-02	8.282691519512751510e-01	3.430602904964984070e-03
-1.161927999999999919e-02	7.303700261429499907e-01	4.789417748351575826e-03
-1.152403999999999928e-02	6.351809107376232832e-01	6.487936302584815414e-03
-1.142879999999999938e-02	5.443955622371694503e-01	4.789417748351575826e-03
-1.133355999999999947e-02	4.451414312273450080e-01	5.808528880891519752e-03
-1.123831999999999956e-02	3.516460723238925001e-01	3.770306615811631901e-03
-1.114307999999999792e-02	2.544244491163169530e-01	4.110010326658280165e-03
-1.104783999999999801e-02	1.595740850113651632e-01	7.129732181918010990e-04
-1.095259999999999810e-02	6.912748781128613684e-02	-3.061379143481425557e-04
-1.085735999999999819e-02	-3.080414579928807822e-02	3.732695073451532141e-04
-1.076211999999999828e-02	-1.263320125049895160e-01	1.052676929038449038e-03
-1.066687999999999838e-02	-2.208436253095664714e-01	3.356579649850532920e-05
-1.057163999999999847e-02	-3.173877459163924053e-01	3.356579649850532920e-05
-1.047639999999999856e-02	-4.135931152228434771e-01	-6.458416251947904406e-04
-1.038115999999999865e-02	-5.074272254266708471e-01	-1.664952757734734041e-03
-1.028591999999999874e-02	-6.053263512349961184e-01	-3.363471311967973412e-03
-1.019067999999999884e-02	-7.008542179406975769e-01	-5.061989866201212565e-03
-1.009543999999999893e-02	-7.963820846463989245e-01	-8.119323263821044342e-03
-1.000019999999999902e-02	-8.942812104547241958e-01	-1.117665666144087439e-02
-9.904959999999999112e-03	-1.000649118772420021e+00	-1.355458263736740963e-02
-9.809719999999999204e-03	9.210870082539780457e-01	2.751195483271688409e-03
-9.714479999999999296e-03	8.279304006509003999e-01	4.789417748351575826e-03
-9.619239999999999388e-03	7.327412852455736925e-01	6.148232591738167149e-03
-9.523999999999999480e-03	6.365359159391226207e-01	4.789417748351575826e-03
-9.428759999999999572e-03	5.420243031345456375e-01	7.167343724278111075e-03
-9.333519999999999664e-03	4.441251773262205327e-01	6.148232591738167149e-03
-9.238279999999999756e-03	3.482585593201442675e-01	3.090899194118336239e-03
-9.143039999999998113e-03	2.534081952151924777e-01	1.392380639885096869e-03
-9.047799999999998205e-03	1.616065928136141139e-01	1.052676929038449038e-03
-8.952559999999998297e-03	6.709498000903715842e-02	2.751195483271688409e-03
-8.857319999999998389e-03	-3.148164840003773307e-02	3.356579649850532920e-05
-8.762079999999998481e-03	-1.259932612046146816e-01	3.732695073451532141e-04
-8.666839999999998573e-03	-2.184723662069426864e-01	2.411491772425040578e-03
-8.571599999999998665e-03	-3.167102433156427366e-01	3.732695073451532141e-04
-8.476359999999998757e-03	-4.122381100213441951e-01	3.732695073451532141e-04
-8.381119999999998849e-03	-5.060722202251715096e-01	-6.458416251947904406e-04
-8.285879999999998941e-03	-6.043100973338716431e-01	-1.664952757734734041e-03
-8.190639999999999032e-03	-6.954341971347002271e-01	-4.722286155354565168e-03
-8.095399999999999124e-03	-7.940108255437752227e-01	-8.119323263821044342e-03
-8.000159999999999216e-03	-8.912324487513507698e-01	-9.817841818054283062e-03
-7.904919999999999308e-03	-1.002681626574669194e+00	-1.321487892652076224e-02
-7.809679999999999400e-03	9.221032621551025210e-01	4.110010326658280165e-03
-7.714439999999999492e-03	8.269141467497759246e-01	3.430602904964984070e-03
-7.619199999999999584e-03	7.317250313444492171e-01	5.808528880891519752e-03
-7.523959999999998809e-03	6.395846776424960467e-01	4.449714037504927562e-03
-7.428719999999998901e-03	5.440568109367946992e-01	5.129121459198223223e-03
-7.333479999999998993e-03	4.492064468318429094e-01	6.487936302584815414e-03
-7.238239999999999084e-03	3.543560827268911195e-01	4.110010326658280165e-03
-7.142999999999999176e-03	2.571344595193155724e-01	2.411491772425040578e-03
-7.047759999999999268e-03	1.602515876121148042e-01	3.732695073451532141e-04
-6.952519999999999360e-03	6.641747740828748969e-02	3.356579649850532920e-05
-6.857279999999999452e-03	-2.911038929741393763e-02	-1.664952757734734041e-03
-6.762039999999999544e-03	-1.219282456001167525e-01	3.356579649850532920e-05
-6.666799999999999636e-03	-2.215211279103161124e-01	3.732695073451532141e-04
-6.571559999999998861e-03	-3.140002329126441172e-01	3.808038141132306931e-02
-6.476319999999998953e-03	-4.112218561202197198e-01	1.837756618221749252e-02
-6.381079999999999045e-03	-5.037009611225476968e-01	-5.741397287894509094e-03
-6.285839999999999136e-03	-6.039713460334967809e-01	-4.382582444507916904e-03
-6.190599999999999228e-03	-6.967892023361995646e-01	-3.703175022814621242e-03
-6.095359999999999320e-03	-7.933333229430254985e-01	-5.401693577047860829e-03
-6.000119999999999412e-03	-8.919099513521003830e-01	-1.015754552890093046e-02
-5.904879999999999504e-03	-9.986166109701711813e-01	-1.185606408313417091e-02
-5.809639999999999596e-03	9.217645108547276589e-01	5.129121459198223223e-03
-5.714399999999999688e-03	8.272528980501506757e-01	4.110010326658280165e-03
-5.619159999999999780e-03	7.324025339451989414e-01	6.487936302584815414e-03
-5.523919999999999005e-03	6.406009315436206331e-01	6.148232591738167149e-03
-5.428679999999999096e-03	5.423630544349204996e-01	8.186454856818055001e-03
-5.333439999999999188e-03	4.488676955314681027e-01	5.129121459198223223e-03
-5.238199999999999280e-03	3.536785801261415063e-01	4.789417748351575826e-03
-5.142959999999999372e-03	2.581507134204400478e-01	3.770306615811631901e-03
-5.047719999999999464e-03	1.622840954143637826e-01	1.392380639885096869e-03
-4.952479999999999556e-03	6.743373130941199278e-02	-6.458416251947904406e-04
-4.857239999999999648e-03	-2.606162759404048734e-02	1.052676929038449038e-03
-4.761999999999999740e-03	-1.229444995012412278e-01	-6.458416251947904406e-04
-4.666759999999999832e-03	-2.188111175073174930e-01	-6.458416251947904406e-04
-4.571519999999999057e-03	-3.143389842130189238e-01	3.732695073451532141e-04
-4.476279999999999148e-03	-4.098668509187203823e-01	1.052676929038449038e-03
-4.381039999999999240e-03	-5.070884741262959849e-01	-2.344360179428029919e-03
-4.285799999999999332e-03	-6.016000869308729682e-01	-2.684063890274677750e-03
-4.190559999999999424e-03	-6.991604614388233774e-01	-4.382582444507916904e-03
-4.095319999999999516e-03	-7.933333229430254985e-01	-7.100212131281100417e-03
-4.000079999999999608e-03	-8.919099513521003830e-01	-9.138434396360988268e-03
-3.904839999999999700e-03	-1.000649118772420021e+00	-1.151636037228752352e-02
-3.809599999999999792e-03	9.248132725581010849e-01	3.770306615811631901e-03
-3.714359999999999450e-03	8.296241571527744885e-01	3.770306615811631901e-03
-3.619119999999999542e-03	7.324025339451989414e-01	5.129121459198223223e-03
-3.523879999999999634e-03	6.365359159391226207e-01	6.827640013431462811e-03
-3.428639999999999726e-03	5.430405570356702238e-01	5.808528880891519752e-03
-3.333399999999999818e-03	4.492064468318429094e-01	5.808528880891519752e-03
-3.238159999999999476e-03	3.533398288257666442e-01	3.090899194118336239e-03
-3.142919999999999568e-03	2.561182056181910971e-01	3.770306615811631901e-03
-3.047679999999999660e-03	1.612678415132393073e-01	1.732084350731744700e-03
-2.952439999999999752e-03	6.743373130941199278e-02	-3.061379143481425557e-04
-2.857199999999999844e-03	-2.470662239254117765e-02	7.129732181918010990e-04
-2.761959999999999502e-03	-1.239607534023657309e-01	-3.061379143481425557e-04
-2.666719999999999594e-03	-2.215211279103161124e-01	3.732695073451532141e-04
-2.571479999999999686e-03	-3.153552381141433991e-01	-3.061379143481425557e-04
-2.476239999999999778e-03	-4.118993587209693330e-01	-3.061379143481425557e-04
-2.380999999999999870e-03	-5.037009611225476968e-01	1.392380639885096869e-03
-2.285759999999999528e-03	-5.965188174252505915e-01	-9.855453360414383798e-04
-2.190519999999999620e-03	-6.954341971347002271e-01	-7.779619552974395211e-03
-2.095279999999999712e-03	-7.906233125400269346e-01	-6.420804709587804755e-03
-2.000039999999999804e-03	-8.922487026524752451e-01	-9.478138107207635665e-03
-1.904799999999999896e-03	-9.982778596697963192e-01	-1.253547150482746571e-02
-1.809559999999999771e-03	9.248132725581010849e-01	5.808528880891519752e-03
-1.714319999999999863e-03	8.279304006509003999e-01	5.468825170044871488e-03
-1.619079999999999738e-03	7.327412852455736925e-01	7.507047435124758472e-03
-1.523839999999999830e-03	6.395846776424960467e-01	7.507047435124758472e-03
-1.428599999999999922e-03	5.454118161382939256e-01	7.507047435124758472e-03
-1.333359999999999797e-03	4.509002033337170534e-01	5.808528880891519752e-03
-1.238119999999999889e-03	3.536785801261415063e-01	6.148232591738167149e-03
-1.142879999999999764e-03	2.615382264241883359e-01	3.430602904964984070e-03
-1.047639999999999856e-03	1.653328571177372364e-01	3.732695073451532141e-04
-9.523999999999999480e-04	6.777248260978679939e-02	1.052676929038449038e-03
-8.571599999999999315e-04	-2.504537369291600507e-02	2.071788061578392747e-03
-7.619199999999999150e-04	-1.212507429993671115e-01	-1.325249046888086210e-03
-6.666799999999998986e-04	-2.181336149065678520e-01	3.356579649850532920e-05
-5.714399999999998821e-04	-3.123064764107699731e-01	1.392380639885096869e-03
-4.761999999999999740e-04	-4.115606074205945264e-01	-3.061379143481425557e-04
-3.809599999999999575e-04	-5.053947176244218964e-01	-9.855453360414383798e-04
-2.857199999999999410e-04	-5.982125739271246800e-01	-2.344360179428029919e-03
-1.904799999999999788e-04	-6.954341971347002271e-01	-3.703175022814621242e-03
-9.523999999999998938e-05	-7.933333229430254985e-01	-7.100212131281100417e-03
0.000000000000000000e+00	-8.881836870479773438e-01	-9.817841818054283062e-03
9.523999999999998938e-05	-9.989553622705460434e-01	-1.355458263736740963e-02
1.904799999999999788e-04	9.265070290599752845e-01	3.770306615811631901e-03
2.857199999999999410e-04	8.323341675557731634e-01	4.449714037504927562e-03
3.809599999999999575e-04	7.344350417474478920e-01	4.789417748351575826e-03
4.761999999999999740e-04	6.412784341443702463e-01	5.468825170044871488e-03
5.714399999999998821e-04	5.447343135375443124e-01	7.507047435124758472e-03
6.666799999999998986e-04	4.505614520333422468e-01	6.827640013431462811e-03
7.619199999999999150e-04	3.550335853276407883e-01	5.129121459198223223e-03
8.571599999999999315e-04	2.645869881275617619e-01	4.110010326658280165e-03
9.523999999999999480e-04	1.673653649199861870e-01	1.732084350731744700e-03
1.047639999999999856e-03	6.675622870866232406e-02	3.356579649850532920e-05
1.142879999999999764e-03	-2.572287629366565992e-02	1.052676929038449038e-03
1.238119999999999889e-03	-1.205732403986174428e-01	1.052676929038449038e-03
1.333359999999999797e-03	-2.154236045035692326e-01	3.356579649850532920e-05
1.428599999999999922e-03	-3.109514712092706912e-01	7.129732181918010990e-04
1.523839999999999830e-03	-4.095280996183455757e-01	3.356579649850532920e-05
1.619079999999999738e-03	-5.013297020199239951e-01	3.356579649850532920e-05
1.714319999999999863e-03	-5.999063304289988796e-01	-9.855453360414383798e-04
1.809559999999999771e-03	-6.947566945339506139e-01	-4.042878733661269507e-03
1.904799999999999896e-03	-7.916395664411514099e-01	-7.779619552974395211e-03
2.000039999999999804e-03	-8.908936974509759077e-01	-1.015754552890093046e-02
2.095279999999999712e-03	-9.976003570690467059e-01	-1.287517521567411484e-02
2.190519999999999620e-03	9.268457803603500356e-01	6.148232591738167149e-03
2.285759999999999528e-03	8.323341675557731634e-01	5.808528880891519752e-03
2.380999999999999870e-03	7.361287982493219806e-01	6.487936302584815414e-03
2.476239999999999778e-03	6.426334393458695837e-01	4.449714037504927562e-03
2.571479999999999686e-03	5.454118161382939256e-01	4.789417748351575826e-03
2.666719999999999594e-03	4.519164572348415287e-01	6.148232591738167149e-03
2.761959999999999502e-03	3.584210983313890764e-01	5.468825170044871488e-03
2.857199999999999844e-03	2.578119621200652412e-01	2.751195483271688409e-03
2.952439999999999752e-03	1.666878623192365461e-01	2.071788061578392747e-03
3.047679999999999660e-03	7.082124431316025315e-02	1.732084350731744700e-03
3.142919999999999568e-03	-2.606162759404048734e-02	-6.458416251947904406e-04
3.238159999999999476e-03	-1.215894942997419181e-01	-9.855453360414383798e-04
3.333399999999999818e-03	-2.171173610054433767e-01	3.356579649850532920e-05
3.428639999999999726e-03	-3.099352173081461603e-01	3.732695073451532141e-04
3.523879999999999634e-03	-4.061405866145972876e-01	-6.458416251947904406e-04
3.619119999999999542e-03	-5.013297020199239951e-01	-1.325249046888086210e-03
3.714359999999999450e-03	-5.985513252274995422e-01	-3.363471311967973412e-03
3.809599999999999792e-03	-6.940791919332010007e-01	-3.363471311967973412e-03
3.904839999999999700e-03	-7.902845612396520725e-01	-8.798730685514339137e-03
4.000079999999999608e-03	-8.864899305461031442e-01	-9.817841818054283062e-03
4.095319999999999516e-03	-9.979391083694214570e-01	-1.355458263736740963e-02
4.190559999999999424e-03	9.237970186569766096e-01	5.129121459198223223e-03
4.285799999999999332e-03	8.313179136546486880e-01	4.449714037504927562e-03
4.381039999999999240e-03	7.374838034508213180e-01	6.487936302584815414e-03
4.476279999999999148e-03	6.412784341443702463e-01	6.827640013431462811e-03
4.571519999999999057e-03	5.464280700394184009e-01	6.827640013431462811e-03
4.666759999999999832e-03	4.532714624363408662e-01	7.167343724278111075e-03
4.761999999999999740e-03	3.567273418295149323e-01	3.430602904964984070e-03
4.857239999999999648e-03	2.635707342264372866e-01	3.770306615811631901e-03
4.952479999999999556e-03	1.683816188211106901e-01	3.090899194118336239e-03
5.047719999999999464e-03	7.251500081503439721e-02	1.052676929038449038e-03
5.142959999999999372e-03	-2.098035808841807251e-02	-3.061379143481425557e-04
5.238199999999999280e-03	-1.192182351971181331e-01	-3.061379143481425557e-04
5.333439999999999188e-03	-2.130523454009454198e-01	7.129732181918010990e-04
5.428679999999999096e-03	-3.092577147073965471e-01	1.052676929038449038e-03
5.523919999999999005e-03	-4.027530736108489995e-01	1.732084350731744700e-03
5.619159999999999780e-03	-5.020072046206736083e-01	-1.664952757734734041e-03
5.714399999999999688e-03	-5.988900765278744043e-01	-1.664952757734734041e-03
5.809639999999999596e-03	-6.940791919332010007e-01	-5.401693577047860829e-03
5.904879999999999504e-03	-7.889295560381527350e-01	-7.779619552974395211e-03
6.000119999999999412e-03	-8.875061844472276196e-01	-8.459026974667691740e-03
6.095359999999999320e-03	-9.959066005671725064e-01	-1.151636037228752352e-02
6.190599999999999228e-03	9.292170394629738484e-01	4.449714037504927562e-03
6.285839999999999136e-03	8.333504214568976387e-01	4.110010326658280165e-03
6.381079999999999045e-03	7.371450521504464559e-01	4.789417748351575826e-03
6.476319999999998953e-03	6.453434497488681476e-01	6.487936302584815414e-03
6.571559999999998861e-03	5.477830752409177384e-01	5.129121459198223223e-03
6.666799999999999636e-03	4.539489650370905349e-01	6.827640013431462811e-03
6.762039999999999544e-03	3.597761035328884138e-01	2.071788061578392747e-03
6.857279999999999452e-03	2.611994751238134738e-01	5.129121459198223223e-03
6.952519999999999360e-03	1.649941058173624020e-01	7.129732181918010990e-04
7.047759999999999268e-03	7.115999561353508751e-02	3.732695073451532141e-04
7.142999999999999176e-03	-2.369036849141669537e-02	3.732695073451532141e-04
7.238239999999999084e-03	-1.195569864974929675e-01	3.732695073451532141e-04
7.333479999999998993e-03	-2.147461019028195639e-01	-1.325249046888086210e-03
7.428719999999998901e-03	-3.092577147073965471e-01	3.732695073451532141e-04
7.523959999999998809e-03	-4.061405866145972876e-01	-1.325249046888086210e-03
7.619199999999999584e-03	-4.969259351150511206e-01	-1.325249046888086210e-03
7.714439999999999492e-03	-5.961800661248757294e-01	-4.722286155354565168e-03
7.809679999999999400e-03	-6.917079328305771879e-01	-5.741397287894509094e-03
7.904919999999999308e-03	-7.899458099392772104e-01	-7.100212131281100417e-03
8.000159999999999216e-03	-8.851349253446038068e-01	-1.049724923974757959e-02
8.095399999999999124e-03	-9.942128440652984178e-01	-1.151636037228752352e-02
8.190639999999999032e-03	9.285395368622242351e-01	3.770306615811631901e-03
8.285879999999998941e-03	8.340279240576472519e-01	4.110010326658280165e-03
8.381119999999998849e-03	7.395163112530702687e-01	4.449714037504927562e-03
8.476359999999998757e-03	6.460209523496178718e-01	5.468825170044871488e-03
8.571599999999998665e-03	5.494768317427919380e-01	7.846751145971405869e-03
8.666839999999998573e-03	4.556427215389646790e-01	4.449714037504927562e-03
8.762079999999998481e-03	3.597761035328884138e-01	5.129121459198223223e-03
8.857319999999998389e-03	2.696682576331841941e-01	2.411491772425040578e-03
8.952559999999998297e-03	1.687203701214854967e-01	7.129732181918010990e-04
9.047799999999998205e-03	7.183749821428475624e-02	3.356579649850532920e-05
9.143039999999998113e-03	-2.335161719104186795e-02	-2.344360179428029919e-03
9.238279999999999756e-03	-1.161694734937446793e-01	3.356579649850532920e-05
9.333519999999999664e-03	-2.144073506024447295e-01	3.732695073451532141e-04
9.428759999999999572e-03	-3.129839790115196418e-01	1.392380639885096869e-03
9.523999999999999480e-03	-4.058018353142224255e-01	3.732695073451532141e-04
9.619239999999999388e-03	-5.006521994191742708e-01	-6.458416251947904406e-04
9.714479999999999296e-03	-5.992288278282491554e-01	-3.703175022814621242e-03
9.809719999999999204e-03	-6.920466841309520500e-01	-5.061989866201212565e-03
9.904959999999999112e-03	-7.879133021370282597e-01	-6.420804709587804755e-03
1.000019999999999902e-02	-8.854736766449786689e-01	-1.049724923974757959e-02
1.009543999999999893e-02	-9.942128440652984178e-01	-1.321487892652076224e-02
1.019067999999999884e-02	9.292170394629738484e-01	4.449714037504927562e-03
1.028591999999999874e-02	8.357216805595213405e-01	5.129121459198223223e-03
1.038115999999999865e-02	7.422263216560689436e-01	5.129121459198223223e-03
1.047639999999999856e-02	6.433109419466191969e-01	7.167343724278111075e-03
1.057163999999999847e-02	5.511705882446660265e-01	4.789417748351575826e-03
1.066687999999999838e-02	4.542877163374653415e-01	4.110010326658280165e-03
1.076211999999999828e-02	3.594373522325135517e-01	2.751195483271688409e-03
1.085735999999999819e-02	2.618769777245631425e-01	1.732084350731744700e-03
1.095259999999999810e-02	1.700753753229848064e-01	7.129732181918010990e-04
1.104783999999999801e-02	7.183749821428475624e-02	3.356579649850532920e-05
1.114307999999999792e-02	-2.233536328991738221e-02	-6.458416251947904406e-04
1.123831999999999956e-02	-1.178632299956188234e-01	1.732084350731744700e-03
1.133355999999999947e-02	-2.110198375986964692e-01	3.356579649850532920e-05
1.142879999999999938e-02	-3.092577147073965471e-01	3.356579649850532920e-05
1.152403999999999928e-02	-4.034305762115986682e-01	3.356579649850532920e-05
1.161927999999999919e-02	-4.965871838146763140e-01	-1.325249046888086210e-03
1.171451999999999910e-02	-5.944863096230016408e-01	-2.004656468581382089e-03
1.180975999999999901e-02	-6.903529276290778505e-01	-4.722286155354565168e-03
1.190499999999999892e-02	-7.882520534374031218e-01	-6.760508420434452152e-03
1.200023999999999882e-02	-8.834411688427297182e-01	-1.015754552890093046e-02
1.209547999999999873e-02	-9.898090771604256544e-01	-1.389428634821405877e-02
1.219071999999999864e-02	9.282007855618493730e-01	4.110010326658280165e-03
1.228595999999999855e-02	8.333504214568976387e-01	5.808528880891519752e-03
1.238119999999999846e-02	7.422263216560689436e-01	5.468825170044871488e-03
1.247643999999999836e-02	6.463597036499926229e-01	6.827640013431462811e-03
1.257167999999999827e-02	5.481218265412926005e-01	6.148232591738167149e-03
1.266691999999999818e-02	4.549652189382150103e-01	6.487936302584815414e-03
1.276215999999999809e-02	3.597761035328884138e-01	3.770306615811631901e-03
1.285739999999999800e-02	2.656032420286862372e-01	3.770306615811631901e-03
1.295263999999999791e-02	1.697366240226099998e-01	7.129732181918010990e-04
1.304787999999999781e-02	7.420875731690854127e-02	3.732695073451532141e-04
1.314311999999999772e-02	-1.860909898579427707e-02	3.356579649850532920e-05
1.323835999999999936e-02	-1.175244786952439890e-01	-3.061379143481425557e-04
1.333359999999999927e-02	-2.110198375986964692e-01	-9.855453360414383798e-04
1.342883999999999918e-02	-3.068864556047727343e-01	1.052676929038449038e-03
1.352407999999999909e-02	-4.027530736108489995e-01	-9.855453360414383798e-04
1.361931999999999900e-02	-4.986196916169252646e-01	-3.061379143481425557e-04
1.371455999999999890e-02	-5.924538018207525791e-01	-4.722286155354565168e-03
1.380979999999999881e-02	-6.886591711272037619e-01	-5.401693577047860829e-03
1.390503999999999872e-02	-7.845257891332799716e-01	-7.779619552974395211e-03
1.400027999999999863e-02	-8.827636662419801050e-01	-1.151636037228752352e-02
1.409551999999999854e-02	-9.935353414645486936e-01	-1.219576779398081831e-02
1.419075999999999844e-02	9.302332933640983237e-01	1.732084350731744700e-03
1.428599999999999835e-02	8.380929396621451533e-01	3.770306615811631901e-03
1.438123999999999826e-02	7.408713164545696062e-01	4.789417748351575826e-03
1.447647999999999817e-02	6.473759575511170983e-01	6.827640013431462811e-03
1.457171999999999808e-02	5.487993291420422137e-01	6.487936302584815414e-03
1.466695999999999799e-02	4.580139806415884363e-01	5.468825170044871488e-03
1.476219999999999789e-02	3.611311087343876958e-01	3.430602904964984070e-03
1.485743999999999780e-02	2.686520037320597187e-01	3.090899194118336239e-03
1.495267999999999771e-02	1.704141266233596408e-01	3.356579649850532920e-05
1.504791999999999762e-02	7.556376251840785097e-02	3.732695073451532141e-04
1.514315999999999753e-02	-1.894785028616910449e-02	-3.061379143481425557e-04
1.523839999999999917e-02	-1.154919708929950384e-01	3.356579649850532920e-05
1.533363999999999908e-02	-2.123748428001957789e-01	2.751195483271688409e-03
1.542887999999999898e-02	-3.082414608062720163e-01	3.356579649850532920e-05
1.552411999999999889e-02	-4.017368197097245242e-01	-3.061379143481425557e-04
1.561935999999999880e-02	-4.942159247120525012e-01	-6.458416251947904406e-04
1.571459999999999871e-02	-5.931313044215023034e-01	-2.004656468581382089e-03
1.580983999999999862e-02	-6.879816685264540377e-01	-6.420804709587804755e-03
1.590507999999999852e-02	-7.882520534374031218e-01	-8.459026974667691740e-03
1.600031999999999843e-02	-8.837799201431045804e-01	-1.083695295059422699e-02
1.609555999999999834e-02	-9.904865797611752676e-01	-1.185606408313417091e-02
1.619079999999999825e-02	9.312495472652227990e-01	4.449714037504927562e-03
1.628603999999999816e-02	8.384316909625200154e-01	3.430602904964984070e-03
1.638127999999999806e-02	7.425650729564436947e-01	5.468825170044871488e-03
1.647651999999999797e-02	6.466984549503674851e-01	6.148232591738167149e-03
1.657175999999999788e-02	5.518480908454157507e-01	5.129121459198223223e-03
1.666699999999999779e-02	4.586914832423381050e-01	4.110010326658280165e-03
1.676223999999999770e-02	3.611311087343876958e-01	4.449714037504927562e-03
1.685747999999999761e-02	2.656032420286862372e-01	3.090899194118336239e-03
1.695271999999999751e-02	1.717691318248589505e-01	1.392380639885096869e-03
1.704795999999999742e-02	7.488625991765820999e-02	-9.855453360414383798e-04
1.714319999999999733e-02	-1.860909898579427707e-02	-6.458416251947904406e-04
1.723843999999999724e-02	-1.168469760944943481e-01	7.129732181918010990e-04
1.733367999999999715e-02	-2.113585888990713035e-01	2.751195483271688409e-03
1.742891999999999705e-02	-3.051926991028985903e-01	-3.061379143481425557e-04
1.752415999999999696e-02	-4.013980684093496620e-01	-1.664952757734734041e-03
1.761939999999999687e-02	-4.965871838146763140e-01	-2.004656468581382089e-03
1.771463999999999678e-02	-5.924538018207525791e-01	-3.363471311967973412e-03
1.780987999999999669e-02	-6.883204198268288998e-01	-4.382582444507916904e-03
1.790511999999999659e-02	-7.845257891332799716e-01	-8.119323263821044342e-03
1.800035999999999650e-02	-8.814086610404807676e-01	-9.138434396360988268e-03
1.809559999999999641e-02	-9.887928232593011790e-01	-1.253547150482746571e-02
1.819083999999999632e-02	9.336208063678466118e-01	4.449714037504927562e-03
1.828607999999999623e-02	8.357216805595213405e-01	4.110010326658280165e-03
1.838131999999999960e-02	7.425650729564436947e-01	3.770306615811631901e-03
1.847655999999999951e-02	6.460209523496178718e-01	5.064941871264903861e-02
1.857179999999999942e-02	5.521868421457905018e-01	2.585104782084374567e-02
1.866703999999999933e-02	4.576752293412136297e-01	1.052676929038449038e-03
1.876227999999999924e-02	3.631636165366366464e-01	6.487936302584815414e-03
1.885751999999999914e-02	2.666194959298107681e-01	2.751195483271688409e-03
1.895275999999999905e-02	1.710916292241093095e-01	3.770306615811631901e-03
1.904799999999999896e-02	7.590251381878268533e-02	3.356579649850532920e-05
1.914323999999999887e-02	-1.725409378429496737e-02	-1.325249046888086210e-03
1.923847999999999878e-02	-1.158307221933698450e-01	3.430602904964984070e-03
1.933371999999999868e-02	-2.100035836975719661e-01	3.732695073451532141e-04
1.942895999999999859e-02	-3.045151965021489215e-01	-9.855453360414383798e-04
1.952419999999999850e-02	-3.980105554056014294e-01	1.052676929038449038e-03
1.961943999999999841e-02	-4.945546760124273078e-01	-1.325249046888086210e-03
1.971467999999999832e-02	-5.941475583226267787e-01	-2.004656468581382089e-03
1.980991999999999822e-02	-6.879816685264540377e-01	-4.722286155354565168e-03
1.990515999999999813e-02	-7.828320326314058830e-01	-8.119323263821044342e-03
2.000039999999999804e-02	-8.797149045386065680e-01	-9.138434396360988268e-03
2.009563999999999795e-02	-9.884540719589263169e-01	-1.321487892652076224e-02
2.019087999999999786e-02	9.336208063678466118e-01	3.770306615811631901e-03
2.028611999999999777e-02	8.391091935632696286e-01	3.770306615811631901e-03
2.038135999999999767e-02	7.425650729564436947e-01	4.789417748351575826e-03
2.047659999999999758e-02	6.487309627526164357e-01	6.148232591738167149e-03
2.057183999999999749e-02	5.535418473472898393e-01	5.129121459198223223e-03
2.066707999999999740e-02	4.549652189382150103e-01	5.808528880891519752e-03
2.076231999999999731e-02	3.655348756392604592e-01	4.110010326658280165e-03
2.085755999999999721e-02	2.700070089335590007e-01	1.732084350731744700e-03
2.095279999999999712e-02	1.734628883267330945e-01	2.751195483271688409e-03
2.104803999999999703e-02	7.929002682253094569e-02	1.732084350731744700e-03
2.114327999999999694e-02	-1.623783988317048163e-02	3.356579649850532920e-05
2.123851999999999685e-02	-1.137982143911208943e-01	-3.061379143481425557e-04
2.133375999999999675e-02	-2.120360914998209445e-01	1.732084350731744700e-03
2.142899999999999666e-02	-3.055314504032733969e-01	3.732695073451532141e-04
2.152423999999999657e-02	-4.000430632078503801e-01	7.129732181918010990e-04
2.161947999999999648e-02	-4.948934273128021699e-01	-2.004656468581382089e-03
2.171471999999999639e-02	-5.927925531211274413e-01	-1.325249046888086210e-03
2.180995999999999629e-02	-6.862879120245799491e-01	-5.401693577047860829e-03
2.190519999999999620e-02	-7.831707839317806341e-01	-7.100212131281100417e-03
2.200043999999999611e-02	-8.803924071393562922e-01	-7.100212131281100417e-03
2.209567999999999602e-02	-9.870990667574269795e-01	-1.219576779398081831e-02
2.219091999999999593e-02	9.305720446644731858e-01	2.411491772425040578e-03
2.228615999999999583e-02	8.394479448636444907e-01	4.789417748351575826e-03
2.238139999999999921e-02	7.459525859601919828e-01	5.129121459198223223e-03
2.247663999999999912e-02	6.494084653533660489e-01	6.487936302584815414e-03
2.257187999999999903e-02	5.532030960469149772e-01	6.487936302584815414e-03
2.266711999999999894e-02	4.573364780408387675e-01	4.110010326658280165e-03
2.276235999999999884e-02	3.648573730385107905e-01	4.449714037504927562e-03
2.285759999999999875e-02	2.645869881275617619e-01	3.430602904964984070e-03
2.295283999999999866e-02	1.734628883267330945e-01	2.751195483271688409e-03
2.304807999999999857e-02	7.793502162103163600e-02	3.732695073451532141e-04
2.314331999999999848e-02	-1.928660158654393192e-02	7.129732181918010990e-04
2.323855999999999838e-02	-1.127819604899964190e-01	3.732695073451532141e-04
2.333379999999999829e-02	-2.072935732945733467e-01	3.732695073451532141e-04
2.342903999999999820e-02	-2.994339269965265449e-01	1.052676929038449038e-03
2.352427999999999811e-02	-3.983493067059762360e-01	3.356579649850532920e-05
2.361951999999999802e-02	-4.931996708109280259e-01	-1.664952757734734041e-03
2.371475999999999792e-02	-5.900825427181288774e-01	-1.664952757734734041e-03
2.380999999999999783e-02	-6.876429172260792866e-01	-4.722286155354565168e-03
2.390523999999999774e-02	-7.814770274299065456e-01	-8.119323263821044342e-03
2.400047999999999765e-02	-8.786986506374820927e-01	-9.817841818054283062e-03
2.409571999999999756e-02	-9.860828128563025041e-01	-1.151636037228752352e-02
2.419095999999999747e-02	9.353145628697208114e-01	3.430602904964984070e-03
2.428619999999999737e-02	8.411417013655186903e-01	4.789417748351575826e-03
2.438143999999999728e-02	7.462913372605668449e-01	5.468825170044871488e-03
2.447667999999999719e-02	6.500859679541157732e-01	6.148232591738167149e-03
2.457191999999999710e-02	5.552356038491639278e-01	6.487936302584815414e-03
2.466715999999999701e-02	4.620789962460863931e-01	4.110010326658280165e-03
2.476239999999999691e-02	3.668898808407597967e-01	4.110010326658280165e-03
2.485763999999999682e-02	2.703457602339338628e-01	3.090899194118336239e-03
2.495287999999999673e-02	1.741403909274827633e-01	1.732084350731744700e-03
2.504811999999999664e-02	7.861252422178130472e-02	3.732695073451532141e-04
2.514335999999999655e-02	-1.623783988317048163e-02	-3.061379143481425557e-04
2.523859999999999645e-02	-1.117657065888719159e-01	3.356579649850532920e-05
2.533383999999999636e-02	-2.072935732945733467e-01	1.052676929038449038e-03
2.542907999999999627e-02	-3.014664347987754955e-01	-3.061379143481425557e-04
2.552431999999999618e-02	-3.983493067059762360e-01	3.356579649850532920e-05
2.561955999999999609e-02	-4.921834169098035505e-01	-6.458416251947904406e-04
2.571479999999999599e-02	-5.914375479196281038e-01	-1.325249046888086210e-03
2.581003999999999590e-02	-6.862879120245799491e-01	-5.401693577047860829e-03
2.590527999999999581e-02	-7.807995248291569323e-01	-8.459026974667691740e-03
2.600051999999999572e-02	-8.770048941356080041e-01	-8.459026974667691740e-03
2.609575999999999563e-02	-9.881153206585514548e-01	-1.117665666144087439e-02
2.619099999999999553e-02	9.353145628697208114e-01	2.751195483271688409e-03
2.628623999999999544e-02	8.401254474643941039e-01	6.148232591738167149e-03
2.638147999999999535e-02	7.466300885609417071e-01	4.789417748351575826e-03
2.647671999999999873e-02	6.500859679541157732e-01	5.808528880891519752e-03
2.657195999999999864e-02	5.555743551495387900e-01	6.148232591738167149e-03
2.666719999999999854e-02	4.614014936453367244e-01	5.808528880891519752e-03
2.676243999999999845e-02	3.672286321411346033e-01	5.129121459198223223e-03
2.685767999999999836e-02	2.700070089335590007e-01	2.411491772425040578e-03
2.695291999999999827e-02	1.771891526308561893e-01	1.732084350731744700e-03
2.704815999999999818e-02	7.929002682253094569e-02	3.356579649850532920e-05
2.714339999999999808e-02	-1.420533208092151535e-02	7.129732181918010990e-04
2.723863999999999799e-02	-1.114269552884970815e-01	-3.061379143481425557e-04
2.733387999999999790e-02	-2.052610654923243960e-01	-9.855453360414383798e-04
2.742911999999999781e-02	-2.994339269965265449e-01	1.732084350731744700e-03
2.752435999999999772e-02	-3.993655606071007114e-01	3.356579649850532920e-05
2.761959999999999762e-02	-4.915059143090538818e-01	-1.325249046888086210e-03
2.771483999999999753e-02	-5.873725323151302025e-01	-2.684063890274677750e-03
2.781007999999999744e-02	-6.801903886178329861e-01	-5.401693577047860829e-03
2.790531999999999735e-02	-7.797832709280323460e-01	-5.401693577047860829e-03
2.800055999999999726e-02	-8.766661428352331420e-01	-9.138434396360988268e-03
2.809579999999999717e-02	-9.857440615559277530e-01	-1.083695295059422699e-02
2.819103999999999707e-02	9.353145628697208114e-01	4.110010326658280165e-03
2.828627999999999698e-02	8.394479448636444907e-01	5.808528880891519752e-03
2.838151999999999689e-02	7.473075911616913203e-01	4.449714037504927562e-03
2.847675999999999680e-02	6.500859679541157732e-01	6.148232591738167149e-03
2.857199999999999671e-02	5.572681116514129895e-01	6.487936302584815414e-03
2.866723999999999661e-02	4.610627423449619178e-01	4.449714037504927562e-03
2.876247999999999652e-02	3.689223886430087473e-01	5.808528880891519752e-03
2.885771999999999643e-02	2.689907550324345253e-01	3.090899194118336239e-03
2.895295999999999634e-02	1.744791422278575699e-01	2.751195483271688409e-03
2.904819999999999625e-02	8.064503202403028315e-02	3.732695073451532141e-04
2.914343999999999615e-02	-1.217282427867254907e-02	3.732695073451532141e-04
2.923867999999999606e-02	-1.090556961858732965e-01	-3.061379143481425557e-04
2.933391999999999597e-02	-2.069548219941985401e-01	3.732695073451532141e-04
2.942915999999999588e-02	-3.001114295972761581e-01	-3.061379143481425557e-04
2.952439999999999579e-02	-3.925905345996041906e-01	-3.061379143481425557e-04
2.961963999999999569e-02	-4.945546760124273078e-01	-9.855453360414383798e-04
2.971487999999999560e-02	-5.880500349158798157e-01	-3.363471311967973412e-03
2.981011999999999551e-02	-6.829003990208316610e-01	-4.382582444507916904e-03
2.990535999999999542e-02	-7.787670170269078707e-01	-8.798730685514339137e-03
3.000059999999999533e-02	-8.773436454359827552e-01	-9.817841818054283062e-03
3.009583999999999523e-02	-9.837115537536786913e-01	-1.151636037228752352e-02
3.019107999999999514e-02	9.346370602689710871e-01	4.789417748351575826e-03
3.028631999999999505e-02	8.418192039662683035e-01	5.129121459198223223e-03
3.038155999999999496e-02	7.486625963631906577e-01	5.129121459198223223e-03
3.047679999999999834e-02	6.582159991631115759e-01	5.808528880891519752e-03
3.057203999999999824e-02	5.603168733547864155e-01	6.487936302584815414e-03
3.066727999999999815e-02	4.647890066490850125e-01	5.468825170044871488e-03
3.076251999999999806e-02	3.668898808407597967e-01	5.468825170044871488e-03
3.085775999999999797e-02	2.727170193365576201e-01	1.392380639885096869e-03
3.095299999999999788e-02	1.748178935282324042e-01	3.732695073451532141e-04
3.104823999999999778e-02	8.030628072365544878e-02	2.411491772425040578e-03
3.114347999999999769e-02	-1.149532167792289249e-02	1.052676929038449038e-03
3.123871999999999760e-02	-1.077006909843739868e-01	-3.061379143481425557e-04
3.133395999999999404e-02	-2.032285576900754176e-01	-6.458416251947904406e-04
3.142919999999999742e-02	-2.990951756961516828e-01	1.052676929038449038e-03
3.152443999999999386e-02	-3.936067885007286660e-01	3.356579649850532920e-05
3.161967999999999723e-02	-4.911671630086790752e-01	-6.458416251947904406e-04
3.171491999999999367e-02	-5.877112836155050646e-01	-4.042878733661269507e-03
3.181015999999999705e-02	-6.832391503212065231e-01	-5.741397287894509094e-03
3.190539999999999349e-02	-7.791057683272827328e-01	-8.119323263821044342e-03
3.200063999999999687e-02	-8.773436454359827552e-01	-1.015754552890093046e-02
3.209587999999999330e-02	-9.823565485521794649e-01	-1.355458263736740963e-02
3.219111999999999668e-02	9.366695680712200378e-01	3.770306615811631901e-03
3.228635999999999312e-02	8.411417013655186903e-01	6.148232591738167149e-03
3.238159999999999650e-02	7.466300885609417071e-01	4.789417748351575826e-03
3.247683999999999294e-02	6.541509835586136745e-01	7.167343724278111075e-03
3.257207999999999631e-02	5.576068629517877406e-01	5.129121459198223223e-03
3.266731999999999969e-02	4.647890066490850125e-01	5.468825170044871488e-03
3.276255999999999613e-02	3.665511295403849346e-01	4.449714037504927562e-03
3.285779999999999951e-02	2.713620141350583381e-01	3.430602904964984070e-03
3.295303999999999595e-02	1.775279039312310236e-01	2.411491772425040578e-03
3.304827999999999932e-02	8.064503202403028315e-02	7.129732181918010990e-04
3.314351999999999576e-02	-1.217282427867254907e-02	-9.855453360414383798e-04
3.323875999999999914e-02	-1.046519292810005330e-01	1.732084350731744700e-03
3.333399999999999558e-02	-2.015348011882012735e-01	1.732084350731744700e-03
3.342923999999999896e-02	-2.960464139927782568e-01	3.356579649850532920e-05
3.352447999999999539e-02	-3.949617937022279479e-01	-6.458416251947904406e-04
3.361971999999999877e-02	-4.908284117083042131e-01	-9.855453360414383798e-04
3.371495999999999521e-02	-5.860175271136308650e-01	-2.004656468581382089e-03
3.381019999999999859e-02	-6.818841451197071857e-01	-5.061989866201212565e-03
3.390543999999999503e-02	-7.780895144261582574e-01	-6.760508420434452152e-03
3.400067999999999840e-02	-8.759886402344835288e-01	-8.798730685514339137e-03
3.409591999999999484e-02	-9.806627920503052653e-01	-1.049724923974757959e-02
3.419115999999999822e-02	9.373470706719697620e-01	3.430602904964984070e-03
3.428639999999999466e-02	8.469004734718906802e-01	4.449714037504927562e-03
3.438163999999999804e-02	7.513726067661892216e-01	6.148232591738167149e-03
3.447687999999999447e-02	6.544897348589885366e-01	5.808528880891519752e-03
3.457211999999999785e-02	5.603168733547864155e-01	6.827640013431462811e-03
3.466735999999999429e-02	4.634340014475856750e-01	5.808528880891519752e-03
3.476259999999999767e-02	3.706161451448828914e-01	3.770306615811631901e-03
3.485783999999999411e-02	2.733945219373072888e-01	4.110010326658280165e-03
3.495307999999999748e-02	1.805766656346044774e-01	2.751195483271688409e-03
3.504831999999999392e-02	8.504879892890301885e-02	2.411491772425040578e-03
3.514355999999999730e-02	-1.183407297829772165e-02	-3.061379143481425557e-04
3.523879999999999374e-02	-1.107494526877474406e-01	2.751195483271688409e-03
3.533403999999999712e-02	-1.991635420855774885e-01	3.356579649850532920e-05
3.542927999999999356e-02	-3.001114295972761581e-01	1.052676929038449038e-03
3.552451999999999693e-02	-3.946230424018531413e-01	-3.061379143481425557e-04
3.561975999999999337e-02	-4.925221682101783571e-01	-6.458416251947904406e-04
3.571499999999999675e-02	-5.829687654102574390e-01	-2.004656468581382089e-03
3.581023999999999319e-02	-6.825616477204567989e-01	-6.420804709587804755e-03
3.590547999999999657e-02	-7.801220222284072081e-01	-6.420804709587804755e-03
3.600071999999999300e-02	-8.753111376337338045e-01	-9.138434396360988268e-03
3.609595999999999638e-02	-9.793077868488059279e-01	-1.151636037228752352e-02
3.619119999999999282e-02	9.397183297745935748e-01	3.770306615811631901e-03
3.628643999999999620e-02	8.462229708711410670e-01	5.808528880891519752e-03
3.638167999999999264e-02	7.503563528650647463e-01	4.449714037504927562e-03
3.647691999999999601e-02	6.561834913608626252e-01	7.846751145971405869e-03
3.657215999999999245e-02	5.603168733547864155e-01	5.468825170044871488e-03
3.666739999999999583e-02	4.664827631509591566e-01	5.808528880891519752e-03
3.676263999999999921e-02	3.689223886430087473e-01	5.129121459198223223e-03
3.685787999999999565e-02	2.720395167358080069e-01	2.751195483271688409e-03
3.695311999999999902e-02	1.778666552316058580e-01	2.411491772425040578e-03
3.704835999999999546e-02	8.335504242702890254e-02	2.751195483271688409e-03
3.714359999999999884e-02	-1.149532167792289249e-02	1.052676929038449038e-03
3.723883999999999528e-02	-1.056681831821250361e-01	-6.458416251947904406e-04
3.733407999999999866e-02	-2.008572985874516326e-01	-1.325249046888086210e-03
3.742931999999999509e-02	-2.974014191942775387e-01	1.392380639885096869e-03
3.752455999999999847e-02	-3.908967780977300466e-01	-9.855453360414383798e-04
3.761979999999999491e-02	-4.881184013053055937e-01	-1.664952757734734041e-03
3.771503999999999829e-02	-5.836462680110070522e-01	-3.023767601121325581e-03
3.781027999999999473e-02	-6.805291399182078482e-01	-5.741397287894509094e-03
3.790551999999999810e-02	-7.753795040231596936e-01	-7.100212131281100417e-03
3.800075999999999454e-02	-8.753111376337338045e-01	-9.138434396360988268e-03
3.809599999999999792e-02	-9.803240407499305142e-01	-1.151636037228752352e-02
3.819123999999999436e-02	9.400570810749683259e-01	5.468825170044871488e-03
3.828647999999999774e-02	8.469004734718906802e-01	6.148232591738167149e-03
3.838171999999999418e-02	7.500176015646899952e-01	4.789417748351575826e-03
3.847695999999999755e-02	6.538122322582388124e-01	5.808528880891519752e-03
3.857219999999999399e-02	5.633656350581598415e-01	5.808528880891519752e-03
3.866743999999999737e-02	4.641115040483353438e-01	4.789417748351575826e-03
3.876267999999999381e-02	3.706161451448828914e-01	4.110010326658280165e-03
3.885791999999999718e-02	2.750882784391814329e-01	3.770306615811631901e-03
3.895315999999999362e-02	1.758341474293568796e-01	1.052676929038449038e-03
3.904839999999999700e-02	8.267753982627923381e-02	1.052676929038449038e-03
3.914363999999999344e-02	-8.785311274924271358e-03	-9.855453360414383798e-04
3.923887999999999682e-02	-1.073619396839991524e-01	-3.061379143481425557e-04
3.933411999999999326e-02	-2.011960498878264669e-01	1.052676929038449038e-03
3.942935999999999663e-02	-2.967239165935278700e-01	-3.061379143481425557e-04
3.952459999999999307e-02	-3.919130319988545219e-01	1.392380639885096869e-03
3.961983999999999645e-02	-4.881184013053055937e-01	-3.061379143481425557e-04
3.971507999999999289e-02	-5.850012732125063897e-01	-3.363471311967973412e-03
3.981031999999999627e-02	-6.808678912185827103e-01	-4.382582444507916904e-03
3.990555999999999270e-02	-7.791057683272827328e-01	-7.779619552974395211e-03
4.000079999999999608e-02	-8.729398785311099918e-01	-9.478138107207635665e-03
4.009603999999999252e-02	-9.796465381491807900e-01	-1.287517521567411484e-02
4.019127999999999590e-02	9.420895888772172766e-01	3.430602904964984070e-03
4.028651999999999234e-02	8.475779760726404044e-01	5.129121459198223223e-03
4.038175999999999571e-02	7.513726067661892216e-01	4.449714037504927562e-03
4.047699999999999215e-02	6.575384965623619626e-01	6.827640013431462811e-03
4.057223999999999553e-02	5.626881324574102283e-01	5.808528880891519752e-03
4.066747999999999891e-02	4.671602657517088253e-01	6.827640013431462811e-03
4.076271999999999535e-02	3.716323990460073667e-01	3.430602904964984070e-03
4.085795999999999872e-02	2.764432836406807703e-01	4.110010326658280165e-03
4.095319999999999516e-02	1.792216604331051677e-01	7.129732181918010990e-04
4.104843999999999854e-02	8.742005803152683163e-02	7.129732181918010990e-04
4.114367999999999498e-02	-7.091554773050131634e-03	2.411491772425040578e-03
4.123891999999999836e-02	-1.066844370832495115e-01	3.356579649850532920e-05
4.133415999999999479e-02	-2.011960498878264669e-01	3.732695073451532141e-04
4.142939999999999817e-02	-2.957076626924033946e-01	3.732695073451532141e-04
4.152463999999999461e-02	-3.925905345996041906e-01	3.356579649850532920e-05
4.161987999999999799e-02	-4.850696396019321677e-01	-6.458416251947904406e-04
4.171511999999999443e-02	-5.829687654102574390e-01	-2.684063890274677750e-03
4.181035999999999780e-02	-6.801903886178329861e-01	-4.042878733661269507e-03
4.190559999999999424e-02	-7.760570066239093068e-01	-6.420804709587804755e-03
4.200083999999999762e-02	-8.712461220292359032e-01	-9.817841818054283062e-03
4.209607999999999406e-02	-9.789690355484311768e-01	-1.321487892652076224e-02
4.219131999999999744e-02	9.407345836757180502e-01	3.770306615811631901e-03
4.228655999999999388e-02	8.499492351752642172e-01	5.129121459198223223e-03
4.238179999999999725e-02	7.503563528650647463e-01	6.487936302584815414e-03
4.247703999999999369e-02	6.582159991631115759e-01	5.808528880891519752e-03
4.257227999999999707e-02	5.626881324574102283e-01	4.789417748351575826e-03
4.266751999999999351e-02	4.651277579494598191e-01	4.110010326658280165e-03
4.276275999999999688e-02	3.709548964452576980e-01	3.430602904964984070e-03
4.285799999999999332e-02	2.781370401425548589e-01	1.052676929038449038e-03
4.295323999999999670e-02	1.826091734368534558e-01	1.392380639885096869e-03
4.304847999999999314e-02	8.877506323302614133e-02	1.052676929038449038e-03
4.314371999999999652e-02	-5.736549571550820202e-03	-9.855453360414383798e-04
4.323895999999999296e-02	-1.012644162772522727e-01	1.052676929038449038e-03
4.333419999999999633e-02	-2.011960498878264669e-01	-1.664952757734734041e-03
4.342943999999999277e-02	-2.933364035897796374e-01	-6.458416251947904406e-04
4.352467999999999615e-02	-3.902192754969803778e-01	1.633934391713760467e-02
4.361991999999999259e-02	-4.874408987045559249e-01	-9.478138107207635665e-03
4.371515999999999597e-02	-5.809362576080084883e-01	-7.779619552974395211e-03
4.381039999999999240e-02	-6.764641243137099469e-01	-6.081100998741156491e-03
4.390563999999999578e-02	-7.740244988216603561e-01	-5.741397287894509094e-03
4.400087999999999222e-02	-8.729398785311099918e-01	-9.817841818054283062e-03
4.409611999999999560e-02	-9.782915329476814525e-01	-9.478138107207635665e-03
4.419135999999999204e-02	9.410733349760928013e-01	3.430602904964984070e-03
4.428659999999999541e-02	8.492717325745144930e-01	5.468825170044871488e-03
4.438183999999999185e-02	7.540826171691878965e-01	5.808528880891519752e-03
4.447707999999999523e-02	6.575384965623619626e-01	5.808528880891519752e-03
4.457231999999999167e-02	5.626881324574102283e-01	6.148232591738167149e-03
4.466755999999999505e-02	4.661440118505842944e-01	6.148232591738167149e-03
4.476279999999999842e-02	3.733261555478815108e-01	3.770306615811631901e-03
4.485803999999999486e-02	2.777982888421800522e-01	4.110010326658280165e-03
4.495327999999999824e-02	1.822704221364786215e-01	1.052676929038449038e-03
4.504851999999999468e-02	8.843631193265130697e-02	-3.061379143481425557e-04
4.514375999999999806e-02	-7.091554773050131634e-03	-3.061379143481425557e-04
4.523899999999999449e-02	-1.022806701783767480e-01	-3.061379143481425557e-04
4.533423999999999787e-02	-1.957760290818292004e-01	1.052676929038449038e-03
4.542947999999999431e-02	-2.950301600916537814e-01	7.129732181918010990e-04
4.552471999999999769e-02	-3.868317624932320897e-01	7.129732181918010990e-04
4.561995999999999413e-02	-4.854083909023069743e-01	7.129732181918010990e-04
4.571519999999999750e-02	-5.833075167106323011e-01	-2.004656468581382089e-03
4.581043999999999394e-02	-6.788353834163337597e-01	-5.061989866201212565e-03
4.590567999999999732e-02	-7.723307423197861565e-01	-6.760508420434452152e-03
4.600091999999999376e-02	-8.712461220292359032e-01	-9.138434396360988268e-03
4.609615999999999714e-02	-9.765977764458073640e-01	-1.253547150482746571e-02
4.619139999999999358e-02	9.451383505805908136e-01	4.110010326658280165e-03
4.628663999999999695e-02	8.502879864756389683e-01	4.449714037504927562e-03
4.638187999999999339e-02	7.534051145684382833e-01	5.808528880891519752e-03
4.647711999999999677e-02	6.605872582657353886e-01	6.148232591738167149e-03
4.657235999999999321e-02	5.630268837577849794e-01	6.148232591738167149e-03
4.666759999999999659e-02	4.681765196528333006e-01	5.129121459198223223e-03
4.676283999999999302e-02	3.756974146505052681e-01	5.129121459198223223e-03
4.685807999999999640e-02	2.777982888421800522e-01	3.430602904964984070e-03
4.695331999999999284e-02	1.866741890413513849e-01	1.732084350731744700e-03
4.704855999999999622e-02	8.979131713415061666e-02	3.356579649850532920e-05
4.714379999999999266e-02	-6.752803472675304210e-03	-1.664952757734734041e-03
4.723903999999999603e-02	-1.036356753798760577e-01	1.392380639885096869e-03
4.733427999999999247e-02	-1.991635420855774885e-01	1.052676929038449038e-03
4.742951999999999585e-02	-2.929976522894047752e-01	7.129732181918010990e-04
4.752475999999999229e-02	-3.898805241966055157e-01	1.052676929038449038e-03
