# Acquisizione Analog Discovery 2
# Timestamp 2024-10-03 09:59:18
# time	ch1	ch2
-1.315999999999999982e-02	-5.790424982927429992e-02	3.430602904964984070e-03
-1.313368000000000001e-02	4.702090274550822513e-01	5.129121459198223223e-03
-1.310736000000000019e-02	9.945960404353156870e-01	6.827640013431462811e-03
-1.308103999999999864e-02	-4.796496187959349289e-01	-1.325249046888086210e-03
-1.305471999999999883e-02	5.015741499029576639e-02	3.090899194118336239e-03
-1.302839999999999901e-02	5.769156870731529940e-01	4.789417748351575826e-03
-1.300207999999999919e-02	-9.047825007663438113e-01	-8.459026974667691740e-03
-1.297575999999999938e-02	-3.719267052767396553e-01	3.356579649850532920e-05
-1.294943999999999956e-02	1.561865720076168751e-01	2.411491772425040578e-03
-1.292311999999999975e-02	6.822673414897244548e-01	3.430602904964984070e-03
-1.289679999999999993e-02	-7.960433333460241734e-01	-8.798730685514339137e-03
-1.287048000000000011e-02	-2.682688073620423386e-01	-3.023767601121325581e-03
-1.284415999999999856e-02	2.584894647208148544e-01	3.090899194118336239e-03
-1.281783999999999875e-02	7.872802446059210535e-01	4.110010326658280165e-03
-1.279151999999999893e-02	-6.900141763287029884e-01	-6.760508420434452152e-03
-1.276519999999999912e-02	-1.622396503447212646e-01	-6.458416251947904406e-04
-1.273887999999999930e-02	3.675673834415094099e-01	2.751195483271688409e-03
-1.271255999999999949e-02	8.878893808172448887e-01	4.110010326658280165e-03
-1.268623999999999967e-02	-5.836462680110070522e-01	-7.100212131281100417e-03
-1.265991999999999985e-02	-5.688799592814981765e-02	-2.344360179428029919e-03
-1.263360000000000004e-02	4.708865300558319200e-01	1.732084350731744700e-03
-1.260728000000000022e-02	9.949347917356904381e-01	3.090899194118336239e-03
-1.258095999999999867e-02	-4.779558622940607848e-01	-3.703175022814621242e-03
-1.255463999999999886e-02	5.388367929441887499e-02	-6.458416251947904406e-04
-1.252831999999999904e-02	5.765769357727781319e-01	2.071788061578392747e-03
-1.250199999999999922e-02	-9.051212520667186734e-01	-9.138434396360988268e-03
-1.247567999999999941e-02	-3.729429591778641306e-01	-2.684063890274677750e-03
-1.244935999999999959e-02	1.572028259087413504e-01	3.090899194118336239e-03
-1.242303999999999978e-02	6.805735849878502552e-01	5.808528880891519752e-03
-1.239671999999999996e-02	-7.929945716426506364e-01	-7.100212131281100417e-03
-1.237040000000000015e-02	-2.679300560616675320e-01	7.129732181918010990e-04
-1.234407999999999860e-02	2.615382264241883359e-01	3.430602904964984070e-03
-1.231775999999999878e-02	7.845702342029223786e-01	5.129121459198223223e-03
-1.229143999999999896e-02	-6.859491607242050870e-01	-3.703175022814621242e-03
-1.226511999999999915e-02	-1.605458938428471205e-01	1.392380639885096869e-03
-1.223879999999999933e-02	3.699386425441332227e-01	3.770306615811631901e-03
-1.221247999999999952e-02	8.953419094254910782e-01	7.507047435124758472e-03
-1.218615999999999970e-02	-5.819525115091329637e-01	-2.004656468581382089e-03
-1.215983999999999988e-02	-5.519423942627568053e-02	1.732084350731744700e-03
-1.213352000000000007e-02	4.739352917592053460e-01	4.110010326658280165e-03
-1.210720000000000025e-02	1.111326490577647652e-01	1.392380639885096869e-03
-1.208087999999999870e-02	-4.766008570925614474e-01	-1.664952757734734041e-03
-1.205455999999999889e-02	5.252867409291955836e-02	2.071788061578392747e-03
-1.202823999999999907e-02	5.782706922746522205e-01	6.148232591738167149e-03
-1.200191999999999926e-02	-9.034274955648445848e-01	-7.779619552974395211e-03
-1.197559999999999944e-02	-3.678616896722417540e-01	3.732695073451532141e-04
-1.194927999999999962e-02	1.575415772091161848e-01	2.751195483271688409e-03
-1.192295999999999981e-02	6.853161031930978808e-01	3.090899194118336239e-03
-1.189663999999999999e-02	-7.926558203422758853e-01	-6.760508420434452152e-03
-1.187032000000000018e-02	-2.631875378564199619e-01	-1.325249046888086210e-03
-1.184399999999999863e-02	2.642482368271869553e-01	2.751195483271688409e-03
-1.181767999999999881e-02	7.866027420051713293e-01	3.770306615811631901e-03
-1.179135999999999899e-02	-6.873041659257044245e-01	-5.401693577047860829e-03
-1.176503999999999918e-02	-1.568196295387240258e-01	-1.325249046888086210e-03
-1.173871999999999936e-02	3.706161451448828914e-01	4.555386304994932245e-02
-1.171239999999999955e-02	8.929706503228672654e-01	6.487936302584815414e-03
-1.168607999999999973e-02	-5.826300141098825769e-01	-9.817841818054283062e-03
-1.165975999999999992e-02	-5.180672642252739934e-02	9.884973411051293721e-03
-1.163344000000000010e-02	4.735965404588305394e-01	2.347312184491720868e-02
-1.160712000000000028e-02	-9.854053102555528909e-01	-3.020006446885315637e-02
-1.158079999999999873e-02	-4.755846031914369720e-01	-1.253547150482746571e-02
-1.155447999999999892e-02	5.456118189516852984e-02	-4.382582444507916904e-03
-1.152815999999999910e-02	5.806419513772760332e-01	1.052676929038449038e-03
-1.150183999999999929e-02	-8.990237286599718214e-01	-1.015754552890093046e-02
-1.147551999999999947e-02	-3.692166948737410359e-01	-2.344360179428029919e-03
-1.144919999999999966e-02	1.582190798098658535e-01	3.430602904964984070e-03
-1.142287999999999984e-02	6.859936057938474940e-01	5.468825170044871488e-03
-1.139656000000000002e-02	-7.923170690419010231e-01	-4.042878733661269507e-03
-1.137024000000000021e-02	-2.628487865560450998e-01	7.129732181918010990e-04
-1.134391999999999866e-02	2.645869881275617619e-01	5.129121459198223223e-03
-1.131759999999999884e-02	7.906677576096693416e-01	8.526158567664702398e-03
-1.129127999999999903e-02	-6.842554042223309985e-01	-2.684063890274677750e-03
-1.126495999999999921e-02	-1.605458938428471205e-01	3.430602904964984070e-03
-1.123863999999999939e-02	3.706161451448828914e-01	5.468825170044871488e-03
-1.121231999999999958e-02	8.973744172277400288e-01	7.167343724278111075e-03
-1.118599999999999976e-02	-5.765324907031357249e-01	-6.458416251947904406e-04
-1.115967999999999995e-02	-5.045172122102808965e-02	2.071788061578392747e-03
-1.113336000000000013e-02	4.769840534625788275e-01	6.487936302584815414e-03
-1.110704000000000032e-02	-9.931965901641739425e-01	-1.015754552890093046e-02
-1.108071999999999876e-02	-4.701645823854397332e-01	-9.855453360414383798e-04
-1.105439999999999895e-02	5.456118189516852984e-02	3.770306615811631901e-03
-1.102807999999999913e-02	5.816582052784005086e-01	7.846751145971405869e-03
-1.100175999999999932e-02	-8.983462260592220971e-01	-7.439915842127747814e-03
-1.097543999999999950e-02	-3.668454357711172786e-01	-9.855453360414383798e-04
-1.094911999999999969e-02	1.619453441139889482e-01	2.071788061578392747e-03
-1.092279999999999987e-02	6.876873622957216936e-01	4.449714037504927562e-03
-1.089648000000000005e-02	-7.896070586389024593e-01	-7.439915842127747814e-03
-1.087016000000000024e-02	-2.625100352556702932e-01	3.732695073451532141e-04
-1.084383999999999869e-02	2.676357498309352434e-01	2.071788061578392747e-03
-1.081751999999999887e-02	7.893127524081700042e-01	4.789417748351575826e-03
-1.079119999999999906e-02	-6.852716581234554738e-01	-4.722286155354565168e-03
-1.076487999999999924e-02	-1.537708678353505720e-01	3.356579649850532920e-05
-1.073855999999999943e-02	3.719711503463821733e-01	1.392380639885096869e-03
-1.071223999999999961e-02	8.970356659273652777e-01	3.770306615811631901e-03
-1.068591999999999979e-02	-5.751774855016363874e-01	-4.722286155354565168e-03
-1.065959999999999998e-02	-4.909671601952877995e-02	-1.325249046888086210e-03
-1.063328000000000016e-02	4.793553125652025848e-01	4.110010326658280165e-03
-1.060696000000000035e-02	-9.979391083694214570e-01	-1.151636037228752352e-02
-1.058063999999999880e-02	-4.715195875869390707e-01	-3.363471311967973412e-03
-1.055431999999999898e-02	5.523868449591818469e-02	1.392380639885096869e-03
-1.052799999999999916e-02	5.864007234836481341e-01	3.090899194118336239e-03
-1.050167999999999935e-02	-8.963137182569731465e-01	-9.478138107207635665e-03
-1.047535999999999953e-02	-3.637966740677437971e-01	-3.061379143481425557e-04
-1.044903999999999972e-02	1.622840954143637826e-01	2.751195483271688409e-03
-1.042271999999999990e-02	6.873486109953468315e-01	5.129121459198223223e-03
-1.039640000000000009e-02	-7.892683073385275971e-01	-6.081100998741156491e-03
-1.037008000000000027e-02	-2.608162787537961491e-01	-3.061379143481425557e-04
-1.034375999999999872e-02	2.686520037320597187e-01	5.468825170044871488e-03
-1.031743999999999890e-02	7.947327732141672429e-01	7.846751145971405869e-03
-1.029111999999999909e-02	-6.795128860170833729e-01	-1.664952757734734041e-03
-1.026479999999999927e-02	-1.524158626338512623e-01	4.110010326658280165e-03
-1.023847999999999946e-02	3.719711503463821733e-01	6.148232591738167149e-03
-1.021215999999999964e-02	8.997456763303638416e-01	7.167343724278111075e-03
-1.018583999999999982e-02	-5.741612316005119121e-01	-1.664952757734734041e-03
-1.015952000000000001e-02	-4.943546731990360737e-02	4.449714037504927562e-03
-1.013320000000000019e-02	4.807103177667019223e-01	5.129121459198223223e-03
-1.010687999999999864e-02	-1.000987870072794994e+00	-1.049724923974757959e-02
-1.008055999999999883e-02	-4.684708258835655892e-01	-6.458416251947904406e-04
-1.005423999999999901e-02	5.828744619929163151e-02	2.071788061578392747e-03
-1.002791999999999920e-02	5.864007234836481341e-01	5.468825170044871488e-03
-1.000159999999999938e-02	-8.952974643558486711e-01	-8.459026974667691740e-03
-9.975279999999999564e-03	-3.641354253681186037e-01	-9.855453360414383798e-04
-9.948959999999999748e-03	1.646553545169875676e-01	2.751195483271688409e-03
-9.922639999999999932e-03	6.907361239990951196e-01	5.129121459198223223e-03
-9.896320000000000117e-03	-7.885908047377778729e-01	-6.081100998741156491e-03
-9.870000000000000301e-03	-2.574287657500478610e-01	-1.664952757734734041e-03
-9.843679999999998750e-03	2.683132524316848566e-01	2.751195483271688409e-03
-9.817359999999998935e-03	7.954102758149168562e-01	3.770306615811631901e-03
-9.791039999999999119e-03	-6.801903886178329861e-01	-6.420804709587804755e-03
-9.764719999999999303e-03	-1.510608574323519526e-01	-1.325249046888086210e-03
-9.738399999999999487e-03	3.773911711523794121e-01	3.090899194118336239e-03
-9.712079999999999672e-03	9.017781841326127923e-01	2.751195483271688409e-03
-9.685759999999999856e-03	-5.751774855016363874e-01	-5.401693577047860829e-03
-9.659440000000000040e-03	-4.435419781428118907e-02	1.392380639885096869e-03
-9.633120000000000224e-03	4.817265716678263976e-01	2.751195483271688409e-03
-9.606799999999998674e-03	-1.001665372673544718e+00	-1.151636037228752352e-02
-9.580479999999998858e-03	-4.677933232828159205e-01	-3.023767601121325581e-03
-9.554159999999999042e-03	6.099745660229025784e-02	7.129732181918010990e-04
-9.527839999999999226e-03	5.840294643810243214e-01	4.789417748351575826e-03
-9.501519999999999411e-03	-8.942812104547241958e-01	-8.798730685514339137e-03
-9.475199999999999595e-03	-3.610866636647451777e-01	3.356579649850532920e-05
-9.448879999999999779e-03	1.670266136196113527e-01	3.430602904964984070e-03
-9.422559999999999963e-03	6.897198700979706443e-01	4.110010326658280165e-03
-9.396240000000000148e-03	-7.855420430344044469e-01	-5.061989866201212565e-03
-9.369920000000000332e-03	-2.543800040466744350e-01	3.732695073451532141e-04
-9.343599999999998781e-03	2.703457602339338628e-01	5.468825170044871488e-03
-9.317279999999998966e-03	7.987977888186651443e-01	6.827640013431462811e-03
-9.290959999999999150e-03	-6.781578808155840354e-01	-3.363471311967973412e-03
-9.264639999999999334e-03	-1.517383600331015936e-01	3.090899194118336239e-03
-9.238319999999999518e-03	3.790849276542535562e-01	4.449714037504927562e-03
-9.211999999999999703e-03	9.021169354329876544e-01	6.487936302584815414e-03
-9.185679999999999887e-03	-5.738224803001370500e-01	-2.004656468581382089e-03
-9.159360000000000071e-03	-4.367669521353153422e-02	5.129121459198223223e-03
-9.133040000000000255e-03	4.837590794700753483e-01	6.148232591738167149e-03
-9.106719999999998705e-03	-1.004036631776168420e+00	-8.798730685514339137e-03
-9.080399999999998889e-03	-4.657608154805669698e-01	-6.458416251947904406e-04
-9.054079999999999073e-03	6.031995400154060299e-02	2.751195483271688409e-03
-9.027759999999999257e-03	5.860619721832732720e-01	5.468825170044871488e-03
-9.001439999999999442e-03	-8.932649565535997205e-01	-5.061989866201212565e-03
-8.975119999999999626e-03	-3.583766532617465583e-01	-1.664952757734734041e-03
-8.948799999999999810e-03	1.653328571177372364e-01	2.411491772425040578e-03
-8.922479999999999994e-03	6.931073831017189324e-01	5.129121459198223223e-03
-8.896160000000000179e-03	-7.841870378329051094e-01	-5.741397287894509094e-03
-8.869840000000000363e-03	-2.533637501455499597e-01	-9.855453360414383798e-04
-8.843519999999998812e-03	2.733945219373072888e-01	2.751195483271688409e-03
-8.817199999999998997e-03	7.977815349175406689e-01	4.110010326658280165e-03
-8.790879999999999181e-03	-6.754478704125854716e-01	-5.741397287894509094e-03
-8.764559999999999365e-03	-1.476733444286036645e-01	1.052676929038449038e-03
-8.738239999999999549e-03	3.797624302550032249e-01	2.751195483271688409e-03
-8.711919999999999734e-03	9.068594536382352800e-01	4.110010326658280165e-03
-8.685599999999999918e-03	-5.697574646956391486e-01	-5.401693577047860829e-03
-8.659280000000000102e-03	-3.961167960903359819e-02	-3.061379143481425557e-04
-8.632960000000000286e-03	4.851140846715746857e-01	4.789417748351575826e-03
-8.606639999999998736e-03	-1.004036631776168420e+00	-1.083695295059422699e-02
-8.580319999999998920e-03	-4.630508050775683504e-01	-2.344360179428029919e-03
-8.553999999999999104e-03	6.370746700528887030e-02	7.129732181918010990e-04
-8.527679999999999289e-03	5.877557286851474716e-01	4.789417748351575826e-03
-8.501359999999999473e-03	-8.885224383483520949e-01	-8.459026974667691740e-03
-8.475039999999999657e-03	-3.573603993606220830e-01	-1.664952757734734041e-03
-8.448719999999999841e-03	1.677041162203610214e-01	3.090899194118336239e-03
-8.422400000000000025e-03	6.968336474058419716e-01	5.808528880891519752e-03
-8.396080000000000210e-03	-7.831707839317806341e-01	-4.722286155354565168e-03
-8.369760000000000394e-03	-2.530249988451750975e-01	-9.855453360414383798e-04
-8.343439999999998843e-03	2.750882784391814329e-01	5.468825170044871488e-03
-8.317119999999999028e-03	7.998140427197896196e-01	5.808528880891519752e-03
-8.290799999999999212e-03	-6.730766113099616588e-01	-4.722286155354565168e-03
-8.264479999999999396e-03	-1.480120957289784989e-01	2.751195483271688409e-03
-8.238159999999999580e-03	3.824724406580018443e-01	5.808528880891519752e-03
-8.211839999999999765e-03	9.051656971363610804e-01	6.487936302584815414e-03
-8.185519999999999949e-03	-5.667087029922657226e-01	-2.684063890274677750e-03
-8.159200000000000133e-03	-4.130543611090774225e-02	2.411491772425040578e-03
-8.132880000000000317e-03	4.871465924738236364e-01	4.789417748351575826e-03
-8.106559999999998767e-03	-1.004375383076543171e+00	-9.138434396360988268e-03
-8.080239999999998951e-03	-4.610182972753193997e-01	-1.325249046888086210e-03
-8.053919999999999135e-03	6.370746700528887030e-02	4.110010326658280165e-03
-8.027599999999999320e-03	5.928369981907698483e-01	5.129121459198223223e-03
-8.001279999999999504e-03	-8.868286818464780064e-01	-9.478138107207635665e-03
-7.974959999999999688e-03	-3.563441454594976077e-01	-1.325249046888086210e-03
-7.948639999999999872e-03	1.693978727222351655e-01	2.751195483271688409e-03
-7.922320000000000056e-03	6.971723987062168337e-01	4.789417748351575826e-03
-7.896000000000000241e-03	-7.831707839317806341e-01	-6.760508420434452152e-03
-7.869680000000000425e-03	-2.499762371418016715e-01	-9.855453360414383798e-04
-7.843359999999998874e-03	2.774595375418052456e-01	3.090899194118336239e-03
-7.817039999999999059e-03	8.025240531227882945e-01	5.129121459198223223e-03
-7.790719999999999243e-03	-6.730766113099616588e-01	-8.459026974667691740e-03
-7.764399999999999427e-03	-1.453020853259798795e-01	3.356579649850532920e-05
-7.738079999999999611e-03	3.801011815553780315e-01	2.751195483271688409e-03
-7.711759999999999796e-03	9.078757075393597553e-01	3.430602904964984070e-03
-7.685439999999999980e-03	-5.646761951900167720e-01	-4.722286155354565168e-03
-7.659119999999999297e-03	-3.859542570790911592e-02	7.129732181918010990e-04
-7.632799999999999481e-03	4.901953541771971179e-01	3.430602904964984070e-03
-7.606479999999999665e-03	-1.004375383076543171e+00	-9.478138107207635665e-03
-7.580159999999999849e-03	-4.606795459749445376e-01	-1.664952757734734041e-03
-7.553840000000000034e-03	6.709498000903715842e-02	3.090899194118336239e-03
-7.527519999999999351e-03	5.911432416888957597e-01	4.449714037504927562e-03
-7.501199999999999535e-03	-8.861511792457282821e-01	-8.459026974667691740e-03
-7.474879999999999719e-03	-3.529566324557493195e-01	-1.325249046888086210e-03
-7.448559999999999903e-03	1.707528779237344752e-01	1.732084350731744700e-03
-7.422239999999999220e-03	6.958173935047174963e-01	5.808528880891519752e-03
-7.395919999999999404e-03	-7.784282657265331196e-01	-6.420804709587804755e-03
-7.369599999999999589e-03	-2.543800040466744350e-01	1.392380639885096869e-03
-7.343279999999999773e-03	2.754270297395562395e-01	3.770306615811631901e-03
-7.316959999999999957e-03	8.011690479212889571e-01	5.129121459198223223e-03
-7.290639999999999274e-03	-6.703666009069629839e-01	-4.042878733661269507e-03
-7.264319999999999458e-03	-1.459795879267295204e-01	2.411491772425040578e-03
-7.237999999999999642e-03	3.828111919583766509e-01	6.487936302584815414e-03
-7.211679999999999827e-03	9.071982049386100311e-01	7.167343724278111075e-03
-7.185360000000000011e-03	-5.677249568933901980e-01	-1.664952757734734041e-03
-7.159039999999999328e-03	-3.724042050640980622e-02	3.430602904964984070e-03
-7.132719999999999512e-03	4.868078411734488298e-01	4.789417748351575826e-03
-7.106399999999999696e-03	-1.004036631776168420e+00	-1.049724923974757959e-02
-7.080079999999999880e-03	-4.593245407734452557e-01	3.732695073451532141e-04
-7.053760000000000065e-03	6.709498000903715842e-02	3.770306615811631901e-03
-7.027439999999999382e-03	5.948695059930187989e-01	4.449714037504927562e-03
-7.001119999999999566e-03	-8.827636662419801050e-01	-7.779619552974395211e-03
-6.974799999999999750e-03	-3.526178811553744574e-01	-1.325249046888086210e-03
-6.948479999999999934e-03	1.734628883267330945e-01	3.090899194118336239e-03
-6.922159999999999251e-03	6.975111500065916958e-01	4.449714037504927562e-03
-6.895839999999999435e-03	-7.763957579242841689e-01	-7.439915842127747814e-03
-6.869519999999999620e-03	-2.476049780391778588e-01	-1.664952757734734041e-03
-6.843199999999999804e-03	2.784757914429297210e-01	1.052676929038449038e-03
-6.816879999999999988e-03	8.062503174269113337e-01	3.430602904964984070e-03
-6.790559999999999305e-03	-6.710441035077127081e-01	-6.420804709587804755e-03
-6.764239999999999489e-03	-1.402208158203574473e-01	3.732695073451532141e-04
-6.737919999999999673e-03	3.861987049621249390e-01	4.110010326658280165e-03
-6.711599999999999858e-03	9.112632205431080434e-01	6.148232591738167149e-03
-6.685280000000000042e-03	-5.623049360873929592e-01	-6.081100998741156491e-03
-6.658959999999999359e-03	-3.656291790566015137e-02	-1.664952757734734041e-03
-6.632639999999999543e-03	4.891791002760725871e-01	2.751195483271688409e-03
-6.606319999999999727e-03	-1.006069139578417371e+00	-1.185606408313417091e-02
-6.579999999999999911e-03	-4.579695355719459182e-01	-4.382582444507916904e-03
-6.553680000000000096e-03	6.709498000903715842e-02	1.052676929038449038e-03
-6.527359999999999413e-03	5.965632624948929985e-01	4.110010326658280165e-03
-6.501039999999999597e-03	-8.827636662419801050e-01	-8.798730685514339137e-03
-6.474719999999999781e-03	-3.543116376572486015e-01	-1.664952757734734041e-03
-6.448399999999999965e-03	1.758341474293568796e-01	1.732084350731744700e-03
-6.422079999999999282e-03	7.012374143107147351e-01	5.468825170044871488e-03
-6.395759999999999466e-03	-7.770732605250337821e-01	-7.100212131281100417e-03
-6.369439999999999651e-03	-2.435399624346799297e-01	3.732695073451532141e-04
-6.343119999999999835e-03	2.818633044466780091e-01	6.148232591738167149e-03
-6.316800000000000019e-03	8.092990791302848708e-01	4.449714037504927562e-03
-6.290479999999999336e-03	-6.683340931047140332e-01	-2.684063890274677750e-03
-6.264159999999999520e-03	-1.412370697214819226e-01	2.751195483271688409e-03
-6.237839999999999704e-03	3.858599536617501324e-01	6.148232591738167149e-03
-6.211519999999999889e-03	9.109244692427331813e-01	6.827640013431462811e-03
-6.185200000000000073e-03	-5.639986925892670477e-01	-6.458416251947904406e-04
-6.158879999999999390e-03	-3.215915100078738792e-02	3.090899194118336239e-03
-6.132559999999999574e-03	4.918891106790712064e-01	6.148232591738167149e-03
-6.106239999999999758e-03	-1.000310367472045270e+00	-7.439915842127747814e-03
-6.079919999999999942e-03	-4.566145303704466363e-01	-3.061379143481425557e-04
-6.053600000000000127e-03	7.149874691390992187e-02	2.751195483271688409e-03
-6.027279999999999444e-03	5.989345215975168113e-01	4.789417748351575826e-03
-6.000959999999999628e-03	-8.814086610404807676e-01	-8.119323263821044342e-03
-5.974639999999999812e-03	-3.482141142505017495e-01	-1.664952757734734041e-03
-5.948319999999999996e-03	1.738016396271079289e-01	3.090899194118336239e-03
-5.921999999999999313e-03	7.008986630103399840e-01	4.789417748351575826e-03
-5.895679999999999497e-03	-7.750407527227848314e-01	-7.779619552974395211e-03
-5.869359999999999682e-03	-2.448949676361792394e-01	-2.004656468581382089e-03
-5.843039999999999866e-03	2.794920453440541963e-01	1.392380639885096869e-03
-5.816720000000000050e-03	8.086215765295351465e-01	5.808528880891519752e-03
-5.790399999999999367e-03	-6.659628340020902204e-01	-6.760508420434452152e-03
-5.764079999999999551e-03	-1.385270593184833032e-01	-1.664952757734734041e-03
-5.737759999999999735e-03	3.912799744677473712e-01	2.411491772425040578e-03
-5.711439999999999920e-03	9.139732309461066073e-01	2.751195483271688409e-03
-5.685120000000000104e-03	-5.602724282851440085e-01	-5.061989866201212565e-03
-5.658799999999999421e-03	-3.114289709966290565e-02	3.732695073451532141e-04
-5.632479999999999605e-03	4.932441158805705439e-01	1.392380639885096869e-03
-5.606159999999999789e-03	-1.000987870072794994e+00	-1.185606408313417091e-02
-5.579839999999999973e-03	-4.549207738685724922e-01	-3.363471311967973412e-03
-5.553520000000000158e-03	7.183749821428475624e-02	3.090899194118336239e-03
-5.527199999999999475e-03	6.006282780993908998e-01	3.430602904964984070e-03
-5.500879999999999659e-03	-8.793761532382318169e-01	-8.459026974667691740e-03
-5.474559999999999843e-03	-3.488916168512513627e-01	-9.855453360414383798e-04
-5.448240000000000027e-03	1.758341474293568796e-01	3.770306615811631901e-03
-5.421919999999999344e-03	7.042861760140881611e-01	5.468825170044871488e-03
-5.395599999999999528e-03	-7.713144884186616812e-01	-6.081100998741156491e-03
-5.369279999999999713e-03	-2.411687033320561446e-01	2.071788061578392747e-03
-5.342959999999999897e-03	2.855895687508011038e-01	4.110010326658280165e-03
-5.316640000000000081e-03	8.130253434344079100e-01	7.507047435124758472e-03
-5.290319999999999398e-03	-6.639303261998412697e-01	-4.042878733661269507e-03
-5.263999999999999582e-03	-1.371720541169839935e-01	3.430602904964984070e-03
-5.237679999999999766e-03	3.906024718669977025e-01	4.789417748351575826e-03
-5.211359999999999951e-03	9.149894848472310827e-01	8.186454856818055001e-03
-5.185040000000000135e-03	-5.595949256843942843e-01	-1.664952757734734041e-03
-5.158719999999999452e-03	-3.283665360153704277e-02	3.090899194118336239e-03
-5.132399999999999636e-03	4.976478827854433074e-01	5.468825170044871488e-03
-5.106079999999999820e-03	-1.000987870072794994e+00	-9.138434396360988268e-03
-5.079760000000000005e-03	-4.542432712678228235e-01	-9.855453360414383798e-04
-5.053439999999999321e-03	7.251500081503439721e-02	2.751195483271688409e-03
-5.027119999999999506e-03	6.019832833008902373e-01	4.449714037504927562e-03
-5.000799999999999690e-03	-8.759886402344835288e-01	-8.459026974667691740e-03
-4.974479999999999874e-03	-3.471978603493772186e-01	-6.458416251947904406e-04
-4.948160000000000058e-03	1.819316708361037871e-01	2.411491772425040578e-03
-4.921839999999999375e-03	7.056411812155874985e-01	5.468825170044871488e-03
-4.895519999999999559e-03	-7.713144884186616812e-01	-8.459026974667691740e-03
-4.869199999999999744e-03	-2.415074546324309512e-01	-2.344360179428029919e-03
-4.842879999999999928e-03	2.855895687508011038e-01	3.430602904964984070e-03
-4.816560000000000112e-03	8.116703382329085725e-01	4.449714037504927562e-03
-4.790239999999999429e-03	-6.639303261998412697e-01	-5.401693577047860829e-03
-4.763919999999999613e-03	-1.327682872121112301e-01	-6.458416251947904406e-04
-4.737599999999999797e-03	3.936512335703711840e-01	3.430602904964984070e-03
-4.711279999999999982e-03	9.170219926494800333e-01	4.449714037504927562e-03
-4.684960000000000166e-03	-5.589174230836446711e-01	-5.401693577047860829e-03
-4.658639999999999483e-03	-2.877163799703911021e-02	1.052676929038449038e-03
-4.632319999999999667e-03	4.969703801846936386e-01	2.751195483271688409e-03
-4.605999999999999851e-03	-9.965841031679222306e-01	-1.151636037228752352e-02
-4.579680000000000036e-03	-4.515332608648242041e-01	-3.363471311967973412e-03
-4.553359999999999352e-03	7.691876771990716066e-02	2.411491772425040578e-03
-4.527039999999999537e-03	6.050320450042636633e-01	4.789417748351575826e-03
-4.500719999999999721e-03	-8.780211480367324794e-01	-9.817841818054283062e-03
-4.474399999999999905e-03	-3.455041038475030746e-01	-6.458416251947904406e-04
-4.448080000000000089e-03	1.836254273379779312e-01	3.430602904964984070e-03
-4.421759999999999406e-03	7.090286942193357866e-01	5.468825170044871488e-03
-4.395439999999999590e-03	-7.692819806164127305e-01	-4.382582444507916904e-03
-4.369119999999999775e-03	-2.391361955298071662e-01	1.732084350731744700e-03
-4.342799999999999959e-03	2.872833252526752479e-01	3.430602904964984070e-03
-4.316480000000000143e-03	8.126865921340331589e-01	5.808528880891519752e-03
-4.290159999999999460e-03	-6.632528235990916565e-01	-3.023767601121325581e-03
-4.263839999999999644e-03	-1.320907846113615891e-01	2.751195483271688409e-03
-4.237519999999999828e-03	3.933124822699963219e-01	5.468825170044871488e-03
-4.211200000000000013e-03	9.190545004517289840e-01	6.148232591738167149e-03
-4.184880000000000197e-03	-5.551911587795215208e-01	-6.458416251947904406e-04
-4.158559999999999514e-03	-2.538412499329083249e-02	3.090899194118336239e-03
-4.132239999999999698e-03	5.000191418880670646e-01	5.808528880891519752e-03
-4.105919999999999882e-03	-9.935353414645486936e-01	-9.478138107207635665e-03
-4.079600000000000067e-03	-4.495007530625752534e-01	-3.061379143481425557e-04
-4.053279999999999383e-03	7.624126511915751969e-02	3.770306615811631901e-03
-4.026959999999999568e-03	6.033382885023895748e-01	4.449714037504927562e-03
-4.000639999999999752e-03	-8.756498889341086667e-01	-7.439915842127747814e-03
-3.974319999999999936e-03	-3.444878499463785992e-01	3.732695073451532141e-04
-3.948000000000000120e-03	1.836254273379779312e-01	2.751195483271688409e-03
-3.921679999999999437e-03	7.086899429189609245e-01	4.110010326658280165e-03
-3.895359999999999621e-03	-7.665719702134141667e-01	-7.100212131281100417e-03
-3.869039999999999806e-03	-2.381199416286826909e-01	-3.061379143481425557e-04
-3.842719999999999990e-03	2.910095895567983426e-01	4.449714037504927562e-03
-3.816399999999999740e-03	8.133640947347827721e-01	3.770306615811631901e-03
-3.790079999999999925e-03	-6.598653105953433684e-01	-5.741397287894509094e-03
-3.763759999999999675e-03	-1.320907846113615891e-01	-3.061379143481425557e-04
-3.737439999999999860e-03	3.953449900722453281e-01	1.392380639885096869e-03
-3.711119999999999610e-03	9.190545004517289840e-01	6.148232591738167149e-03
-3.684799999999999794e-03	-5.531586509772725702e-01	-6.420804709587804755e-03
-3.658479999999999979e-03	-2.741663279553980051e-02	-3.061379143481425557e-04
-3.632159999999999729e-03	5.006966444888166778e-01	4.110010326658280165e-03
-3.605839999999999913e-03	-9.959066005671725064e-01	-1.151636037228752352e-02
-3.579519999999999664e-03	-4.495007530625752534e-01	-3.023767601121325581e-03
-3.553199999999999848e-03	7.929002682253094569e-02	3.356579649850532920e-05
-3.526880000000000032e-03	6.087583093083868135e-01	2.751195483271688409e-03
-3.500559999999999783e-03	-8.736173811318597160e-01	-9.817841818054283062e-03
-3.474239999999999967e-03	-3.427940934445044552e-01	-9.855453360414383798e-04
-3.447919999999999718e-03	1.866741890413513849e-01	3.770306615811631901e-03
-3.421599999999999902e-03	7.120774559227092126e-01	5.808528880891519752e-03
-3.395279999999999652e-03	-7.604744468066672036e-01	-5.741397287894509094e-03
-3.368959999999999837e-03	-2.381199416286826909e-01	1.052676929038449038e-03
-3.342640000000000021e-03	2.910095895567983426e-01	5.129121459198223223e-03
-3.316319999999999771e-03	8.160741051377813360e-01	7.167343724278111075e-03
-3.289999999999999956e-03	-6.595265592949685063e-01	-3.363471311967973412e-03
-3.263679999999999706e-03	-1.287032716076133010e-01	1.392380639885096869e-03
-3.237359999999999891e-03	3.953449900722453281e-01	5.808528880891519752e-03
-3.211039999999999641e-03	9.221032621551025210e-01	6.827640013431462811e-03
-3.184719999999999825e-03	-5.534974022776474323e-01	-2.004656468581382089e-03
-3.158400000000000010e-03	-2.843288669666428278e-02	3.430602904964984070e-03
-3.132079999999999760e-03	5.010353957891915400e-01	5.468825170044871488e-03
-3.105759999999999944e-03	-9.915028336622997429e-01	-8.798730685514339137e-03
-3.079439999999999695e-03	-4.474682452603262472e-01	-6.458416251947904406e-04
-3.053119999999999879e-03	8.030628072365544878e-02	3.770306615811631901e-03
-3.026800000000000063e-03	6.074033041068874761e-01	5.468825170044871488e-03
-3.000479999999999814e-03	-8.712461220292359032e-01	-8.459026974667691740e-03
-2.974159999999999998e-03	-3.407615856422555045e-01	-9.855453360414383798e-04
-2.947839999999999749e-03	1.856579351402268818e-01	2.411491772425040578e-03
-2.921519999999999933e-03	7.124162072230840748e-01	5.129121459198223223e-03
-2.895199999999999683e-03	-7.652169650119148292e-01	-6.420804709587804755e-03
-2.868879999999999868e-03	-2.360874338264337124e-01	1.052676929038449038e-03
-2.842560000000000052e-03	2.903320869560486739e-01	3.430602904964984070e-03
-2.816239999999999803e-03	8.170903590389058113e-01	4.449714037504927562e-03
-2.789919999999999987e-03	-6.571553001923446935e-01	-6.420804709587804755e-03
-2.763599999999999737e-03	-1.273482664061139913e-01	-1.325249046888086210e-03
-2.737279999999999922e-03	3.980550004752439475e-01	2.751195483271688409e-03
-2.710959999999999672e-03	9.237970186569766096e-01	4.789417748351575826e-03
-2.684639999999999856e-03	-5.511261431750236195e-01	-4.382582444507916904e-03
-2.658320000000000041e-03	-2.436787109216635022e-02	7.129732181918010990e-04
-2.631999999999999791e-03	5.027291522910656285e-01	4.449714037504927562e-03
-2.605679999999999975e-03	-9.904865797611752676e-01	-1.117665666144087439e-02
-2.579359999999999726e-03	-4.447582348573276279e-01	-3.061379143481425557e-04
-2.553039999999999910e-03	8.403254502777854351e-02	7.129732181918010990e-04
-2.526719999999999661e-03	6.077420554072623382e-01	4.789417748351575826e-03
-2.500399999999999845e-03	-8.705686194284862900e-01	-9.478138107207635665e-03
-2.474080000000000029e-03	-3.404228343418806979e-01	-6.458416251947904406e-04
-2.447759999999999780e-03	1.887066968436003356e-01	3.430602904964984070e-03
-2.421439999999999964e-03	7.124162072230840748e-01	5.129121459198223223e-03
-2.395119999999999715e-03	-7.614907007077916790e-01	-6.420804709587804755e-03
-2.368799999999999899e-03	-2.333774234234350931e-01	1.392380639885096869e-03
-2.342480000000000083e-03	2.930420973590472933e-01	3.430602904964984070e-03
-2.316159999999999834e-03	8.201391207422793483e-01	5.808528880891519752e-03
-2.289840000000000018e-03	-6.578328027930944177e-01	-3.363471311967973412e-03
-2.263519999999999768e-03	-1.256545099042398472e-01	3.090899194118336239e-03
-2.237199999999999953e-03	3.970387465741194721e-01	4.110010326658280165e-03
-2.210879999999999703e-03	9.275232829610997598e-01	8.865862278511349795e-03
-2.184559999999999887e-03	-5.504486405742740063e-01	-9.855453360414383798e-04
-2.158240000000000072e-03	-2.131910938879289993e-02	4.110010326658280165e-03
-2.131919999999999822e-03	5.044229087929398281e-01	5.808528880891519752e-03
-2.105600000000000006e-03	-9.864215641566773662e-01	-1.117665666144087439e-02
-2.079279999999999757e-03	-4.444194835569528212e-01	-6.458416251947904406e-04
-2.052959999999999941e-03	8.572630152965268757e-02	3.430602904964984070e-03
-2.026639999999999692e-03	6.107908171106357642e-01	4.449714037504927562e-03
-2.000319999999999876e-03	-8.665036038239882776e-01	-8.119323263821044342e-03
-1.974000000000000060e-03	-3.370353213381324098e-01	3.356579649850532920e-05
-1.947679999999999811e-03	1.920942098473486237e-01	3.090899194118336239e-03
-1.921359999999999995e-03	7.164812228275819761e-01	3.770306615811631901e-03
-1.895039999999999962e-03	-7.601356955062923415e-01	-9.138434396360988268e-03
-1.868719999999999930e-03	-2.286349052181874952e-01	-2.684063890274677750e-03
-1.842399999999999897e-03	2.950746051612962995e-01	2.411491772425040578e-03
-1.816079999999999865e-03	8.208166233430289616e-01	5.468825170044871488e-03
-1.789759999999999832e-03	-6.537677871885964054e-01	-5.061989866201212565e-03
-1.763440000000000016e-03	-1.239607534023657309e-01	-1.325249046888086210e-03
-1.737119999999999984e-03	4.027975186804915175e-01	2.411491772425040578e-03
-1.710799999999999951e-03	9.265070290599752845e-01	4.110010326658280165e-03
-1.684479999999999918e-03	-5.463836249697759939e-01	-5.061989866201212565e-03
-1.658159999999999886e-03	-1.894785028616910449e-02	3.732695073451532141e-04
-1.631839999999999853e-03	5.071329191959383920e-01	3.090899194118336239e-03
-1.605519999999999821e-03	-9.840503050540535535e-01	-1.083695295059422699e-02
-1.579200000000000005e-03	-4.406932192528297265e-01	-2.004656468581382089e-03
-1.552879999999999972e-03	8.572630152965268757e-02	3.732695073451532141e-04
-1.526559999999999940e-03	6.131620762132595770e-01	3.770306615811631901e-03
-1.500239999999999907e-03	-8.648098473221141891e-01	-9.478138107207635665e-03
-1.473919999999999874e-03	-3.353415648362582657e-01	-2.344360179428029919e-03
-1.447599999999999842e-03	1.904004533454744796e-01	2.071788061578392747e-03
-1.421280000000000026e-03	7.171587254283317003e-01	6.487936302584815414e-03
-1.394959999999999993e-03	-7.587806903047931151e-01	-4.042878733661269507e-03
-1.368639999999999961e-03	-2.296511591193119983e-01	2.411491772425040578e-03
-1.342319999999999928e-03	2.971071129635452501e-01	4.449714037504927562e-03
-1.315999999999999896e-03	8.231878824456527743e-01	6.827640013431462811e-03
-1.289679999999999863e-03	-6.530902845878467922e-01	-2.344360179428029919e-03
-1.263359999999999830e-03	-1.232832508016160622e-01	2.071788061578392747e-03
-1.237040000000000015e-03	4.027975186804915175e-01	4.449714037504927562e-03
-1.210719999999999982e-03	9.275232829610997598e-01	6.487936302584815414e-03
-1.184399999999999949e-03	-5.433348632664025679e-01	-2.344360179428029919e-03
-1.158079999999999917e-03	-1.759284508466979480e-02	4.110010326658280165e-03
-1.131759999999999884e-03	5.115366861008111554e-01	6.148232591738167149e-03
-1.105439999999999852e-03	-9.826952998525542160e-01	-8.459026974667691740e-03
-1.079120000000000036e-03	-4.413707218535793952e-01	-9.855453360414383798e-04
-1.052800000000000003e-03	8.538755022927785321e-02	2.751195483271688409e-03
-1.026479999999999971e-03	6.155333353158832788e-01	5.808528880891519752e-03
-1.000159999999999938e-03	-8.637935934209897137e-01	-6.760508420434452152e-03
-9.738399999999999054e-04	-3.339865596347589283e-01	-1.325249046888086210e-03
-9.475199999999999812e-04	1.924329611477234581e-01	1.392380639885096869e-03
-9.211999999999999486e-04	7.208849897324547396e-01	4.789417748351575826e-03
-8.948799999999999160e-04	-7.581031877040433908e-01	-7.100212131281100417e-03
-8.685599999999999918e-04	-2.306674130204364737e-01	3.356579649850532920e-05
-8.422399999999999592e-04	2.994783720661690629e-01	1.732084350731744700e-03
-8.159199999999999266e-04	8.248816389475268629e-01	3.770306615811631901e-03
-7.896000000000000024e-04	-6.513965280859727036e-01	-5.401693577047860829e-03
-7.632799999999999698e-04	-1.253157586038650406e-01	1.732084350731744700e-03
-7.369599999999999372e-04	4.058462803838649435e-01	2.411491772425040578e-03
-7.106400000000000130e-04	9.305720446644731858e-01	4.449714037504927562e-03
-6.843199999999999804e-04	-5.433348632664025679e-01	-4.382582444507916904e-03
-6.579999999999999478e-04	-1.454408338129634277e-02	-3.061379143481425557e-04
-6.316799999999999152e-04	5.111979348004364043e-01	2.751195483271688409e-03
-6.053599999999999910e-04	-9.796465381491807900e-01	-1.253547150482746571e-02
-5.790399999999999584e-04	-4.406932192528297265e-01	-6.458416251947904406e-04
-5.527199999999999258e-04	8.945256583377578230e-02	2.071788061578392747e-03
-5.264000000000000016e-04	6.135008275136343281e-01	3.430602904964984070e-03
-5.000799999999999690e-04	-8.661648525236135265e-01	-8.119323263821044342e-03
-4.737599999999999906e-04	-3.319540518325099776e-01	7.129732181918010990e-04
-4.474399999999999580e-04	1.968367280525962215e-01	3.430602904964984070e-03
-4.211199999999999796e-04	7.219012436335792149e-01	6.148232591738167149e-03
-3.948000000000000012e-04	-7.540381720995454895e-01	-4.722286155354565168e-03
-3.684799999999999686e-04	-2.272799000166881855e-01	2.071788061578392747e-03
-3.421599999999999902e-04	2.984621181650445321e-01	5.129121459198223223e-03
-3.158399999999999576e-04	8.292854058523996263e-01	7.507047435124758472e-03
-2.895199999999999792e-04	-6.480090150822244155e-01	-2.684063890274677750e-03
-2.632000000000000008e-04	-1.222669969004915869e-01	3.090899194118336239e-03
-2.368799999999999953e-04	4.078787881861139497e-01	5.468825170044871488e-03
-2.105599999999999898e-04	9.329433037670969986e-01	7.846751145971405869e-03
-1.842399999999999843e-04	-5.440123658671522922e-01	-2.004656468581382089e-03
-1.579199999999999788e-04	-1.725409378429496737e-02	3.770306615811631901e-03
-1.316000000000000004e-04	5.111979348004364043e-01	5.129121459198223223e-03
-1.052799999999999949e-04	-9.793077868488059279e-01	-9.138434396360988268e-03
-7.895999999999998940e-05	-4.400157166520800578e-01	3.356579649850532920e-05
-5.263999999999999745e-05	8.911381453340097569e-02	4.110010326658280165e-03
-2.631999999999999872e-05	6.168883405173826162e-01	5.468825170044871488e-03
0.000000000000000000e+00	-8.590510752157420882e-01	-7.779619552974395211e-03
2.631999999999999872e-05	-3.319540518325099776e-01	-9.855453360414383798e-04
5.263999999999999745e-05	1.964979767522213872e-01	2.751195483271688409e-03
7.895999999999998940e-05	7.215624923332044638e-01	5.129121459198223223e-03
1.052799999999999949e-04	-7.550544260006699648e-01	-4.382582444507916904e-03
1.316000000000000004e-04	-2.235536357125650908e-01	-3.061379143481425557e-04
1.579199999999999788e-04	3.015108798684180136e-01	1.392380639885096869e-03
1.842399999999999843e-04	8.272528980501506757e-01	3.090899194118336239e-03
2.105599999999999898e-04	-6.480090150822244155e-01	-5.741397287894509094e-03
2.368799999999999953e-04	-1.192182351971181331e-01	3.732695073451532141e-04
2.632000000000000008e-04	4.082175394864887563e-01	2.411491772425040578e-03
2.895199999999999792e-04	9.342983089685963360e-01	3.090899194118336239e-03
3.158399999999999576e-04	-5.429961119660278168e-01	-4.382582444507916904e-03
3.421599999999999902e-04	-1.183407297829772165e-02	1.732084350731744700e-03
3.684799999999999686e-04	5.139079452034349682e-01	3.770306615811631901e-03
3.948000000000000012e-04	-9.782915329476814525e-01	-1.083695295059422699e-02
4.211199999999999796e-04	-4.325631880438338683e-01	-1.325249046888086210e-03
4.474399999999999580e-04	9.148507363602476072e-02	1.392380639885096869e-03
4.737599999999999906e-04	6.165495892170077541e-01	3.090899194118336239e-03
5.000799999999999690e-04	-8.587123239153672261e-01	-1.049724923974757959e-02
5.264000000000000016e-04	-3.299215440302610269e-01	-3.061379143481425557e-04
5.527199999999999258e-04	1.975142306533458625e-01	4.449714037504927562e-03
5.790399999999999584e-04	7.242725027362030277e-01	4.789417748351575826e-03
6.053599999999999910e-04	-7.520056642972965388e-01	-4.722286155354565168e-03
6.316799999999999152e-04	-2.238923870129399252e-01	3.356579649850532920e-05
6.579999999999999478e-04	3.038821389710418264e-01	4.110010326658280165e-03
6.843199999999999804e-04	8.303016597535241017e-01	5.129121459198223223e-03
7.106400000000000130e-04	-6.466540098807250780e-01	-2.344360179428029919e-03
7.369599999999999372e-04	-1.165082247941195137e-01	3.090899194118336239e-03
7.632799999999999698e-04	4.095725446879880938e-01	5.808528880891519752e-03
7.896000000000000024e-04	9.356533141700955625e-01	7.167343724278111075e-03
8.159199999999999266e-04	-5.379148424604053291e-01	-2.004656468581382089e-03
8.422399999999999592e-04	-1.318907817979703308e-02	4.110010326658280165e-03
8.685599999999999918e-04	5.152629504049343057e-01	5.468825170044871488e-03
8.948799999999999160e-04	-9.755815225446828887e-01	-7.100212131281100417e-03
9.211999999999999486e-04	-4.335794419449583437e-01	-6.458416251947904406e-04
9.475199999999999812e-04	9.656634314164716515e-02	1.732084350731744700e-03
9.738399999999999054e-04	6.216308587226302418e-01	4.789417748351575826e-03
1.000159999999999938e-03	-8.648098473221141891e-01	-7.439915842127747814e-03
1.026479999999999971e-03	-3.295827927298862203e-01	-9.855453360414383798e-04
1.052800000000000003e-03	2.012404949574689850e-01	2.751195483271688409e-03
1.079120000000000036e-03	7.256275079377023651e-01	3.430602904964984070e-03
1.105439999999999852e-03	-7.472631460920489133e-01	-7.779619552974395211e-03
1.131759999999999884e-03	-2.211823766099413058e-01	3.356579649850532920e-05
1.158079999999999917e-03	3.042208902714166330e-01	2.411491772425040578e-03
1.184399999999999949e-03	8.255591415482765871e-01	2.071788061578392747e-03
1.210719999999999982e-03	-6.436052481773516520e-01	-6.081100998741156491e-03
1.237040000000000015e-03	-1.161694734937446793e-01	3.732695073451532141e-04
1.263359999999999830e-03	4.105887985891125691e-01	1.392380639885096869e-03
1.289679999999999863e-03	9.356533141700955625e-01	5.129121459198223223e-03
1.315999999999999896e-03	-5.348660807570319031e-01	-4.722286155354565168e-03
1.342319999999999928e-03	-9.801565176048753630e-03	-6.458416251947904406e-04
1.368639999999999961e-03	5.152629504049343057e-01	1.732084350731744700e-03
1.394959999999999993e-03	-9.725327608413094627e-01	-1.117665666144087439e-02
1.421280000000000026e-03	-4.315469341427093375e-01	-2.344360179428029919e-03
1.447599999999999842e-03	9.859885094389614357e-02	2.411491772425040578e-03
1.473919999999999874e-03	6.182433457188819537e-01	4.449714037504927562e-03
1.500239999999999907e-03	-8.563410648127435243e-01	-9.138434396360988268e-03
1.526559999999999940e-03	-3.268727823268875454e-01	3.356579649850532920e-05
1.552879999999999972e-03	2.032730027597179356e-01	4.110010326658280165e-03
1.579200000000000005e-03	7.276600157399513158e-01	5.468825170044871488e-03
1.605519999999999821e-03	-7.486181512935482507e-01	-4.042878733661269507e-03
1.631839999999999853e-03	-2.211823766099413058e-01	1.732084350731744700e-03
1.658159999999999886e-03	3.062533980736655836e-01	4.449714037504927562e-03
1.684479999999999918e-03	8.313179136546486880e-01	6.487936302584815414e-03
1.710799999999999951e-03	-6.408952377743529771e-01	-2.344360179428029919e-03
1.737119999999999984e-03	-1.137982143911208943e-01	4.110010326658280165e-03
1.763440000000000016e-03	4.109275498894873757e-01	5.468825170044871488e-03
1.789759999999999832e-03	9.370083193715948999e-01	7.507047435124758472e-03
1.816079999999999865e-03	-5.402861015630291419e-01	-9.855453360414383798e-04
1.842399999999999897e-03	-9.462813875673926206e-03	3.770306615811631901e-03
1.868719999999999930e-03	5.176342095075581184e-01	5.129121459198223223e-03
1.895039999999999962e-03	-9.732102634420590759e-01	-9.138434396360988268e-03
1.921359999999999995e-03	-4.295144263404603868e-01	-1.325249046888086210e-03
1.947679999999999811e-03	9.622759184127235854e-02	4.449714037504927562e-03
1.974000000000000060e-03	6.240021178252540546e-01	6.148232591738167149e-03
2.000319999999999876e-03	-8.519372979078707608e-01	-7.779619552974395211e-03
2.026639999999999692e-03	-3.241627719238889260e-01	-1.325249046888086210e-03
2.052959999999999941e-03	2.036117540600927700e-01	3.090899194118336239e-03
2.079279999999999757e-03	7.266437618388268405e-01	3.090899194118336239e-03
2.105600000000000006e-03	-7.489569025939231128e-01	-6.081100998741156491e-03
2.131919999999999822e-03	-2.167786097050685423e-01	-6.458416251947904406e-04
2.158240000000000072e-03	3.089634084766642030e-01	2.411491772425040578e-03
2.184559999999999887e-03	8.330116701565227766e-01	3.770306615811631901e-03
2.210879999999999703e-03	-6.422502429758523146e-01	-5.741397287894509094e-03
2.237199999999999953e-03	-1.127819604899964190e-01	-9.855453360414383798e-04
2.263519999999999768e-03	4.119438037906118510e-01	2.071788061578392747e-03
2.289840000000000018e-03	9.397183297745935748e-01	2.751195483271688409e-03
2.316159999999999834e-03	-5.348660807570319031e-01	-7.100212131281100417e-03
2.342480000000000083e-03	-4.720295670426337062e-03	-3.061379143481425557e-04
2.368799999999999899e-03	5.189892147090573449e-01	7.129732181918010990e-04
2.395119999999999715e-03	-9.688064965371863124e-01	-1.219576779398081831e-02
2.421439999999999964e-03	-4.298531776408352489e-01	-1.325249046888086210e-03
2.447759999999999780e-03	1.006313587461451220e-01	1.392380639885096869e-03
2.474080000000000029e-03	6.253571230267532810e-01	3.770306615811631901e-03
2.500399999999999845e-03	-8.526148005086203741e-01	-8.459026974667691740e-03
2.526719999999999661e-03	-3.187427511178916872e-01	-9.855453360414383798e-04
2.553039999999999910e-03	2.073380183642158647e-01	2.411491772425040578e-03
2.579359999999999726e-03	7.303700261429499907e-01	4.789417748351575826e-03
2.605679999999999975e-03	-7.435368817879258740e-01	-5.401693577047860829e-03
2.631999999999999791e-03	-2.188111175073174930e-01	1.732084350731744700e-03
2.658320000000000041e-03	3.099796623777886784e-01	4.110010326658280165e-03
2.684639999999999856e-03	8.360604318598962026e-01	6.487936302584815414e-03
2.710959999999999672e-03	-6.429277455766019278e-01	-2.344360179428029919e-03
2.737279999999999922e-03	-1.093944474862481309e-01	3.430602904964984070e-03
2.763599999999999737e-03	4.156700680947350013e-01	4.789417748351575826e-03
2.789919999999999987e-03	9.434445940787166140e-01	6.487936302584815414e-03
2.816239999999999803e-03	-5.338498268559074278e-01	-3.023767601121325581e-03
2.842560000000000052e-03	-3.704041769301853922e-03	3.430602904964984070e-03
2.868879999999999868e-03	5.196667173098070691e-01	5.468825170044871488e-03
2.895199999999999683e-03	-9.684677452368114503e-01	-8.119323263821044342e-03
2.921519999999999933e-03	-4.288369237397107181e-01	1.052676929038449038e-03
2.947839999999999749e-03	1.016476126472695973e-01	5.468825170044871488e-03
2.974159999999999998e-03	6.263733769278778674e-01	5.808528880891519752e-03
3.000479999999999814e-03	-8.499047901056218102e-01	-6.760508420434452152e-03
3.026800000000000063e-03	-3.180652485171420740e-01	-1.325249046888086210e-03
3.053119999999999879e-03	2.059830131627165550e-01	2.071788061578392747e-03
3.079439999999999695e-03	7.313862800440744660e-01	6.487936302584815414e-03
3.105759999999999944e-03	-7.462468921909244379e-01	-5.061989866201212565e-03
3.132079999999999760e-03	-2.147461019028195639e-01	-3.061379143481425557e-04
3.158400000000000010e-03	3.123509214804124912e-01	3.430602904964984070e-03
3.184719999999999825e-03	8.377541883617704022e-01	4.110010326658280165e-03
3.211039999999999641e-03	-6.361527195691054626e-01	-5.401693577047860829e-03
3.237359999999999891e-03	-1.083781935851236555e-01	3.732695073451532141e-04
3.263679999999999706e-03	4.180413271973587586e-01	2.411491772425040578e-03
3.289999999999999956e-03	9.441220966794663383e-01	3.090899194118336239e-03
3.316319999999999771e-03	-5.308010651525340018e-01	-4.382582444507916904e-03
3.342640000000000021e-03	-3.026539168552198206e-03	1.052676929038449038e-03
3.368959999999999837e-03	5.230542303135553572e-01	4.110010326658280165e-03
3.395279999999999652e-03	-9.664352374345624996e-01	-1.151636037228752352e-02
3.421599999999999902e-03	-4.264656646370869608e-01	-2.344360179428029919e-03
3.447919999999999718e-03	1.016476126472695973e-01	2.751195483271688409e-03
3.474239999999999967e-03	6.290833873308764312e-01	5.129121459198223223e-03
3.500559999999999783e-03	-8.502435414059965613e-01	-9.817841818054283062e-03
3.526880000000000032e-03	-3.211140102205155000e-01	3.356579649850532920e-05
3.553199999999999848e-03	2.086930235657151744e-01	3.770306615811631901e-03
3.579519999999999664e-03	7.330800365459485546e-01	6.487936302584815414e-03
3.605839999999999913e-03	-7.398106174838027238e-01	-5.401693577047860829e-03
3.632159999999999729e-03	-2.110198375986964692e-01	3.732695073451532141e-04
3.658479999999999979e-03	3.109959162789132092e-01	4.110010326658280165e-03
3.684799999999999794e-03	8.384316909625200154e-01	4.789417748351575826e-03
3.711119999999999610e-03	-6.344589630672312630e-01	-2.344360179428029919e-03
3.737439999999999860e-03	-1.077006909843739868e-01	1.392380639885096869e-03
3.763759999999999675e-03	4.193963323988580960e-01	5.808528880891519752e-03
3.790079999999999925e-03	9.444608479798410894e-01	7.167343724278111075e-03
3.816399999999999740e-03	-5.267360495480359894e-01	7.129732181918010990e-04
3.842719999999999990e-03	-4.381544370051509638e-03	3.090899194118336239e-03
3.869039999999999806e-03	5.240704842146798326e-01	6.148232591738167149e-03
3.895359999999999621e-03	-9.647414809326884111e-01	-8.798730685514339137e-03
3.921679999999999437e-03	-4.230781516333386727e-01	3.732695073451532141e-04
3.948000000000000120e-03	1.006313587461451220e-01	3.090899194118336239e-03
3.974319999999999936e-03	6.297608899316260445e-01	4.110010326658280165e-03
4.000639999999999752e-03	-8.495660388052469481e-01	-8.798730685514339137e-03
4.026959999999999568e-03	-3.180652485171420740e-01	1.052676929038449038e-03
4.053279999999999383e-03	2.103867800675893185e-01	4.789417748351575826e-03
4.079600000000000067e-03	7.351125443481975053e-01	4.789417748351575826e-03
4.105919999999999882e-03	-7.415043739856768124e-01	-6.081100998741156491e-03
4.132239999999999698e-03	-2.171173610054433767e-01	-2.004656468581382089e-03
4.158559999999999514e-03	3.167546883852852546e-01	3.732695073451532141e-04
4.184880000000000197e-03	8.377541883617704022e-01	2.751195483271688409e-03
4.211200000000000013e-03	-6.368302221698550758e-01	-6.081100998741156491e-03
4.237519999999999828e-03	-1.077006909843739868e-01	-9.855453360414383798e-04
4.263839999999999644e-03	4.197350836992329026e-01	2.751195483271688409e-03
4.290159999999999460e-03	9.481871122839642396e-01	4.110010326658280165e-03
4.316480000000000143e-03	-5.294460599510346643e-01	-4.382582444507916904e-03
4.342799999999999959e-03	6.997251355709076899e-04	3.732695073451532141e-04
4.369119999999999775e-03	5.271192459180532586e-01	1.392380639885096869e-03
4.395439999999999590e-03	-9.589827088263163102e-01	-1.185606408313417091e-02
4.421759999999999406e-03	-4.240944055344631480e-01	-2.004656468581382089e-03
4.448080000000000089e-03	1.026638665483940727e-01	1.392380639885096869e-03
4.474399999999999905e-03	6.304383925323757687e-01	3.430602904964984070e-03
4.500719999999999721e-03	-8.455010232007490467e-01	-9.478138107207635665e-03
4.527039999999999537e-03	-3.153552381141433991e-01	-6.458416251947904406e-04
4.553359999999999352e-03	2.107255313679641529e-01	2.751195483271688409e-03
4.579680000000000036e-03	7.354512956485723674e-01	3.770306615811631901e-03
4.605999999999999851e-03	-7.408268713849271991e-01	-6.420804709587804755e-03
4.632319999999999667e-03	-2.106810862983216348e-01	-6.458416251947904406e-04
4.658639999999999483e-03	3.170934396856600612e-01	3.090899194118336239e-03
4.684960000000000166e-03	8.414804526658934414e-01	6.148232591738167149e-03
4.711279999999999982e-03	-6.337814604664816498e-01	-2.684063890274677750e-03
4.737599999999999797e-03	-1.046519292810005330e-01	2.071788061578392747e-03
4.763919999999999613e-03	4.210900889007322401e-01	5.468825170044871488e-03
4.790239999999999429e-03	9.461546044817152890e-01	7.846751145971405869e-03
4.816560000000000112e-03	-5.274135521487857137e-01	-2.004656468581382089e-03
4.842879999999999928e-03	-6.552800659284035252e-04	2.751195483271688409e-03
4.869199999999999744e-03	5.271192459180532586e-01	5.468825170044871488e-03
4.895519999999999559e-03	-9.616927192293149851e-01	-7.779619552974395211e-03
4.921839999999999375e-03	-4.207068925307148599e-01	3.356579649850532920e-05
4.948160000000000058e-03	1.053738769513926921e-01	3.770306615811631901e-03
4.974479999999999874e-03	6.348421594372485322e-01	5.468825170044871488e-03
5.000799999999999690e-03	-8.427910127977503718e-01	-7.100212131281100417e-03
5.027119999999999506e-03	-3.143389842130189238e-01	-6.458416251947904406e-04
5.053439999999999321e-03	2.110642826683389872e-01	2.411491772425040578e-03
5.079760000000000005e-03	7.385000573519457934e-01	4.789417748351575826e-03
5.106079999999999820e-03	-7.360843531796795736e-01	-6.081100998741156491e-03
5.132399999999999636e-03	-2.072935732945733467e-01	-1.325249046888086210e-03
5.158719999999999452e-03	3.208197039897832115e-01	2.071788061578392747e-03
5.185040000000000135e-03	8.441904630688921163e-01	4.110010326658280165e-03
5.211359999999999951e-03	-6.334427091661067877e-01	-6.420804709587804755e-03
5.237679999999999766e-03	-1.036356753798760577e-01	-1.664952757734734041e-03
5.263999999999999582e-03	4.244776019044804727e-01	1.052676929038449038e-03
5.290319999999999398e-03	9.495421174854635771e-01	1.732084350731744700e-03
5.316640000000000081e-03	-5.257197956469115141e-01	-6.081100998741156491e-03
5.342959999999999897e-03	2.393481637445046654e-03	-6.458416251947904406e-04
5.369279999999999713e-03	5.281354998191777339e-01	4.110010326658280165e-03
5.395599999999999528e-03	-9.583052062255666970e-01	-1.083695295059422699e-02
5.421919999999999344e-03	-4.220618977322141974e-01	-4.042878733661269507e-03
5.448240000000000027e-03	1.104551464570151242e-01	1.392380639885096869e-03
5.474559999999999843e-03	6.328096516349995815e-01	4.449714037504927562e-03
5.500879999999999659e-03	-8.451622719003741846e-01	-7.439915842127747814e-03
5.527199999999999475e-03	-3.119677251103951665e-01	7.129732181918010990e-04
5.553520000000000158e-03	2.110642826683389872e-01	3.090899194118336239e-03
5.579839999999999973e-03	7.391775599526955176e-01	4.449714037504927562e-03
5.606159999999999789e-03	-7.398106174838027238e-01	-4.042878733661269507e-03
5.632479999999999605e-03	-2.059385680930740370e-01	1.052676929038449038e-03
5.658799999999999421e-03	3.191259474879090674e-01	4.449714037504927562e-03
5.685120000000000104e-03	8.445292143692668674e-01	6.487936302584815414e-03
5.711439999999999920e-03	-6.310714500634829749e-01	-3.363471311967973412e-03
5.737759999999999735e-03	-1.026194214787515824e-01	2.751195483271688409e-03
5.764079999999999551e-03	4.261713584063546167e-01	6.827640013431462811e-03
5.790399999999999367e-03	9.502196200862131903e-01	6.827640013431462811e-03
5.816720000000000050e-03	-5.230097852439129502e-01	-3.061379143481425557e-04
5.843039999999999866e-03	3.070984238194702370e-03	5.129121459198223223e-03
5.869359999999999682e-03	5.298292563210519335e-01	5.468825170044871488e-03
5.895679999999999497e-03	-9.569502010240673595e-01	-8.459026974667691740e-03
5.921999999999999313e-03	-4.179968821277162405e-01	-3.061379143481425557e-04
5.948319999999999996e-03	1.091001412555158145e-01	4.110010326658280165e-03
5.974639999999999812e-03	6.355196620379981454e-01	6.487936302584815414e-03
6.000959999999999628e-03	-8.400810023947516969e-01	-7.100212131281100417e-03
6.027279999999999444e-03	-3.109514712092706912e-01	-3.363471311967973412e-03
6.053600000000000127e-03	2.127580391702131313e-01	1.392380639885096869e-03
6.079919999999999942e-03	7.405325651541947440e-01	4.789417748351575826e-03
6.106239999999999758e-03	-7.340518453774306229e-01	-6.420804709587804755e-03
6.132559999999999574e-03	-2.059385680930740370e-01	7.129732181918010990e-04
6.158879999999999390e-03	3.214972065905328247e-01	2.751195483271688409e-03
6.185200000000000073e-03	8.465617221715159291e-01	3.770306615811631901e-03
6.211519999999999889e-03	-6.276839370597346868e-01	-5.061989866201212565e-03
6.237839999999999704e-03	-9.787690327350398456e-02	3.356579649850532920e-05
6.264159999999999520e-03	4.234613480033559973e-01	2.751195483271688409e-03
6.290479999999999336e-03	9.512358739873376656e-01	4.110010326658280165e-03
6.316800000000000019e-03	-5.219935313427884749e-01	-4.382582444507916904e-03
6.343119999999999835e-03	5.780994641193324367e-03	3.732695073451532141e-04
6.369439999999999651e-03	5.328780180244253595e-01	2.411491772425040578e-03
6.395759999999999466e-03	-9.542401906210686846e-01	-1.151636037228752352e-02
6.422079999999999282e-03	-4.169806282265917652e-01	-2.684063890274677750e-03
6.448399999999999965e-03	1.121489029588892683e-01	2.071788061578392747e-03
6.474719999999999781e-03	6.378909211406219582e-01	5.808528880891519752e-03
6.501039999999999597e-03	-8.410972562958762833e-01	-7.439915842127747814e-03
6.527359999999999413e-03	-3.102739686085210224e-01	-6.458416251947904406e-04
6.553680000000000096e-03	2.185168112765852044e-01	4.449714037504927562e-03
6.579999999999999911e-03	7.429038242568185568e-01	5.468825170044871488e-03
6.606319999999999727e-03	-7.343905966778054850e-01	-4.722286155354565168e-03
6.632639999999999543e-03	-2.022123037889509423e-01	7.129732181918010990e-04
6.658959999999999359e-03	3.221747091912824934e-01	4.789417748351575826e-03
6.685280000000000042e-03	8.485942299737648797e-01	5.468825170044871488e-03
6.711599999999999858e-03	-6.249739266567361229e-01	-1.325249046888086210e-03
6.737919999999999673e-03	-9.821565457387881892e-02	2.071788061578392747e-03
6.764239999999999489e-03	4.278651149082287608e-01	5.129121459198223223e-03
6.790559999999999305e-03	9.539458843903363405e-01	7.507047435124758472e-03
6.816879999999999988e-03	-5.206385261412891374e-01	-3.703175022814621242e-03
6.843199999999999804e-03	5.103492040443669518e-03	3.090899194118336239e-03
6.869519999999999620e-03	5.355880284274239234e-01	5.129121459198223223e-03
6.895839999999999435e-03	-9.518689315184448718e-01	-9.478138107207635665e-03
6.922159999999999251e-03	-4.142706178235931458e-01	3.356579649850532920e-05
6.948479999999999934e-03	1.128264055596389093e-01	2.071788061578392747e-03
6.974799999999999750e-03	6.399234289428709088e-01	4.789417748351575826e-03
7.001119999999999566e-03	-8.387259971932524705e-01	-7.779619552974395211e-03
7.027439999999999382e-03	-3.089189634070216850e-01	1.392380639885096869e-03
7.053760000000000065e-03	2.198718164780845141e-01	2.411491772425040578e-03
7.080079999999999880e-03	7.459525859601919828e-01	3.770306615811631901e-03
7.106399999999999696e-03	-7.340518453774306229e-01	-6.760508420434452152e-03
7.132719999999999512e-03	-2.005185472870767982e-01	3.356579649850532920e-05
7.159039999999999328e-03	3.252234708946559749e-01	3.090899194118336239e-03
7.185360000000000011e-03	8.489329812741396308e-01	4.449714037504927562e-03
7.211679999999999827e-03	-6.263289318582354603e-01	-6.081100998741156491e-03
7.237999999999999642e-03	-9.787690327350398456e-02	-1.325249046888086210e-03
7.264319999999999458e-03	4.292201201097280983e-01	2.751195483271688409e-03
7.290639999999999274e-03	9.593659051963335793e-01	3.770306615811631901e-03
7.316959999999999957e-03	-5.206385261412891374e-01	-4.722286155354565168e-03
7.343279999999999773e-03	1.086226414681574180e-02	3.732695073451532141e-04
7.369599999999999589e-03	5.372817849292981229e-01	1.732084350731744700e-03
7.395919999999999404e-03	-9.525464341191945961e-01	-1.151636037228752352e-02
7.422239999999999220e-03	-4.129156126220938083e-01	-1.664952757734734041e-03
7.448559999999999903e-03	1.148589133618878877e-01	1.392380639885096869e-03
7.474879999999999719e-03	6.389071750417464335e-01	3.090899194118336239e-03
7.501199999999999535e-03	-8.366934893910035198e-01	-7.779619552974395211e-03
7.527519999999999351e-03	-3.068864556047727343e-01	-1.664952757734734041e-03
7.553840000000000034e-03	2.225818268810831335e-01	2.071788061578392747e-03
7.580159999999999849e-03	7.462913372605668449e-01	5.468825170044871488e-03
7.606479999999999665e-03	-7.293093271721831083e-01	-6.420804709587804755e-03
7.632799999999999481e-03	-2.018735524885761079e-01	1.732084350731744700e-03
7.659119999999999297e-03	3.272559786969049256e-01	5.129121459198223223e-03
7.685439999999999980e-03	8.509654890763886925e-01	6.487936302584815414e-03
7.711759999999999796e-03	-6.226026675541123101e-01	-1.664952757734734041e-03
7.738079999999999611e-03	-9.415063896938088983e-02	2.751195483271688409e-03
7.764399999999999427e-03	4.292201201097280983e-01	6.827640013431462811e-03
7.790719999999999243e-03	9.553008895918355670e-01	7.167343724278111075e-03
7.817039999999999059e-03	-5.175897644379157114e-01	-6.458416251947904406e-04
7.843359999999998874e-03	1.153976674756539665e-02	3.090899194118336239e-03
7.869680000000000425e-03	5.406692979330464111e-01	6.487936302584815414e-03
7.896000000000000241e-03	-9.454326568113231577e-01	-8.119323263821044342e-03
7.922320000000000056e-03	-4.122381100213441951e-01	-3.061379143481425557e-04
7.948639999999999872e-03	1.145201620615130533e-01	2.751195483271688409e-03
7.974959999999999688e-03	6.429721906462443348e-01	5.129121459198223223e-03
8.001279999999999504e-03	-8.366934893910035198e-01	-6.760508420434452152e-03
8.027599999999999320e-03	-3.055314504032733969e-01	3.732695073451532141e-04
8.053919999999999135e-03	2.212268216795838238e-01	1.732084350731744700e-03
8.080239999999998951e-03	7.479850937624410445e-01	3.430602904964984070e-03
8.106559999999998767e-03	-7.289705758718082462e-01	-7.100212131281100417e-03
8.132880000000000317e-03	-1.961147803822040347e-01	3.356579649850532920e-05
8.159200000000000133e-03	3.269172273965300635e-01	1.392380639885096869e-03
8.185519999999999949e-03	8.523204942778879190e-01	4.449714037504927562e-03
8.211839999999999765e-03	-6.215864136529878348e-01	-6.760508420434452152e-03
8.238159999999999580e-03	-9.211813116713191141e-02	-9.855453360414383798e-04
8.264479999999999396e-03	4.343013896153505304e-01	2.071788061578392747e-03
8.290799999999999212e-03	9.583496512952091040e-01	3.430602904964984070e-03
8.317119999999999028e-03	-5.169122618371659872e-01	-5.061989866201212565e-03
8.343439999999998843e-03	1.255602064868988066e-02	3.732695073451532141e-04
8.369760000000000394e-03	5.399917953322966868e-01	2.411491772425040578e-03
8.396080000000000210e-03	-9.488201698150714458e-01	-9.478138107207635665e-03
8.422400000000000025e-03	-4.115606074205945264e-01	-4.042878733661269507e-03
8.448719999999999841e-03	1.172301724645116727e-01	1.392380639885096869e-03
8.475039999999999657e-03	6.456822010492430097e-01	2.751195483271688409e-03
8.501359999999999473e-03	-8.360159867902537956e-01	-7.779619552974395211e-03
8.527679999999999289e-03	-3.048539478025237837e-01	7.129732181918010990e-04
8.553999999999999104e-03	2.219043242803334648e-01	4.110010326658280165e-03
8.580319999999998920e-03	7.479850937624410445e-01	5.468825170044871488e-03
8.606639999999998736e-03	-7.286318245714333841e-01	-5.401693577047860829e-03
8.632960000000000286e-03	-1.971310342833285101e-01	2.071788061578392747e-03
8.659280000000000102e-03	3.272559786969049256e-01	5.808528880891519752e-03
8.685599999999999918e-03	8.540142507797621185e-01	5.808528880891519752e-03
8.711919999999999734e-03	-6.192151545503640220e-01	-3.023767601121325581e-03
8.738239999999999549e-03	-9.177937986675707704e-02	2.411491772425040578e-03
8.764559999999999365e-03	4.366726487179742877e-01	4.110010326658280165e-03
8.790879999999999181e-03	9.610596616982076679e-01	7.167343724278111075e-03
8.817199999999998997e-03	-5.131859975330429480e-01	-2.004656468581382089e-03
8.843519999999998812e-03	1.662103625318781322e-02	3.770306615811631901e-03
8.869840000000000363e-03	5.389755414311722115e-01	5.468825170044871488e-03
8.896160000000000179e-03	-9.444164029101986824e-01	-8.119323263821044342e-03
8.922479999999999994e-03	-4.078343431164714317e-01	7.129732181918010990e-04
8.948799999999999810e-03	1.185851776660109824e-01	5.129121459198223223e-03
8.975119999999999626e-03	6.466984549503674851e-01	4.789417748351575826e-03
9.001439999999999442e-03	-8.319509711857558942e-01	-8.119323263821044342e-03
9.027759999999999257e-03	-3.018051860991503021e-01	3.732695073451532141e-04
9.054079999999999073e-03	2.296956041889545164e-01	4.110010326658280165e-03
9.080399999999998889e-03	7.527276119676885591e-01	4.789417748351575826e-03
9.106719999999998705e-03	-7.269380680695592956e-01	-5.401693577047860829e-03
9.133040000000000255e-03	-1.934047699792054154e-01	-9.855453360414383798e-04
9.159360000000000071e-03	3.323372482025273578e-01	2.411491772425040578e-03
9.185679999999999887e-03	8.550305046808865939e-01	3.090899194118336239e-03
9.211999999999999703e-03	-6.188764032499891599e-01	-5.061989866201212565e-03
9.238319999999999518e-03	-8.805311556263398232e-02	7.129732181918010990e-04
9.264639999999999334e-03	4.353176435164750058e-01	2.751195483271688409e-03
9.290959999999999150e-03	9.624146668997070053e-01	2.751195483271688409e-03
9.317279999999998966e-03	-5.152185053352918986e-01	-5.401693577047860829e-03
9.343599999999998781e-03	1.458852845093884694e-02	7.129732181918010990e-04
9.369920000000000332e-03	5.406692979330464111e-01	4.110010326658280165e-03
9.396240000000000148e-03	-9.434001490090742070e-01	-1.219576779398081831e-02
9.422559999999999963e-03	-4.064793379149720942e-01	-2.344360179428029919e-03
9.448879999999999779e-03	1.219726906697592705e-01	1.052676929038449038e-03
9.475199999999999595e-03	6.494084653533660489e-01	4.789417748351575826e-03
9.501519999999999411e-03	-8.289022094823824682e-01	-9.478138107207635665e-03
9.527839999999999226e-03	-2.994339269965265449e-01	-2.004656468581382089e-03
9.554159999999999042e-03	2.273243450863307036e-01	4.449714037504927562e-03
9.580479999999998858e-03	7.513726067661892216e-01	6.487936302584815414e-03
9.606799999999998674e-03	-7.252443115676850960e-01	-3.363471311967973412e-03
9.633120000000000224e-03	-1.937435212795802497e-01	3.356579649850532920e-05
9.659440000000000040e-03	3.323372482025273578e-01	5.129121459198223223e-03
9.685759999999999856e-03	8.557080072816362071e-01	5.129121459198223223e-03
9.712079999999999672e-03	-6.158276415466157339e-01	-1.664952757734734041e-03
9.738399999999999487e-03	-8.703686166150950698e-02	3.430602904964984070e-03
9.764719999999999303e-03	4.383664052198484318e-01	5.468825170044871488e-03
9.791039999999999119e-03	9.610596616982076679e-01	7.167343724278111075e-03
9.817359999999998935e-03	-5.097984845292946599e-01	-6.458416251947904406e-04
9.843679999999998750e-03	1.560478235206333095e-02	4.449714037504927562e-03
9.870000000000000301e-03	5.440568109367946992e-01	6.487936302584815414e-03
9.896320000000000117e-03	-9.410288899064503942e-01	-7.439915842127747814e-03
9.922639999999999932e-03	-4.064793379149720942e-01	-9.855453360414383798e-04
9.948959999999999748e-03	1.236664471716333868e-01	3.090899194118336239e-03
9.975279999999999564e-03	6.497472166537409111e-01	5.468825170044871488e-03
1.000159999999999938e-02	-8.295797120831320814e-01	-7.100212131281100417e-03
1.002791999999999920e-02	-3.024826886998999709e-01	3.356579649850532920e-05
1.005423999999999901e-02	2.293568528885796820e-01	3.770306615811631901e-03
1.008055999999999883e-02	7.523888606673138080e-01	5.808528880891519752e-03
1.010687999999999864e-02	-7.201630420620627193e-01	-6.081100998741156491e-03
1.013320000000000019e-02	-1.937435212795802497e-01	-1.325249046888086210e-03
1.015952000000000001e-02	3.360635125066504525e-01	3.090899194118336239e-03
1.018583999999999982e-02	8.590955202853844952e-01	3.090899194118336239e-03
1.021215999999999964e-02	-6.165051441473653471e-01	-5.061989866201212565e-03
1.023847999999999946e-02	-8.466560255888569420e-02	1.052676929038449038e-03
1.026479999999999927e-02	4.373501513187239564e-01	2.071788061578392747e-03
1.029111999999999909e-02	9.661409312038300445e-01	3.090899194118336239e-03
1.031743999999999890e-02	-5.097984845292946599e-01	-3.023767601121325581e-03
1.034375999999999872e-02	1.899229535581160866e-02	-3.061379143481425557e-04
1.037008000000000027e-02	5.447343135375443124e-01	2.411491772425040578e-03
1.039640000000000009e-02	-9.410288899064503942e-01	-1.117665666144087439e-02
1.042271999999999990e-02	-4.041080788123483369e-01	-2.344360179428029919e-03
1.044903999999999972e-02	1.223114419701340772e-01	3.090899194118336239e-03
1.047535999999999953e-02	6.500859679541157732e-01	4.789417748351575826e-03
1.050167999999999935e-02	-8.258534477790089312e-01	-6.760508420434452152e-03
1.052799999999999916e-02	-3.007889321980258268e-01	-3.061379143481425557e-04
1.055431999999999898e-02	2.300343554893293507e-01	4.110010326658280165e-03
1.058063999999999880e-02	7.544213684695627586e-01	6.148232591738167149e-03
1.060696000000000035e-02	-7.215180472635620568e-01	-5.741397287894509094e-03
1.063328000000000016e-02	-1.920497647777061057e-01	1.392380639885096869e-03
1.065959999999999998e-02	3.374185177081497344e-01	4.789417748351575826e-03
1.068591999999999979e-02	8.587567689850096331e-01	5.468825170044871488e-03
1.071223999999999961e-02	-6.144726363451163964e-01	-3.363471311967973412e-03
1.073855999999999943e-02	-8.873061816338362329e-02	3.090899194118336239e-03
1.076487999999999924e-02	4.397214104213477692e-01	7.846751145971405869e-03
1.079119999999999906e-02	9.634309208008314807e-01	6.827640013431462811e-03
1.081751999999999887e-02	-5.067497228259212338e-01	-6.458416251947904406e-04
1.084383999999999869e-02	1.966979795656126351e-02	4.449714037504927562e-03
1.087016000000000024e-02	5.450730648379191745e-01	6.487936302584815414e-03
1.089648000000000005e-02	-9.352701178000784044e-01	-8.798730685514339137e-03
1.092279999999999987e-02	-4.017368197097245242e-01	-3.061379143481425557e-04
1.094911999999999969e-02	1.256989549738823653e-01	3.770306615811631901e-03
1.097543999999999950e-02	6.538122322582388124e-01	6.148232591738167149e-03
1.100175999999999932e-02	-8.248371938778844559e-01	-6.760508420434452152e-03
1.102807999999999913e-02	-2.974014191942775387e-01	-1.325249046888086210e-03
1.105439999999999895e-02	2.303731067897041573e-01	2.751195483271688409e-03
1.108071999999999876e-02	7.574701301729361846e-01	6.148232591738167149e-03
1.110704000000000032e-02	-7.184692855601885197e-01	-5.741397287894509094e-03
1.113336000000000013e-02	-1.893397543747074863e-01	-3.061379143481425557e-04
1.115967999999999995e-02	3.377572690085245966e-01	3.090899194118336239e-03
1.118599999999999976e-02	8.614667793880083080e-01	4.789417748351575826e-03
1.121231999999999958e-02	-6.137951337443667832e-01	-4.722286155354565168e-03
1.123863999999999939e-02	-8.466560255888569420e-02	-3.061379143481425557e-04
1.126495999999999921e-02	4.403989130220973824e-01	4.449714037504927562e-03
1.129127999999999903e-02	9.698671955079531948e-01	3.430602904964984070e-03
1.131759999999999884e-02	-5.047172150236721722e-01	-5.061989866201212565e-03
1.134391999999999866e-02	2.339606226068437211e-02	-9.855453360414383798e-04
1.137024000000000021e-02	5.474443239405429873e-01	1.052676929038449038e-03
1.139656000000000002e-02	-9.345926151993286801e-01	-9.817841818054283062e-03
1.142287999999999984e-02	-3.993655606071007114e-01	-1.664952757734734041e-03
1.144919999999999966e-02	1.287477166772558190e-01	2.071788061578392747e-03
1.147551999999999947e-02	6.565222426612374873e-01	4.110010326658280165e-03
1.150183999999999929e-02	-8.261921990793837933e-01	-8.459026974667691740e-03
1.152815999999999910e-02	-2.933364035897796374e-01	1.052676929038449038e-03
1.155447999999999892e-02	2.330831171927027767e-01	3.770306615811631901e-03
1.158079999999999873e-02	7.578088814733110468e-01	6.148232591738167149e-03
1.160712000000000028e-02	-7.174530316590640444e-01	-3.023767601121325581e-03
1.163344000000000010e-02	-1.869684952720837012e-01	1.732084350731744700e-03
1.165975999999999992e-02	3.377572690085245966e-01	5.808528880891519752e-03
1.168607999999999973e-02	8.665480488936306847e-01	5.468825170044871488e-03
1.171239999999999955e-02	-6.093913668394940197e-01	-3.703175022814621242e-03
1.173871999999999936e-02	-7.958433305326328977e-02	2.411491772425040578e-03
1.176503999999999918e-02	4.437864260258456706e-01	5.808528880891519752e-03
1.179135999999999899e-02	9.691896929072035816e-01	6.487936302584815414e-03
1.181767999999999881e-02	-5.057334689247967585e-01	-3.061379143481425557e-04
1.184399999999999863e-02	2.441231616180885439e-02	4.449714037504927562e-03
1.187032000000000018e-02	5.508318369442911644e-01	6.148232591738167149e-03
1.189663999999999999e-02	-9.322213560967048673e-01	-8.119323263821044342e-03
1.192295999999999981e-02	-3.993655606071007114e-01	-1.664952757734734041e-03
1.194927999999999962e-02	1.273927114757565093e-01	3.430602904964984070e-03
1.197559999999999944e-02	6.538122322582388124e-01	6.487936302584815414e-03
1.200191999999999926e-02	-8.255146964786341801e-01	-5.061989866201212565e-03
1.202823999999999907e-02	-2.919813983882802999e-01	3.356579649850532920e-05
1.205455999999999889e-02	2.334218684930776111e-01	4.110010326658280165e-03
1.208087999999999870e-02	7.611963944770592239e-01	4.449714037504927562e-03
1.210720000000000025e-02	-7.147430212560654805e-01	-6.081100998741156491e-03
1.213352000000000007e-02	-1.879847491732081766e-01	3.356579649850532920e-05
1.215983999999999988e-02	3.408060307118980226e-01	3.090899194118336239e-03
1.218615999999999970e-02	8.675643027947551600e-01	3.430602904964984070e-03
1.221247999999999952e-02	-6.060038538357457316e-01	-4.382582444507916904e-03
1.223879999999999933e-02	-8.093933825476259947e-02	-3.061379143481425557e-04
1.226511999999999915e-02	4.471739390295939587e-01	4.110010326658280165e-03
1.229143999999999896e-02	9.708834494090776701e-01	3.770306615811631901e-03
1.231775999999999878e-02	-5.050559663240470343e-01	-5.741397287894509094e-03
1.234407999999999860e-02	2.542857006293333666e-02	-3.061379143481425557e-04
1.237040000000000015e-02	5.501543343435415512e-01	1.392380639885096869e-03
1.239671999999999996e-02	-9.318826047963301162e-01	-1.219576779398081831e-02
1.242303999999999978e-02	-3.959780476033524232e-01	-2.684063890274677750e-03
1.244935999999999959e-02	1.267152088750068684e-01	7.129732181918010990e-04
1.247567999999999941e-02	6.565222426612374873e-01	2.411491772425040578e-03
1.250199999999999922e-02	-8.234821886763852294e-01	-8.459026974667691740e-03
1.252831999999999904e-02	-2.913038957875306312e-01	-3.023767601121325581e-03
1.255463999999999886e-02	2.340993710938272798e-01	1.732084350731744700e-03
1.258095999999999867e-02	7.615351457774340860e-01	5.129121459198223223e-03
1.260728000000000022e-02	-7.140655186553157563e-01	-6.081100998741156491e-03
1.263360000000000004e-02	-1.832422309679605787e-01	3.356579649850532920e-05
1.265991999999999985e-02	3.428385385141469732e-01	4.449714037504927562e-03
1.268623999999999967e-02	8.651930436921314582e-01	6.487936302584815414e-03
1.271255999999999949e-02	-6.076976103376199312e-01	-3.703175022814621242e-03
1.273887999999999930e-02	-8.195559215588707480e-02	2.411491772425040578e-03
1.276519999999999912e-02	4.448026799269701459e-01	5.129121459198223223e-03
1.279151999999999893e-02	9.729159572113266208e-01	6.148232591738167149e-03
1.281783999999999875e-02	-5.030234585217980836e-01	-1.325249046888086210e-03
1.284415999999999856e-02	2.813858046593195952e-02	4.449714037504927562e-03
1.287048000000000011e-02	5.525255934461653640e-01	6.827640013431462811e-03
1.289679999999999993e-02	-9.301888482944559167e-01	-9.138434396360988268e-03
1.292311999999999975e-02	-3.936067885007286660e-01	-6.458416251947904406e-04
1.294943999999999956e-02	1.294252192780054878e-01	2.071788061578392747e-03
1.297575999999999938e-02	6.571997452619871005e-01	5.129121459198223223e-03
1.300207999999999919e-02	-8.153521574673893157e-01	-7.100212131281100417e-03
1.302839999999999901e-02	-2.899488905860313492e-01	-9.855453360414383798e-04
1.305471999999999883e-02	2.388418892990748499e-01	3.090899194118336239e-03
1.308103999999999864e-02	7.645839074808075120e-01	4.449714037504927562e-03
1.310736000000000019e-02	-7.140655186553157563e-01	-6.420804709587804755e-03
1.313368000000000001e-02	-1.839197335687102475e-01	1.052676929038449038e-03
