-5.159038536975570251e-03 4.990253678017690042e+00
4.780569009800320068e-02 4.985192294037677385e+00
9.755600761582469693e-02 4.981451271095929556e+00
1.470141059411772810e-01 4.982918338916222822e+00
1.966183138627642657e-01 4.984898880473619620e+00
2.458572477937653045e-01 4.982111451615062414e+00
2.982375380438063162e-01 4.985595737688258922e+00
3.472938349795143265e-01 4.983175075784774144e+00
3.978477552766250813e-01 4.983578519435355680e+00
4.484016755737358917e-01 4.981524624486944219e+00
4.959968765470996188e-01 4.984862203778112288e+00
5.478292558112616284e-01 4.983725226217384119e+00
5.966663883526177603e-01 4.983138399089266812e+00
6.483526580205453138e-01 4.980717737185783811e+00
7.010982222611725767e-01 4.984312053345502314e+00
7.476341286618368720e-01 4.984091993172458324e+00
7.992473435316468366e-01 4.982624925352165057e+00
8.486323870588825535e-01 4.982001421528539531e+00
8.969581360134182280e-01 4.984458760127531640e+00
9.475851111086465162e-01 4.982698278743177944e+00
9.999288739596288167e-01 4.980864443967813138e+00
1.050482794256739627e+00 4.985815797861302912e+00
1.097895358234810326e+00 4.984532113518546304e+00
1.147170819564869770e+00 4.981341241009408449e+00
1.198820561833738862e+00 4.983615196130861236e+00
1.247402002581684988e+00 4.982588248656656837e+00
1.299563128437374315e+00 4.982294835092599072e+00
1.349167336358960911e+00 4.983798579608399670e+00
1.398515852487138833e+00 4.984898880473618732e+00
1.448814080990838526e+00 4.984642143605067410e+00
1.498272179316191499e+00 4.983211752480282364e+00
1.549081791406712094e+00 4.983028369002744817e+00
1.597882396549010098e+00 4.981377917704914893e+00
1.647523131869655488e+00 4.983138399089267701e+00
1.698734545349821490e+00 4.983908609694921665e+00
1.749142356050698011e+00 4.981524624486944219e+00
1.800098077737453117e+00 4.982514895265643062e+00
1.848460354091047364e+00 4.983285105871297915e+00
1.898722055195689595e+00 4.982441541874627511e+00
1.949860413877738008e+00 4.984091993172458324e+00
2.000450861573907613e+00 4.983065045698253037e+00
2.051589220255955581e+00 4.981818038051003761e+00
2.097869434863209648e+00 4.981744684659988209e+00
2.148715574352789481e+00 4.981414594400421336e+00
2.198685056264962245e+00 4.985192294037678273e+00
2.248727592975253042e+00 4.983065045698253037e+00
2.300596499638473791e+00 4.982441541874627511e+00
2.351552221325229119e+00 -1.138396501287504761e-02
2.399330059293885764e+00 -9.293393368957047693e-03
2.450760637168402756e+00 -8.596536154317711495e-03
2.499926516301286927e+00 -7.936355635185710425e-03
2.550480436598397738e+00 -1.145731840388971787e-02
2.600157699318101923e+00 -9.696837019537713279e-03
2.651296058000150335e+00 -1.175073196794838501e-02
2.702653581076550182e+00 -9.403423455479046136e-03
2.750541001242383654e+00 -1.072378449374304481e-02
2.801788942121608006e+00 -1.461151421752038965e-02
2.850005108878966631e+00 -1.501495786810105870e-02
2.902020125138422113e+00 -1.248426587809505807e-02
2.951770442656244331e+00 -1.024698745214771591e-02
3.000278828606073311e+00 -1.035701753866971782e-02
3.050650111907891038e+00 -1.123725823084571925e-02
3.101898052787114057e+00 -7.973032330693043818e-03
3.150698657929412061e+00 -1.153067179490438465e-02
3.201362160423699255e+00 -1.512498795462305715e-02
3.249322635387648983e+00 -1.079713788475772027e-02
3.302177781825451852e+00 -1.552843160520372794e-02
3.350941859568691061e+00 -1.057707771171371471e-02
3.403431732015907318e+00 -1.189743874997771858e-02
3.452561083749732695e+00 -8.633212849825041418e-03
3.498512551765459389e+00 -7.973032330693043818e-03
3.549687437846566596e+00 -1.109055144881638220e-02
3.601885091101314273e+00 -8.046385721707710603e-03
3.652585120994659373e+00 -1.530837143215972411e-02
3.699522828784969075e+00 -9.220039977942380907e-03
3.751428262847246398e+00 -1.442813073998372268e-02
3.800594141980131013e+00 -1.193411544548505197e-02
3.851951665056530860e+00 -9.990250583596378686e-03
3.901007961992239537e+00 -9.880220497074380243e-03
3.951744519284643875e+00 -7.826325548663710246e-03
3.999704994248593604e+00 -1.197079214099238537e-02
4.050733770733465633e+00 -1.171405527244105162e-02
4.103296697978800367e+00 -9.990250583596382156e-03
4.152024248322979894e+00 -1.310776970171972054e-02
4.201628456244566934e+00 -1.208082222751438728e-02
4.250465588785923288e+00 -1.149399509939705299e-02
4.301421310472679060e+00 -1.105387475330904881e-02
4.354020765117072145e+00 -9.586806933015714835e-03
4.402054294879138574e+00 -1.131061162186038430e-02
4.449941715044971602e+00 -1.468486760853505817e-02
4.502431587492188747e+00 -1.153067179490438639e-02
4.552948980390239875e+00 -1.006360397461104894e-02
4.602699297908062093e+00 -1.527169473665239072e-02
4.652266978430589894e+00 -1.263097266012438817e-02
4.700629254784185029e+00 -1.178740866345571840e-02
4.752205942254937199e+00 -1.299773961519772210e-02
4.803819157124745942e+00 -1.024698745214771417e-02
4.850866447112231583e+00 -1.010028067011838060e-02
4.902625771578275504e+00 -1.054040101620638131e-02
4.953691075462207216e+00 -9.770190410552380064e-03
5.003404865580970196e+00 -7.679618766634375808e-03
