2.320065603336710858e+00 4.983468489348832797e+00
2.318860199167776415e+00 4.968724457754884583e+00
2.320175185533885909e+00 4.978920579105923672e+00
2.322220719881167739e+00 4.982514895265642174e+00
2.321526699299054641e+00 4.981928068137525756e+00
2.317106884012963608e+00 4.982331511788104628e+00
2.319225473158362583e+00 4.982368188483613736e+00
2.322476411674577967e+00 4.982074774919554194e+00
2.321855445890582015e+00 4.982184805006077077e+00
2.318677562172483331e+00 4.982441541874627511e+00
2.320723096519765161e+00 4.981781361355496429e+00
2.320978788313175833e+00 4.983138399089267701e+00
2.321051843111292978e+00 4.983248429175789695e+00
2.323791398040687906e+00 4.984202023258979430e+00
2.323389596651043387e+00 4.981341241009407561e+00
2.325800404988911385e+00 4.980204263448680280e+00
2.324047089834098134e+00 4.984568790214052747e+00
2.323060850059516458e+00 4.981194534227378234e+00
2.322914740463281280e+00 4.982698278743178832e+00
2.325873459787028530e+00 4.980571030403754484e+00
2.323353069251984593e+00 4.983981963085935440e+00
2.323097377458575252e+00 4.980534353708247153e+00
2.322951267862340519e+00 4.980461000317232489e+00
2.324083617233156929e+00 4.982368188483612848e+00
2.324156672031274073e+00 4.981231210922885566e+00
2.324521946021860241e+00 4.985082263951156278e+00
2.326384843373848987e+00 4.981011150749841576e+00
2.327005809157844940e+00 4.981451271095929556e+00
2.325362076200208516e+00 4.982038098224045974e+00
2.325727350190794684e+00 4.980314293535203163e+00
2.324960274810563554e+00 4.980167586753173836e+00
2.326604007768201310e+00 4.980204263448681168e+00
2.325654295392677096e+00 4.982258158397090853e+00
2.325325548801149722e+00 4.982331511788106404e+00
2.323974035035981434e+00 4.982698278743178832e+00
2.325800404988911385e+00 4.980681060490276479e+00
2.327444137946548697e+00 4.983101722393759481e+00
2.327736357139017720e+00 4.980864443967813138e+00
2.326859699561611539e+00 4.982258158397090853e+00
2.326567480369142515e+00 4.981084504140856239e+00
2.328211213326779383e+00 4.982038098224047751e+00
2.327407610547490346e+00 4.982404865179121067e+00
2.329599254491006910e+00 4.981267887618392898e+00
2.328138158528661794e+00 4.980754413881290255e+00
2.328649542115483140e+00 4.981634654573467103e+00
2.328759124312658635e+00 -1.101719805780171889e-02
2.330877713458058054e+00 1.635271958615980015e-01
2.332010062828874908e+00 4.487251801266226026e-01
2.330366329871237152e+00 1.223582689384766428e-02
2.328941761307951275e+00 4.981524624486944219e+00
2.329051343505127214e+00 -9.586806933015713100e-03
2.328320795523955766e+00 5.401058307670043163e-02
2.332302282021343487e+00 -1.527169473665239245e-02
2.332192699824167548e+00 -1.563846169172572811e-02
2.329745364087241200e+00 -1.182408535896305006e-02
2.331425624443936861e+00 -1.167737857693371996e-02
2.330293275073120007e+00 -1.373127352534439169e-02
2.333069357401574617e+00 -1.252094257360238452e-02
2.330147165476885718e+00 -1.351121335230038786e-02
2.329745364087241200e+00 -1.230088240055838417e-02
2.329599254491006910e+00 -1.446480743549105781e-02
2.332996302603456584e+00 -1.230088240055838590e-02
2.332338809420402281e+00 -1.076046118925037993e-02
2.335078364349797653e+00 -1.087049127577238185e-02
2.333653795786512219e+00 -1.519834134563772740e-02
2.333105884800633412e+00 -1.186076205447038345e-02
2.334238234171449378e+00 -8.669889545332376546e-03
2.332156172425109197e+00 -8.926626413883710295e-03
2.334274761570508172e+00 -1.391465700288105345e-02
2.333836432781805303e+00 -9.806867106059713457e-03
2.333361576594043196e+00 -1.263097266012438817e-02
2.334749617758270279e+00 -8.193092503737044174e-03
2.333544213589335836e+00 -1.175073196794838501e-02
2.335114891748855559e+00 -1.087049127577238185e-02
2.335187946546973592e+00 -1.120058153533838065e-02
2.337343063091431361e+00 -1.072378449374304828e-02
2.336758624706493759e+00 -9.586806933015713100e-03
2.335370583542266676e+00 -6.285904337355706882e-03
2.337087371298021132e+00 -1.065043110272838149e-02
2.337379590490489711e+00 -1.050372432069904965e-02
2.336539460312142324e+00 -1.098052136229438550e-02
2.337598754884841590e+00 -1.365792013432972317e-02
2.334420871166742462e+00 -9.293393368957047693e-03
2.336575987711200675e+00 -9.073333195913045601e-03
2.338073611072603253e+00 -1.376795022085172508e-02
2.338548467260365360e+00 -1.017363406113304912e-02
2.336758624706493759e+00 -9.256716673449714300e-03
2.338621522058482505e+00 -1.461151421752038965e-02
2.337160426096137833e+00 -1.618861212433572727e-02
2.340082618020827177e+00 -8.633212849825044888e-03
2.338621522058482505e+00 -9.990250583596378686e-03
2.339717344030241009e+00 -9.403423455479047871e-03
2.339169433044361757e+00 -1.483157439056439174e-02
2.339461652236829892e+00 -1.021031075664038078e-02
2.340630529006705984e+00 -6.872731465473041167e-03
2.339571234434005831e+00 -1.200746883649971702e-02
2.339169433044361757e+00 -1.222752900954371912e-02
2.338986796049068229e+00 -1.182408535896305180e-02
2.341361076987877876e+00 -1.230088240055838590e-02
2.340959275598232914e+00 -1.472154430404238983e-02
2.341835933175639983e+00 -1.211749892302171894e-02
