1.500000000000000000e+00 4.986659361857971540e+00 5.002564735402622809e+00
1.514999999999999902e+00 4.982258158397089964e+00 5.000555728454399329e+00
1.530000000000000027e+00 4.983541842739848349e+00 4.997743118726885925e+00
1.544999999999999929e+00 4.984935557169126064e+00 4.998546721506174961e+00
1.560000000000000053e+00 4.985118940646663610e+00 4.998911995496762017e+00
1.574999999999999956e+00 4.984018639781443660e+00 4.998437139308999022e+00
1.590000000000000080e+00 4.983101722393760369e+00 4.998985050294877830e+00
1.604999999999999982e+00 4.980497677012739821e+00 4.997962283121236915e+00
1.620000000000000107e+00 4.981634654573466214e+00 4.997195207741006229e+00
1.635000000000000009e+00 4.979654113016071193e+00 4.998729358501468489e+00
1.649999999999999911e+00 4.982991692307237486e+00 4.999204214689231485e+00
1.665000000000000036e+00 4.981157857531871791e+00 5.000044344867578872e+00
1.679999999999999938e+00 4.977930308327225717e+00 5.000446146257223390e+00
1.695000000000000062e+00 4.980681060490276479e+00 4.997560481731593285e+00
1.709999999999999964e+00 4.979800819798100520e+00 4.998546721506174961e+00
1.725000000000000089e+00 4.976463240506932451e+00 5.001688077825215295e+00
1.739999999999999991e+00 4.980204263448680280e+00 4.998181447515589682e+00
1.754999999999999893e+00 4.978260398586791702e+00 5.001541968228981005e+00
1.770000000000000018e+00 4.976279857029394904e+00 5.000921002444984609e+00
1.784999999999999920e+00 4.977783601545195502e+00 4.999277269487348185e+00
1.800000000000000044e+00 4.974262638776492551e+00 5.000300036660988212e+00
1.814999999999999947e+00 4.973052307824750606e+00 4.998071865318413742e+00
1.830000000000000071e+00 4.973712488343881688e+00 4.997231735140066355e+00
1.844999999999999973e+00 4.971145119658368472e+00 4.998035337919354504e+00
1.859999999999999876e+00 4.964359930989512115e+00 5.000738365449692857e+00
1.875000000000000000e+00 4.958491659708338162e+00 4.998729358501468489e+00
1.890000000000000124e+00 4.955044050330649874e+00 4.997998810520296153e+00
1.905000000000000027e+00 4.950642846869769187e+00 4.999459906482639937e+00
1.919999999999999929e+00 4.944481162024537468e+00 5.000190454463813161e+00
1.935000000000000053e+00 4.935091927974660564e+00 5.000300036660989100e+00
1.949999999999999956e+00 4.927096408354061374e+00 4.998765885900526840e+00
1.964999999999999858e+00 4.917487114131139592e+00 4.999131159891113008e+00
1.979999999999999982e+00 4.901606104976465872e+00 5.001176694238395726e+00
1.995000000000000107e+00 4.884698148347584201e+00 5.001615023027098594e+00
2.009999999999999787e+00 4.865479559901741524e+00 5.000482673656281740e+00
2.024999999999999911e+00 4.845564114241259546e+00 5.002199461412035753e+00
2.040000000000000036e+00 4.820733991382794237e+00 4.999752125675110292e+00
2.054999999999999716e+00 4.791025868021855594e+00 5.000628783252516030e+00
2.069999999999999840e+00 4.753138841562779326e+00 5.002162934012977402e+00
2.084999999999999964e+00 4.712060942594566093e+00 4.998364084510882321e+00
2.100000000000000089e+00 4.665738276168804433e+00 5.000044344867577983e+00
2.115000000000000213e+00 4.610649879516788729e+00 4.998985050294879606e+00
2.129999999999999893e+00 4.548923000977945996e+00 5.001761132623332884e+00
2.145000000000000018e+00 4.473185624755302570e+00 5.001468913430864305e+00
2.160000000000000142e+00 4.393780578981926865e+00 4.998692831102410139e+00
2.174999999999999822e+00 4.301978810127071284e+00 5.000190454463811385e+00
2.189999999999999947e+00 4.199100679229000654e+00 5.001067112041218898e+00
2.205000000000000071e+00 4.075940335715375618e+00 4.999606016078876003e+00
2.219999999999999751e+00 3.947021751007097734e+00 4.996720351553244122e+00
2.234999999999999876e+00 3.803872608441976499e+00 5.000957529844042959e+00
2.250000000000000000e+00 3.637397087534188778e+00 5.001322803834629127e+00
2.265000000000000124e+00 3.460982182143915953e+00 4.999971290069459506e+00
2.280000000000000249e+00 3.250201213063270256e+00 5.001505440829922655e+00
2.294999999999999929e+00 3.038136559639869283e+00 5.000153927064754811e+00
2.310000000000000053e+00 2.787928142888839833e+00 4.998144920116530443e+00
2.325000000000000178e+00 2.533245169285917253e+00 4.996099385769249501e+00
2.339999999999999858e+00 2.241555409916094366e+00 5.000300036660988212e+00
2.354999999999999982e+00 1.944877619957274373e+00 4.998473666708057372e+00
2.370000000000000107e+00 1.623149646966945747e+00 4.999423379083582475e+00
2.384999999999999787e+00 1.267422377241318898e+00 4.998838940698644429e+00
2.399999999999999911e+00 9.159129274990354119e-01 4.999898235271343694e+00
2.415000000000000036e+00 5.655771320129868718e-01 4.998181447515589682e+00
2.429999999999999716e+00 3.243911823567623420e-01 4.999679070876991815e+00
2.444999999999999840e+00 2.086028546401107187e-01 4.999021577693937957e+00
2.459999999999999964e+00 1.561918567601313090e-01 5.001615023027097706e+00
2.475000000000000089e+00 1.271439139183232481e-01 4.999715598276051054e+00
2.490000000000000213e+00 1.096491301613252145e-01 5.000811420247808670e+00
2.504999999999999893e+00 9.475839178534785356e-02 5.000263509261930750e+00
2.520000000000000018e+00 8.228831531285449308e-02 4.997889228323120214e+00
2.535000000000000142e+00 7.227557743935246470e-02 4.999752125675108516e+00
2.549999999999999822e+00 6.644398285368645352e-02 4.997706591327826686e+00
2.564999999999999947e+00 6.042900479048378404e-02 5.002382098407328392e+00
2.580000000000000071e+00 5.896193697019044139e-02 5.000592255853458568e+00
2.594999999999999751e+00 5.364381612162708729e-02 4.999971290069461283e+00
2.609999999999999876e+00 4.828901857755641541e-02 5.000226981862872400e+00
2.625000000000000000e+00 4.370443163913973611e-02 4.999058105092996307e+00
2.639999999999999680e+00 4.267748416493439417e-02 5.000409618858165040e+00
2.655000000000000249e+00 3.413181411172571539e-02 5.001395858632746716e+00
2.669999999999999929e+00 3.350831028810104945e-02 4.996756878952303360e+00
2.685000000000000053e+00 3.420516750274038564e-02 5.000153927064754811e+00
2.700000000000000178e+00 3.116100177563171578e-02 4.997268262539123818e+00
2.714999999999999858e+00 2.888704665417703848e-02 4.998071865318413742e+00
2.729999999999999982e+00 2.855695639461103622e-02 4.999094632492054657e+00
2.745000000000000107e+00 2.771339239794236298e-02 4.998144920116530443e+00
2.759999999999999787e+00 2.367895589213569671e-02 4.997852700924061864e+00
2.774999999999999911e+00 2.316548215503302574e-02 5.000007817468519633e+00
2.790000000000000036e+00 2.217521137633502240e-02 5.000519201055340979e+00
2.804999999999999716e+00 2.243194824488635442e-02 4.999204214689230596e+00
2.819999999999999840e+00 2.360560250112102298e-02 4.999204214689230596e+00
2.834999999999999964e+00 1.975454947285101848e-02 5.000007817468520521e+00
2.849999999999999645e+00 1.854421852110901825e-02 4.998692831102409251e+00
2.865000000000000213e+00 1.781068461096234692e-02 4.999423379083582475e+00
2.879999999999999893e+00 1.839751173907968468e-02 4.998765885900526840e+00
2.895000000000000018e+00 1.773733121994768014e-02 5.000336564060046562e+00
2.910000000000000142e+00 1.527999262095634282e-02 5.000336564060046562e+00
2.924999999999999822e+00 1.751727104690367978e-02 4.997304789938182168e+00
2.939999999999999947e+00 1.722385748284501611e-02 4.998656303703350900e+00
2.955000000000000071e+00 1.344615784558966624e-02 4.998291029712765621e+00
2.969999999999999751e+00 1.663703035472767836e-02 4.998838940698645317e+00
2.984999999999999876e+00 1.384960149617033877e-02 4.999898235271343694e+00
3.000000000000000000e+00 1.296936080399433561e-02 4.999825180473226993e+00
