0.000000000000000000e+00 4.986952775422029305e+00 4.997450899534417346e+00
5.000000000000000278e-02 4.986292594902898223e+00 5.000153927064753923e+00
1.000000000000000056e-01 4.983798579608399670e+00 4.997377844736299757e+00
1.500000000000000222e-01 4.985118940646662722e+00 4.996720351553245898e+00
2.000000000000000111e-01 4.983761902912892339e+00 4.998327557111823971e+00
2.500000000000000000e-01 4.984935557169126064e+00 5.001322803834629127e+00
3.000000000000000444e-01 4.983248429175788807e+00 5.000153927064753923e+00
3.500000000000000333e-01 4.983651872826371232e+00 4.999752125675110292e+00
4.000000000000000222e-01 4.983835256303907002e+00 4.997523954332534046e+00
4.500000000000000111e-01 4.984422083432024309e+00 4.996829933750420949e+00
5.000000000000000000e-01 4.983761902912891451e+00 4.997341317337241406e+00
5.500000000000000444e-01 4.984128669867965655e+00 4.998327557111823971e+00
6.000000000000000888e-01 4.984165346563472099e+00 4.998546721506175849e+00
6.500000000000000222e-01 4.981377917704914893e+00 4.998291029712764733e+00
7.000000000000000666e-01 4.984972233864634283e+00 4.996683824154186659e+00
7.500000000000000000e-01 4.984275376649994982e+00 4.997122152942890416e+00
8.000000000000000444e-01 4.986549331771450433e+00 4.997085625543831178e+00
8.500000000000000888e-01 4.983395135957819022e+00 4.998291029712765621e+00
9.000000000000000222e-01 4.982184805006076189e+00 4.997998810520295265e+00
9.500000000000000666e-01 4.984532113518545415e+00 4.998802413299585190e+00
1.000000000000000000e+00 4.983248429175788807e+00 4.998254502313707270e+00
1.050000000000000044e+00 4.981194534227379123e+00 4.998802413299586078e+00
1.100000000000000089e+00 4.985559060992751590e+00 4.998948522895820368e+00
1.150000000000000133e+00 4.984862203778112288e+00 4.996829933750420949e+00
1.200000000000000178e+00 4.985192294037678273e+00 5.000811420247808670e+00
1.250000000000000000e+00 4.986365948293912886e+00 4.998985050294877830e+00
1.300000000000000044e+00 4.985669091079273585e+00 5.000994057243102198e+00
1.350000000000000089e+00 4.984532113518546304e+00 5.000190454463813161e+00
1.400000000000000133e+00 4.984275376649994982e+00 4.999094632492054657e+00
1.450000000000000178e+00 4.985228970733184717e+00 4.999679070876991815e+00
1.500000000000000000e+00 4.983431812653326354e+00 4.997341317337241406e+00
1.550000000000000044e+00 4.985962504643332238e+00 4.999131159891113896e+00
1.600000000000000089e+00 4.983505166044340129e+00 4.999569488679816764e+00
1.650000000000000133e+00 4.984018639781443660e+00 4.998546721506174961e+00
1.700000000000000178e+00 4.984202023258979430e+00 4.999898235271344582e+00
1.750000000000000000e+00 4.980057556666650953e+00 4.998692831102411027e+00
1.800000000000000044e+00 4.977380157894615742e+00 5.000044344867577983e+00
1.850000000000000089e+00 4.967697510280680184e+00 5.000044344867577983e+00
1.900000000000000133e+00 4.954603929984561894e+00 4.998400611909941560e+00
1.950000000000000178e+00 4.927243115136090701e+00 4.997487426933475696e+00
2.000000000000000000e+00 4.882424193226129638e+00 4.999569488679816764e+00
2.050000000000000266e+00 4.804046094926958332e+00 5.000190454463813161e+00
2.100000000000000089e+00 4.669075855459970725e+00 4.999788653074168643e+00
2.149999999999999911e+00 4.452536645184674846e+00 4.998838940698643540e+00
2.200000000000000178e+00 4.124426927176069846e+00 4.998948522895820368e+00
2.250000000000000000e+00 3.640147839697239540e+00 4.999934762670402932e+00
2.300000000000000266e+00 2.963682867759982464e+00 4.999606016078875115e+00
2.350000000000000089e+00 2.049259495371145157e+00 4.999277269487348185e+00
2.400000000000000355e+00 9.258156352860156257e-01 5.000263509261929862e+00
2.450000000000000178e+00 1.918416047932594570e-01 4.999240742088288947e+00
2.500000000000000000e+00 9.926962533274986955e-02 4.997012570745713589e+00
2.550000000000000266e+00 6.849787780209712351e-02 5.000373091459105801e+00
2.600000000000000089e+00 4.825234188204908375e-02 5.000701838050633619e+00
2.650000000000000355e+00 3.978002521985506135e-02 4.998291029712765621e+00
2.700000000000000178e+00 3.295815985549104682e-02 4.998619776304293438e+00
2.750000000000000000e+00 2.804348265750836178e-02 4.999496433881699176e+00
2.800000000000000266e+00 2.202850459430568883e-02 4.997889228323121102e+00
2.850000000000000089e+00 2.136832407517369123e-02 5.001761132623332884e+00
2.900000000000000355e+00 1.759062443791835004e-02 4.996793406351361710e+00
2.950000000000000178e+00 1.641697018168368147e-02 4.999569488679816764e+00
3.000000000000000000e+00 1.311606758602367091e-02 4.999058105092995419e+00
3.050000000000000266e+00 1.285933071747233543e-02 4.999496433881699176e+00
3.100000000000000089e+00 1.109884933312033257e-02 5.001505440829921767e+00
3.150000000000000355e+00 1.245588706689166811e-02 4.999277269487348185e+00
3.200000000000000178e+00 9.925195076885665740e-03 4.998765885900527728e+00
3.250000000000000000e+00 1.106217263761299918e-02 4.998181447515589682e+00
3.300000000000000266e+00 8.678187429636328651e-03 5.000592255853458568e+00
3.350000000000000089e+00 9.741811599348995307e-03 4.998838940698644429e+00
3.400000000000000355e+00 9.118307775724329364e-03 4.999131159891113008e+00
3.450000000000000178e+00 6.991059436298990848e-03 5.000117399665695572e+00
3.500000000000000000e+00 9.154984471231662757e-03 5.000263509261929862e+00
3.550000000000000266e+00 7.614563259923659393e-03 4.999788653074168643e+00
3.600000000000000089e+00 7.797946737460326357e-03 4.998985050294877830e+00
3.650000000000000355e+00 5.634021702527654447e-03 4.999386851684524125e+00
3.700000000000000178e+00 5.120547965424984346e-03 4.999971290069461283e+00
3.750000000000000000e+00 5.854081875571653937e-03 4.999496433881700064e+00
3.800000000000000266e+00 5.487314920498320009e-03 4.997268262539124706e+00
3.850000000000000089e+00 4.387014055278317358e-03 4.998875468097702779e+00
3.900000000000000355e+00 2.039705542808979352e-03 4.999350324285464886e+00
3.950000000000000178e+00 4.973841183395652510e-03 5.001103639440277249e+00
4.000000000000000000e+00 4.753781010351653021e-03 4.998619776304292550e+00
4.049999999999999822e+00 3.580126754116981849e-03 4.998948522895819480e+00
4.100000000000000533e+00 3.800186927160983073e-03 4.999021577693937957e+00
4.150000000000000355e+00 4.130277186726983608e-03 4.997304789938183944e+00
4.200000000000000178e+00 2.479825888896980066e-03 4.999021577693937957e+00
4.250000000000000000e+00 1.086111459618310489e-03 4.999386851684523236e+00
4.299999999999999822e+00 4.827134401366318071e-03 4.999496433881699176e+00
4.350000000000000533e+00 3.763510231653649681e-03 4.998217974914647144e+00
4.400000000000000355e+00 4.093600491219650216e-03 5.000336564060047451e+00
4.450000000000000178e+00 3.726833536146315854e-03 4.997597009130651635e+00
4.500000000000000000e+00 4.900487792380985724e-03 5.000519201055340979e+00
4.549999999999999822e+00 3.653480145131650370e-03 5.001505440829921767e+00
4.600000000000000533e+00 3.726833536146315854e-03 5.000555728454398441e+00
4.650000000000000355e+00 2.589855975418980678e-03 4.997816173525002625e+00
4.700000000000000178e+00 1.929675456286979174e-03 5.000226981862871511e+00
4.750000000000000000e+00 2.149735629330979964e-03 4.998400611909940672e+00
4.800000000000000711e+00 2.479825888896980499e-03 5.000117399665695572e+00
4.850000000000000533e+00 2.919946234984981213e-03 4.998948522895821256e+00
4.900000000000000355e+00 9.027279820816435253e-04 5.001578495628039356e+00
4.950000000000000178e+00 4.093600491219650216e-03 5.000409618858165040e+00
5.000000000000000000e+00 4.130277186726983608e-03 4.999569488679815876e+00
