1.000000000000000000e+00 8.938775647642954389e-03 3.692089365372863273e-05 1.562909096554943034e+00 3.238230469336181826e-03
1.123324032978027409e+00 1.005959912503863289e-02 1.990497841431358245e-05 1.559312220902978385e+00 2.165659328883593002e-03
1.261856883066020396e+00 1.129544315079193326e-02 3.009501907440281267e-05 1.558630991166968016e+00 3.112794014447947503e-03
1.417474162926805281e+00 1.268168929736301909e-02 5.430534887966804379e-05 1.556228527003567175e+00 1.585527755495437464e-03
1.592282793341092351e+00 1.424582826415586069e-02 4.443025370101899400e-05 1.555009665869506730e+00 1.411049512477529320e-03
1.788649529057434906e+00 1.598454894744078328e-02 4.090201718069735117e-05 1.554861397564033965e+00 1.877823036382862687e-03
2.009233002565047332e+00 1.795064387744395654e-02 6.405611698630209964e-05 1.552058202571741097e+00 1.840033797982612530e-03
2.257019719633920118e+00 2.013680580505784051e-02 1.022647156324089723e-04 1.550572853414002639e+00 1.293840045717033552e-03
2.535364493970111877e+00 2.262886249267399841e-02 9.455734879372356815e-05 1.547346239574771021e+00 1.128914851634137736e-03
2.848035868435801365e+00 2.544049672817782354e-02 5.862812332576655222e-05 1.545221827797460534e+00 6.816441743567012990e-04
3.199267137797383587e+00 2.850118862500158196e-02 9.833204516335124191e-05 1.541716317625919430e+00 1.042137602048426358e-03
3.593813663804627634e+00 3.205723479175712903e-02 3.636666034416487117e-05 1.537661113648811195e+00 7.377442729791864858e-04
4.037017258596554470e+00 3.602318913119757771e-02 1.048611250236626579e-04 1.534322054775302036e+00 6.598998753756210893e-04
4.534878508128581842e+00 4.041742886075710972e-02 3.804087273128660011e-05 1.529204616424350682e+00 7.868881150387444998e-04
5.094138014816379290e+00 4.545329803868616847e-02 1.313402154870254126e-04 1.524806792229646213e+00 8.156879342869325939e-04
5.722367659350217295e+00 5.095559937020686242e-02 1.859617431836314741e-04 1.518884788244790007e+00 7.245321493081028361e-04
6.428073117284320404e+00 5.718672439726070478e-02 1.887073275768934614e-04 1.513091180673133973e+00 8.149204886441539048e-04
7.220809018385463851e+00 6.424790806393743114e-02 1.802200049957868304e-04 1.505684982806397398e+00 4.322604046678640084e-04
8.111308307896869962e+00 7.208456618274612648e-02 2.144754525676834383e-04 1.497845059240557219e+00 7.340329093221310700e-04
9.111627561154891808e+00 8.097119163843977119e-02 4.260993149493553877e-05 1.488896893188424109e+00 4.075303377344951790e-04
1.023531021899026250e+01 9.082033596106020568e-02 2.529348394281034310e-04 1.479314777524332047e+00 5.480705443068930715e-04
1.149756995397735615e+01 1.020081831817532259e-01 3.287465182711801900e-04 1.467978652838055398e+00 9.094074615308112789e-04
1.291549665014884063e+01 1.142753620341059595e-01 4.420450250081891640e-04 1.455650532667719599e+00 6.962921287371200791e-04
1.450828778495939453e+01 1.284729454893770717e-01 2.191383965588119534e-04 1.441468807682501296e+00 3.394973623789091801e-04
1.629750834620644184e+01 1.439550044419862507e-01 3.357356804558162965e-04 1.425600997029996098e+00 5.315703901777536940e-04
1.830738280295367915e+01 1.611449542016898939e-01 6.130666656898619594e-04 1.407668021090964228e+00 1.614754264638330276e-03
2.056512308348651530e+01 1.803082350352816499e-01 4.242754288311346642e-04 1.388939887528820138e+00 8.090737286139917288e-04
2.310129700083159321e+01 2.016846260923682854e-01 1.160481057483731416e-03 1.366886197551886895e+00 1.588506720910244641e-03
2.595024211399735847e+01 2.254058592337733202e-01 6.417234377005554555e-04 1.342348975512731801e+00 1.378823525535339146e-03
2.915053062825175800e+01 2.513755136020289216e-01 1.291969889195364275e-03 1.315925722156981781e+00 3.901672399629580422e-03
3.274549162877728037e+01 2.801872261290849764e-01 4.346068440574229466e-04 1.285471511285351642e+00 5.535349362992971574e-04
3.678379771828632272e+01 3.131184957925816637e-01 1.881698062681061304e-03 1.251581593598518172e+00 4.399880946166161155e-03
4.132012400115336703e+01 3.449710913574021154e-01 4.127487233778572885e-03 1.216450830059074617e+00 1.113019507704408190e-02
4.641588833612780007e+01 3.820070670360365961e-01 5.642348776604244609e-03 1.172002868038562795e+00 1.135028984004813127e-02
5.214008287999684654e+01 4.225208230489244099e-01 6.098104272046171205e-03 1.132159852709327952e+00 9.668689527917965695e-03
5.857020818056667366e+01 4.627809963759498268e-01 5.254076481888116969e-03 1.085157279533664809e+00 9.713655186572460465e-03
6.579332246575678766e+01 5.050170769811340721e-01 2.213611993903615103e-03 1.042039599282572615e+00 9.095082054454741924e-03
7.390722033525779011e+01 5.495704055212351502e-01 3.180412724403771860e-03 9.880854820536958405e-01 4.976070045365509932e-03
8.302175681319744172e+01 5.941436346838335769e-01 3.509846159701879385e-03 9.292119373690643780e-01 1.894660990716221568e-03
9.326033468832198992e+01 6.388666034292271867e-01 3.642648233329012428e-03 8.776832260794276142e-01 4.807163287657836501e-03
1.047615752789665180e+02 6.821527847710304737e-01 3.204293944893246097e-03 8.157454668044149537e-01 4.829896277369303062e-03
1.176811952434997863e+02 7.226773632736628317e-01 3.916690015250402085e-03 7.584550182912384031e-01 2.877688643916583456e-03
1.321941148466028721e+02 7.593377097663457365e-01 2.868073053311655067e-03 7.024036088675956746e-01 3.470329514975431084e-03
1.484968262254465117e+02 7.960500428622629965e-01 1.457309781149718642e-03 6.463100564196315734e-01 2.211412289309242201e-03
1.668100537200059250e+02 8.276535781262038816e-01 2.664569745077208143e-03 5.910869251892983955e-01 1.960517383564142849e-03
1.873817422860383033e+02 8.561735194841249008e-01 2.000969507224301201e-03 5.379283769696737716e-01 1.753666873472295223e-03
2.104904144512019855e+02 8.794529406573172725e-01 2.513935917390386007e-03 4.884567349127670322e-01 1.242032026266395427e-03
2.364489412645407072e+02 9.005021386728551125e-01 2.101443965315267972e-03 4.421360596631641604e-01 1.700738430192504915e-03
2.656087782946686957e+02 9.179845716521800592e-01 3.307684976041797703e-03 3.993075611192019037e-01 1.355466400015758631e-03
2.983647240283340238e+02 9.337970913913193893e-01 2.416806795265784291e-03 3.587110791778811980e-01 1.111420777212489145e-03
3.351602650938841066e+02 9.455443639653859922e-01 1.898790411561929094e-03 3.225427060719400219e-01 2.640488521416924582e-04
3.764935806792467474e+02 9.564109775003174496e-01 2.648300808814047554e-03 2.888464677792282886e-01 1.016969861141914884e-03
4.229242874389498752e+02 9.630480074099638799e-01 1.213269025956026283e-03 2.593080646791787736e-01 3.995037112790620704e-04
4.750810162102798131e+02 9.694998053271058902e-01 1.633139453597851152e-03 2.318091438671031346e-01 4.515471532986461349e-04
5.336699231206307559e+02 9.751553451722910770e-01 1.865015904458374764e-03 2.072291320795006941e-01 5.497533937454109976e-04
5.994842503189408944e+02 9.791988467993484324e-01 1.609265718239066443e-03 1.848984841698602666e-01 4.098897656994310301e-04
6.734150657750820983e+02 9.839891377069711620e-01 1.567673619687077807e-03 1.648908390811859026e-01 4.788126677895491448e-04
7.564633275546290179e+02 9.861043455733335961e-01 1.691017385115553768e-03 1.471170319012995442e-01 4.189067461451724799e-04
8.497534359086438371e+02 9.881689782757675511e-01 1.083113982324596363e-03 1.312678143783709284e-01 2.891605980581960140e-04
9.545484566618337112e+02 9.904890932203940235e-01 1.285477981276165723e-03 1.168288734406372625e-01 2.675922908166952514e-04
1.072267222010323167e+03 9.915128825999405260e-01 1.210799883070170190e-03 1.042449639759684688e-01 2.073194573705896692e-04
1.204503540258782323e+03 9.929389292572246006e-01 1.139169503627319091e-03 9.280190838067921277e-02 1.945633372723978903e-04
1.353047774579806173e+03 9.936498777594959808e-01 6.946174031313072199e-04 8.273197279415774041e-02 1.766399586128542172e-04
1.519911082952933157e+03 9.941034215210999836e-01 5.873367349115579759e-04 7.378945014782019307e-02 1.724253442609746298e-04
1.707352647470690499e+03 9.950385630598391762e-01 6.898013555670751097e-04 6.565160041023325455e-02 1.017874080787919559e-04
1.917910261672488787e+03 9.955148297857780992e-01 5.767925395835575390e-04 5.848834472791568373e-02 1.236977539712524887e-04
2.154434690031884656e+03 9.954907737492000308e-01 3.389507963996568054e-04 5.214528308693196224e-02 7.895044674131891356e-05
2.420128264794380812e+03 9.962945868779110592e-01 4.802475773973481936e-04 4.640246700267516150e-02 5.761701646231306734e-05
2.718588242732940216e+03 9.962398853516782893e-01 4.475938495793744436e-04 4.136765207254149146e-02 6.768838649384161681e-05
3.053855508833415570e+03 9.962804751148082172e-01 2.749673529344570351e-04 3.687485866888078057e-02 6.403878379799796702e-05
3.430469286314919373e+03 9.967188048253262656e-01 3.073782679867432263e-04 3.284063220890894030e-02 6.936156018476518129e-05
3.853528593710527275e+03 9.967934847845100199e-01 3.208009170087246426e-04 2.928462935422482261e-02 4.197136601613434085e-05
4.328761281083056929e+03 9.969210005192413737e-01 2.683452663543156309e-04 2.610909800997265190e-02 8.797804564205261393e-05
4.862601580065353119e+03 9.970601710735629286e-01 1.817306416577992240e-04 2.323370827315698189e-02 6.622734353572939231e-05
5.462277217684342759e+03 9.970484199031067751e-01 2.482534885253695543e-04 2.071358373622920329e-02 9.207405496161074243e-05
6.135907273413169605e+03 9.970959396010730114e-01 2.130729293305948962e-04 1.846140065081183085e-02 2.261577132251269581e-05
6.892612104349695073e+03 9.972735151677868393e-01 1.299953665284571533e-04 1.643809147595192213e-02 3.084032033321185660e-05
7.742636826811270112e+03 9.972225838055515101e-01 1.154241084756946385e-04 1.460668944422542984e-02 4.666044923024998797e-05
8.697490026177834807e+03 9.972468368610064582e-01 1.523366524555161145e-04 1.305292650636458163e-02 3.877456148834846321e-05
9.770099572992246976e+03 9.972771278692317276e-01 1.120804059291330104e-04 1.163886552880777359e-02 7.300531382330550055e-05
1.097498765493056817e+04 9.973720550754588965e-01 1.288934309206317386e-04 1.034584995628287131e-02 7.122826459642181592e-05
1.232846739442065882e+04 9.973674266324963344e-01 7.332252354389999212e-05 9.175828822054522133e-03 2.561917920827398661e-05
1.384886371393871741e+04 9.974431942113580751e-01 5.103798515076500081e-05 8.202552663721229126e-03 5.523439883597704169e-05
1.555676143930472244e+04 9.974103323154951406e-01 1.308244496207530976e-04 7.280844251005813214e-03 6.607432953234473503e-05
1.747528400007683013e+04 9.975197474758925598e-01 1.008692050826652184e-04 6.475872893590040209e-03 4.890741628571478657e-05
1.963040650040272521e+04 9.974732618636104053e-01 6.018425213111696764e-05 5.696942495783030927e-03 8.004900801856675962e-05
2.205130739903045469e+04 9.975599861165248550e-01 1.033961993808510464e-04 5.082397671058736140e-03 9.019657920625286714e-05
2.477076355991708988e+04 9.975166798192505180e-01 8.909606022195025855e-05 4.461759720001312948e-03 9.276897274947912839e-05
2.782559402207125822e+04 9.975462371961162367e-01 1.262670812544189401e-04 3.978599796969950302e-03 9.457610776617384363e-05
3.125715849688235176e+04 9.975541250729103027e-01 1.224679011010574507e-04 3.431345013779463389e-03 1.137343083552839665e-04
3.511191734215127508e+04 9.974806860274533227e-01 7.983552700985562011e-05 3.020426798755604294e-03 1.347896286885994031e-04
3.944206059437656222e+04 9.975688491872144459e-01 6.883764689718887045e-05 2.653485634661478885e-03 1.585427236115402225e-04
4.430621457583877782e+04 9.974451770352305013e-01 1.767662714745012935e-04 2.222040394326318773e-03 2.149941073177047261e-04
4.977023564332113892e+04 9.974496263920009653e-01 1.990618037249620965e-04 1.864470936525153234e-03 1.161442803829930729e-04
5.590810182512222673e+04 9.976884148375978478e-01 1.519301862927315569e-04 1.637658016843523924e-03 1.873904706411149812e-04
6.280291441834246507e+04 9.976082950246196734e-01 2.398467987347716762e-04 1.251369667557478051e-03 2.682557724788617055e-04
7.054802310718645458e+04 9.974414567033788037e-01 1.926809354443949644e-04 9.122411342717296357e-04 1.724358508052100281e-04
7.924828983539169712e+04 9.973322093429238810e-01 2.090919908794812302e-04 8.191840580590526106e-04 1.798057164869217440e-04
8.902150854450392944e+04 9.973684579369713754e-01 2.301854933379826270e-04 4.620722245306741133e-04 3.079873805848648018e-04
1.000000000000000000e+05 9.971999156815135601e-01 1.922660953431088067e-04 3.439728226039218345e-04 3.537268678108251071e-04
