1.000000000000000000e+00 9.830194441827597510e-03 1.966345915819270353e-05 1.559835877042673902e+00 1.838605481868348492e-03
1.123324032978027409e+00 1.102682431605650493e-02 1.750667222611857558e-05 1.559091628798325413e+00 1.843907877788624871e-03
1.261856883066020396e+00 1.237412843770065336e-02 2.240556513611344989e-05 1.558499776477419996e+00 1.714465452898262382e-03
1.417474162926805281e+00 1.388961602889806843e-02 2.780470904783938704e-05 1.556339854837908376e+00 1.185470584017800149e-03
1.592282793341092351e+00 1.559991109058906852e-02 3.116527629122164912e-05 1.554538136692420469e+00 1.162937863638050136e-03
1.788649529057434906e+00 1.751839940371078749e-02 3.371126557972202871e-05 1.552369580845506913e+00 9.743473978723756444e-04
2.009233002565047332e+00 1.965384738865734449e-02 2.527347117574015484e-05 1.549782584879620284e+00 7.297146176745597339e-04
2.257019719633920118e+00 2.206066369998307616e-02 2.827346073251056592e-05 1.548150516169189306e+00 1.144194844784914185e-03
2.535364493970111877e+00 2.475029117955096503e-02 3.078561398300742516e-05 1.544913331028721526e+00 1.211800857062533213e-03
2.848035868435801365e+00 2.783037559889409845e-02 2.997295864329109559e-05 1.542010225212032681e+00 5.443361671734507287e-04
3.199267137797383587e+00 3.122821537901633235e-02 4.053480097479761173e-05 1.538948673845132342e+00 6.419284920570961835e-04
3.593813663804627634e+00 3.510733978434547875e-02 2.448536404022625459e-05 1.534672848357644614e+00 7.819359601069714519e-04
4.037017258596554470e+00 3.940702400274417178e-02 4.163233629636641615e-05 1.530524610850608758e+00 4.781073782832455702e-04
4.534878508128581842e+00 4.427585202692689570e-02 2.840820014587082035e-05 1.525894756173326261e+00 5.792955276415344846e-04
5.094138014816379290e+00 4.972222232673367825e-02 6.971127226177621801e-05 1.520384759455906565e+00 4.658430141786352270e-04
5.722367659350217295e+00 5.584465712517251712e-02 8.023195102587699838e-05 1.514231245813755233e+00 2.844544236326325111e-04
6.428073117284320404e+00 6.265407028406191903e-02 1.080825753611721441e-04 1.507092615606743902e+00 3.834995556590149301e-04
7.220809018385463851e+00 7.032313942804208073e-02 6.518164132848447098e-05 1.499486559825742971e+00 2.440144402855192233e-04
8.111308307896869962e+00 7.900015060969349523e-02 1.169568293770680098e-04 1.490846476264284570e+00 3.785164539285392534e-04
9.111627561154891808e+00 8.861370247376820775e-02 2.556783568128246894e-05 1.481141944404192667e+00 2.368260605181252457e-04
1.023531021899026250e+01 9.946938172359311159e-02 9.974044603816127088e-05 1.470164629816701041e+00 2.546677386954466419e-04
1.149756995397735615e+01 1.115511138563616972e-01 1.182488328251492406e-04 1.457935936823780532e+00 2.237164235842598417e-04
1.291549665014884063e+01 1.250857367423696964e-01 1.414046086112964002e-04 1.444283447976780099e+00 3.081126131038905533e-04
1.450828778495939453e+01 1.403308958846087307e-01 8.040738799845356091e-05 1.428813149368654445e+00 2.244636675462674991e-04
1.629750834620644184e+01 1.571979955286280373e-01 1.612753986269458545e-04 1.411729301030483885e+00 2.080970552170070700e-04
1.830738280295367915e+01 1.757561672545339682e-01 1.971018006283985484e-04 1.392149804309178229e+00 4.707078107192927017e-04
2.056512308348651530e+01 1.969170826769658933e-01 1.695815944267863593e-04 1.371030519741675446e+00 3.341086548079565078e-04
2.310129700083159321e+01 2.201169825350033360e-01 3.952316641286765433e-04 1.347315360172069987e+00 7.427808152891400865e-04
2.595024211399735847e+01 2.455788960034871737e-01 2.232281781916179667e-04 1.320836618622936554e+00 5.393466224377518490e-04
2.915053062825175800e+01 2.737207147700563281e-01 6.480226708933695557e-04 1.291706244340752541e+00 1.198702501869489600e-03
3.274549162877728037e+01 3.045191420850418829e-01 2.755344808120642843e-04 1.259365532705656321e+00 2.889595417401651881e-04
3.678379771828632272e+01 3.381334201506743797e-01 8.447375090704785068e-04 1.224574666061939654e+00 1.311251678838186224e-03
4.132012400115336703e+01 3.740426153115674057e-01 1.848205272747868244e-03 1.186031548763788468e+00 3.263640418188620395e-03
4.641588833612780007e+01 4.128883178850725200e-01 2.451386283806545382e-03 1.142536318467554324e+00 3.758608941671429723e-03
5.214008287999684654e+01 4.533123224965278086e-01 2.252583487424320366e-03 1.097947549930147204e+00 4.257468362601178613e-03
5.857020818056667366e+01 4.965821711769984326e-01 1.405747782830712306e-03 1.048054370498979537e+00 4.424388898193915530e-03
6.579332246575678766e+01 5.394264292038954967e-01 9.633326498781871923e-04 9.988079173412746092e-01 1.447810659181387755e-03
7.390722033525779011e+01 5.845240198360793782e-01 1.057350497842542017e-03 9.416358701095404182e-01 1.886535147455603665e-03
8.302175681319744172e+01 6.289750292887157368e-01 1.251794262593733950e-03 8.850904346053442007e-01 1.723535483061532829e-03
9.326033468832198992e+01 6.729720572641794130e-01 1.930356500509785569e-03 8.278948096013731828e-01 1.500221889165123624e-03
1.047615752789665180e+02 7.141061916844424484e-01 1.606446434201377416e-03 7.685132083668712033e-01 1.504273591809060289e-03
1.176811952434997863e+02 7.524305902129995172e-01 1.659171471364710585e-03 7.107204302728968859e-01 1.598346998677992788e-03
1.321941148466028721e+02 7.894212420790486240e-01 1.927774603253798414e-03 6.525359781063695408e-01 1.158211673721805260e-03
1.484968262254465117e+02 8.216303537028174508e-01 1.889813236483964742e-03 5.966369195135402537e-01 7.325090326694907051e-04
1.668100537200059250e+02 8.515050283557116240e-01 1.080158206248808947e-03 5.428118305883773420e-01 5.946535985744014164e-04
1.873817422860383033e+02 8.760942527180197725e-01 3.317072346094809832e-03 4.911807020717003924e-01 8.023467159114109964e-04
2.104904144512019855e+02 8.973329512018300980e-01 1.802519362794524497e-03 4.428886903494791416e-01 6.176573239559055841e-04
2.364489412645407072e+02 9.158107850421129958e-01 2.352704707801622601e-03 3.981303397453300752e-01 4.401189731233254949e-04
2.656087782946686957e+02 9.311618523126536928e-01 6.202096253196115591e-04 3.557748263236031327e-01 4.158472667059314332e-04
2.983647240283340238e+02 9.438522924041231610e-01 2.287046084405178203e-03 3.169086028843420833e-01 2.951768779977476608e-04
3.351602650938841066e+02 9.542503227362988394e-01 1.932053031916929368e-03 2.811478192017176636e-01 2.803465860826560418e-04
3.764935806792467474e+02 9.627256410411126897e-01 1.165771719079084813e-03 2.482331839103919524e-01 3.155406444792188572e-04
4.229242874389498752e+02 9.707961803471831796e-01 1.098026152136872971e-03 2.180246957767058846e-01 1.793396603780997637e-04
4.750810162102798131e+02 9.748039718117125219e-01 1.375472169017729913e-03 1.904888546231353619e-01 2.108284946858673102e-04
5.336699231206307559e+02 9.804837523376248587e-01 1.305605867442201666e-03 1.648801933729226454e-01 2.134454898576387599e-04
5.994842503189408944e+02 9.838111658174863994e-01 1.091278128929272636e-03 1.416110829552039707e-01 1.016849367326780898e-04
6.734150657750820983e+02 9.864773194010657553e-01 9.608561285295571727e-04 1.198423823170404745e-01 1.414624582277986637e-04
7.564633275546290179e+02 9.884857146588575949e-01 7.622113099602768980e-04 9.969488327954043050e-02 9.393184267533899174e-05
8.497534359086438371e+02 9.908319502349478558e-01 9.364908480049368876e-04 8.070308863700850766e-02 1.075932038043652956e-04
9.545484566618337112e+02 9.918603275376435269e-01 7.801937619316091574e-04 6.284576793038683384e-02 1.076607927025124864e-04
1.072267222010323167e+03 9.926345390613370290e-01 6.840482032435934306e-04 4.580081032562799415e-02 9.032811095509676088e-05
1.204503540258782323e+03 9.935992492122925901e-01 6.132822835568459054e-04 2.925379184828833662e-02 7.526457978618305601e-05
1.353047774579806173e+03 9.938080072557301525e-01 6.103099891355302786e-04 1.313910860291773661e-02 6.818192295868429574e-05
1.519911082952933157e+03 9.938967485791684320e-01 3.170083964656820325e-04 -2.850040105704598585e-03 5.754676002801669885e-05
1.707352647470690499e+03 9.938540364834451690e-01 3.940920578091649195e-04 -1.882835003180609659e-02 4.106536279397974767e-05
1.917910261672488787e+03 9.933513532406206270e-01 3.403850590128893166e-04 -3.506706712384373426e-02 5.761003242888217650e-05
2.154434690031884656e+03 9.927165891444664769e-01 2.758532345387612996e-04 -5.181577169238922587e-02 4.661267213827533531e-05
2.420128264794380812e+03 9.919444061414413039e-01 2.053518877896914180e-04 -6.917332584125475414e-02 3.449369291815739875e-05
2.718588242732940216e+03 9.906431066216768722e-01 2.116321049128547802e-04 -8.749126459575626291e-02 5.417846578611985425e-05
3.053855508833415570e+03 9.889331598477957286e-01 1.911808534274283590e-04 -1.068431388607315180e-01 4.872168991418713012e-05
3.430469286314919373e+03 9.867934052041217319e-01 1.963554341872226063e-04 -1.276400776985696373e-01 4.321461728945927728e-05
3.853528593710527275e+03 9.839809812180027038e-01 1.319909784472670712e-04 -1.499935123375328860e-01 5.008441266226316280e-05
4.328761281083056929e+03 9.805939876484612849e-01 1.346474288363446901e-04 -1.742547150780005549e-01 7.435255464681828324e-05
4.862601580065353119e+03 9.762170046615162855e-01 1.296811631313330208e-04 -2.006388769536136818e-01 1.880803133671822753e-04
5.462277217684342759e+03 9.707673446431062114e-01 1.068889244722082149e-04 -2.294019291231644553e-01 6.049940079005026143e-05
6.135907273413169605e+03 9.639977775781091163e-01 1.110067324491985428e-04 -2.608738047224620216e-01 7.289134915483842770e-05
6.892612104349695073e+03 9.555884671880179315e-01 7.623883364134596092e-05 -2.952904979471233649e-01 6.270209237224698764e-05
7.742636826811270112e+03 9.452649099220588047e-01 1.065903081834067263e-04 -3.328720825747960577e-01 6.776443206026822931e-05
8.697490026177834807e+03 9.327284794097122633e-01 7.768785949953969981e-05 -3.738128776712275614e-01 5.264492173027141941e-05
9.770099572992246976e+03 9.175781149876934828e-01 9.267905146266549384e-05 -4.183942219101382531e-01 8.030173906641439375e-05
1.097498765493056817e+04 8.993913542938074546e-01 1.000798638774281986e-04 -4.665260464469278001e-01 8.922461308020739469e-05
1.232846739442065882e+04 8.779245713756396174e-01 1.303638883720994199e-04 -5.184733264872758429e-01 1.000772424034275418e-04
1.384886371393871741e+04 8.529808326031688148e-01 7.012744510553444908e-05 -5.740880503619537611e-01 7.238067328891264096e-05
1.555676143930472244e+04 8.242378633763181028e-01 1.031753115044324923e-04 -6.334233640522862752e-01 8.264114998121223398e-05
1.747528400007683013e+04 7.918445213373088709e-01 8.322355524202809500e-05 -6.966062941152270094e-01 7.569650624542352654e-05
1.963040650040272521e+04 7.558130290837768994e-01 9.483946136005693350e-05 -7.645234809548518973e-01 7.333205531999212616e-05
2.205130739903045469e+04 7.154175932506866564e-01 1.019110189906237375e-04 -8.428018837311951339e-01 1.840627183911462672e-04
2.477076355991708988e+04 6.636684562151226041e-01 1.515529967570463147e-04 -9.491199836981414339e-01 2.952311318573219018e-04
2.782559402207125822e+04 5.957453475479239646e-01 1.207684154407508988e-04 -1.090389769152166455e+00 5.355021437017637963e-04
3.125715849688235176e+04 5.177279792510190992e-01 2.060175827045519173e-04 -1.253657025851422802e+00 8.875697368520499156e-04
3.511191734215127508e+04 4.391109124798669439e-01 2.116006756458646348e-04 -1.443889197426822202e+00 1.277873246904524286e-03
3.944206059437656222e+04 3.612904842353522050e-01 3.010689564848068153e-04 -1.676709736064008638e+00 9.483682588210142058e-04
4.430621457583877782e+04 2.929579733927251683e-01 3.763980817639262606e-04 -1.872698811176705336e+00 1.084779618047783866e-03
4.977023564332113892e+04 2.363203653800579340e-01 2.880047263178115205e-04 -2.032723484322639163e+00 1.829760519916324556e-03
5.590810182512222673e+04 1.897983978034084862e-01 3.561268585726565044e-04 -2.167690818657785456e+00 2.002490877820809530e-03
6.280291441834246507e+04 1.514218176994941989e-01 2.504784582736633170e-04 -2.285925724949160021e+00 2.704500528898160817e-03
7.054802310718645458e+04 1.205251072154020775e-01 3.591609033156317374e-04 -2.389470342168008354e+00 2.398718291046993134e-03
7.924828983539169712e+04 9.554898603103648136e-02 3.016461406671406198e-04 -2.477863208371545944e+00 2.779965752904670594e-03
8.902150854450392944e+04 7.541223141225913973e-02 1.574915782923262436e-04 -2.559141554735961499e+00 4.217686487711151851e-03
1.000000000000000000e+05 5.924700463069352413e-02 3.139379551319141249e-04 -2.623078859699881527e+00 6.269872481199983624e-03
