1.000000000000000000e+02 1.020199675506831483e+02 1.625412249821258370e-01 -1.331955363841785811e-03 2.367507604704314431e-03
1.266380173467403409e+02 1.019952369252918487e+02 1.860529477647276386e-01 -1.120503714046150456e-03 2.020732051264418402e-03
1.603718743751331033e+02 1.020682455984174624e+02 9.317232551352608305e-02 -6.582940470961085033e-04 1.178731624868958145e-03
2.030917620904734804e+02 1.020268391063210771e+02 1.384558712925269830e-01 5.435650213034826095e-04 7.203897397187029481e-04
2.571913809059344658e+02 1.021107119500489944e+02 7.663080749262456137e-02 -6.939382591085174745e-04 1.633932706165243517e-03
3.257020655659782733e+02 1.021123029611534889e+02 7.308920022795749316e-02 -4.585617618944604068e-04 1.828444440867699585e-03
4.124626382901352031e+02 1.020221461203044271e+02 1.043144772321459302e-01 -1.880152024127279553e-03 1.693754141107758730e-03
5.223345074266843540e+02 1.020497960037814238e+02 1.190985487717332314e-01 -1.821704845353766533e-03 1.447415959200198075e-03
6.614740641230146139e+02 1.020489935425504200e+02 1.947770365534429449e-01 -1.940418841977153974e-03 1.205863100913752775e-03
8.376776400682915664e+02 1.020429912077961490e+02 2.328808746885565883e-01 -1.862887179355454670e-03 1.790325045663137713e-03
1.060818355139448158e+03 1.019906884101998230e+02 1.358333890221696816e-01 -2.588691559241296236e-03 1.773315505420236396e-03
1.343399332598900173e+03 1.019663919667122656e+02 1.865611694611510885e-01 -3.031368375055742970e-03 2.275641406578417323e-03
1.701254279852589207e+03 1.019624368813804267e+02 1.953631668098934071e-01 -4.426957958515054248e-03 2.315000781279163977e-03
2.154434690031882383e+03 1.020832157011879247e+02 2.283635700284116221e-01 -5.101054155143613933e-03 1.904883724610784580e-03
2.728333376486769339e+03 1.020380701293420032e+02 1.759594790592026448e-01 -8.331960358439804981e-03 1.443149085828617992e-03
3.455107294592218295e+03 1.020038952806003465e+02 2.312034270282638526e-01 -8.693620565966064806e-03 9.476698169827640428e-04
4.375479375074184645e+03 1.020973095345564161e+02 1.419289192766718111e-01 -1.006713456127950046e-02 2.358902709226450966e-03
5.541020330009491772e+03 1.020833746436294120e+02 1.898579490313883344e-01 -1.386292897602514618e-02 2.269783282531487832e-03
7.017038286703822450e+03 1.019481700893456377e+02 1.892822452278578316e-01 -1.735700413243690399e-02 2.444625724631506025e-03
8.886238162743407884e+03 1.019238106326285163e+02 1.809257257349459191e-01 -2.359360860787912406e-02 2.114298491561097081e-03
1.125335582600764610e+04 1.021135024205207174e+02 1.607895969988605012e-01 -2.986806466581359842e-02 2.428942157850141718e-03
1.425102670302996376e+04 1.020232815885957933e+02 3.311886166551449295e-01 -3.625272634669857164e-02 2.156474959743736111e-03
1.804721766827170359e+04 1.017740732806425257e+02 4.360764866247205385e-01 -4.483091818853029986e-02 2.148114823363819845e-03
2.285463864134993128e+04 1.017070447866009317e+02 2.930178312630806192e-01 -5.598138001081032211e-02 3.657125944163176681e-03
2.894266124716751801e+04 1.019437310635696718e+02 3.598479674641286152e-01 -7.258885369146778066e-02 3.480988175029570662e-03
3.665241237079625716e+04 1.018249945318153493e+02 4.339707945737229511e-01 -9.069769546044725850e-02 2.062337075270083593e-03
4.641588833612772578e+04 1.011631215681747733e+02 9.109525443453155846e-01 -1.127979160515297785e-01 6.086415901912126114e-03
5.878016072274911858e+04 1.014595399870648009e+02 8.650110967142665697e-01 -1.430421797607177581e-01 4.675103731389036905e-03
7.443803013251695666e+04 1.003576707222026130e+02 7.384031663802600454e-01 -1.931574994679446933e-01 7.768387471404930578e-03
9.426684551178854599e+04 9.940911632751890181e+01 2.091480908637422864e+00 -2.239251946832476192e-01 1.891840576695513754e-02
1.193776641714435682e+05 9.600042716687480038e+01 1.928852713898332238e+00 -3.037570926657546244e-01 1.538081224029142630e-02
1.511775070615659934e+05 9.476728370884190156e+01 2.372158026023877486e+00 -3.509201054764833905e-01 1.521973886634785285e-02
1.914481976169957488e+05 9.155716544979122773e+01 8.910647536907951860e-01 -4.533354583597933307e-01 1.759222776410383424e-02
2.424462017082330713e+05 8.772520153605324822e+01 9.158836449708002148e-01 -5.565542267894820760e-01 1.708645186382789019e-02
3.070290629757849965e+05 8.149775952570485060e+01 6.537481777925445714e-01 -6.721802125101830061e-01 7.439302044187242474e-03
3.888155180308085401e+05 7.310342844567453824e+01 5.932695757794645974e-01 -7.813469394661578526e-01 6.235946784779617183e-03
4.923882631706731627e+05 6.487302854976321953e+01 9.395355324621343929e-01 -9.101169249656924087e-01 1.016430603009179159e-02
6.235507341273912461e+05 5.484342728453518134e+01 6.742031324016828364e-01 -1.018479435216226081e+00 7.523931886083820228e-03
7.896522868499732576e+05 4.631515377828200997e+01 2.708735115545088390e-01 -1.134468833019018907e+00 8.156358638147823484e-03
1.000000000000000000e+06 3.816597120693176493e+01 2.581580530372394322e-01 -1.230934047281022847e+00 5.542446704145349151e-03
