1.000000000000000000e+02 1.191531899386498727e+00 4.391730527187683863e-01 -2.704780490703497242e-01 7.137479388494092358e-01
1.266380173467403409e+02 1.357505833585124000e+00 5.937314395626805364e-04 -9.433581393250012326e-04 1.648143255067393989e-04
1.603718743751331033e+02 1.357451313727795039e+00 4.957543893484268145e-04 -1.137395064996105098e-03 7.009983779599710863e-05
2.030917620904734804e+02 1.357450315111830008e+00 5.362091676225222555e-04 -1.344493975823424226e-03 1.260261587991726802e-04
2.571913809059344658e+02 1.357454910249178415e+00 4.984711013326936519e-04 -1.810970603546513402e-03 3.047991336479497426e-05
3.257020655659782733e+02 1.357571557517101679e+00 5.796540343289192411e-04 -2.537328389003168372e-03 7.685980459720661087e-04
4.124626382901352031e+02 1.357532713417448633e+00 5.287094085536753023e-04 -2.795997317146692307e-03 1.056901804679290387e-04
5.223345074266843540e+02 1.357446057329286138e+00 4.409961245020200529e-04 -3.606499773427807032e-03 3.992312198698732168e-05
6.614740641230146139e+02 1.357490375538939809e+00 4.962524692591964741e-04 -4.568519279242511111e-03 2.229054263385760163e-05
8.376776400682915664e+02 1.357512940266030199e+00 4.810051074029090558e-04 -5.815467128010620712e-03 4.009063459979474831e-05
1.060818355139448158e+03 1.357500235786203824e+00 4.641781794501041768e-04 -7.332133661684614445e-03 4.846701592016893270e-05
1.343399332598900173e+03 1.357634286681239200e+00 8.407989509888032448e-04 -9.222734198068127665e-03 2.295502432727141438e-04
1.701254279852589207e+03 1.357696627740009987e+00 7.562420271341106738e-04 -1.180881204429212739e-02 4.850004030435220171e-05
2.154434690031882383e+03 1.357382750141972849e+00 4.360675237863277849e-04 -1.500439855726337646e-02 5.387004096089491106e-05
2.728333376486769339e+03 1.357356944376224561e+00 3.551357525852485899e-04 -1.897148806520776443e-02 7.147552661631253090e-05
3.455107294592218295e+03 1.357062510979942349e+00 3.509981015316696170e-04 -2.402136504421092944e-02 9.124503126647966482e-05
4.375479375074184645e+03 1.356705069731497959e+00 4.531379587242463625e-04 -3.042107153401357733e-02 1.011799577642578783e-04
5.541020330009491772e+03 1.356290444487789681e+00 4.272802576801597503e-04 -3.875234685243089672e-02 4.641372394052059374e-04
7.017038286703822450e+03 1.355764534487400308e+00 3.952266896510736485e-04 -4.893116843913225544e-02 1.034307342384030188e-04
8.886238162743407884e+03 1.354811241814264378e+00 4.159130969953987061e-04 -6.188918072331306419e-02 1.709032147037333892e-04
1.125335582600764610e+04 1.353562823258255277e+00 5.062789175031727007e-04 -7.873922020830503854e-02 1.542184004698938930e-04
1.425102670302996376e+04 1.351611406155483586e+00 4.787601520851551828e-04 -9.962927920205366661e-02 2.307564706131297219e-04
1.804721766827170359e+04 1.348975526969042660e+00 5.016024297853704595e-04 -1.258398860382167195e-01 1.992869562346717292e-04
2.285463864134993128e+04 1.344448951297165351e+00 2.626598333294612024e-04 -1.591617644568353307e-01 1.951200793041306608e-04
2.894266124716751801e+04 1.337660116921642661e+00 4.956710931338885592e-04 -2.007742033652095137e-01 3.640421442082804847e-04
3.665241237079625716e+04 1.326886674966362811e+00 5.948853370069545361e-04 -2.523667252028204411e-01 6.017385804964153588e-04
4.641588833612772578e+04 1.310210723274578548e+00 7.696010078055994484e-04 -3.152179389472905546e-01 6.999769107337914902e-04
5.878016072274911858e+04 1.286213106953092211e+00 1.376696609807531247e-03 -3.916947112100805373e-01 1.337614716272501154e-03
7.443803013251695666e+04 1.249279127912821252e+00 1.245850225395798982e-03 -4.823876985907794013e-01 8.817912271815701473e-04
9.426684551178854599e+04 1.197885194034339573e+00 2.085692361594071627e-03 -5.863565857047986496e-01 1.746735660439479925e-03
1.193776641714435682e+05 1.128788903673347832e+00 1.767134527427039392e-03 -7.001015157819654444e-01 2.979394580361658697e-03
1.511775070615659934e+05 1.035620575443099600e+00 1.704459566289312934e-03 -8.140813602371761437e-01 2.115448514044161211e-03
1.914481976169957488e+05 9.060240992258341564e-01 1.881517190943996810e-03 -9.245340153519623350e-01 2.117113177051826219e-03
2.424462017082330713e+05 7.659718709329992326e-01 1.037142898326220497e-03 -1.027182575182419733e+00 1.436668883304349038e-03
3.070290629757849965e+05 6.353158484111173232e-01 1.014165928723306624e-03 -1.114967163882966572e+00 1.846492253191289040e-03
3.888155180308085401e+05 5.190546509766709171e-01 6.906944578694646170e-04 -1.188642121563637133e+00 1.642390933145875757e-03
4.923882631706731627e+05 4.190028149950276726e-01 3.780384253778909802e-04 -1.249737120729983220e+00 2.293562518442064310e-03
6.235507341273912461e+05 3.364289687188167788e-01 7.933907854874364248e-04 -1.292325352239368064e+00 3.380813342523830353e-03
7.896522868499732576e+05 2.691414133833902600e-01 6.617243123905046679e-04 -1.316754696825925164e+00 5.158931803606564385e-03
1.000000000000000000e+06 2.145595934705640528e-01 5.212629239189351575e-04 -1.337220903574267483e+00 3.357344101192402067e-03
