1.000000000000000000e+01 1.470749788498171284e+00 3.607783048456264519e-02 -1.629884729231051432e-02 2.526027574050266136e-02
1.266380173467403480e+01 1.484444254180476319e+00 3.354958504546399920e-05 -8.570470537170860048e-03 3.618697722027497832e-05
1.603718743751329967e+01 1.484321670761082235e+00 2.807830516277166942e-04 -1.085880563717256386e-02 8.687615832526638976e-05
2.030917620904735799e+01 1.484422944686305756e+00 1.200598801463447461e-04 -1.367203936553906818e-02 6.889529420532299660e-05
2.571913809059344302e+01 1.484347826013979299e+00 4.641862955257068695e-05 -1.734569458624551919e-02 4.534117137940533505e-05
3.257020655659783159e+01 1.484169764408646675e+00 1.728992078394793637e-04 -2.196698642408612123e-02 3.477290482629527476e-05
4.124626382901352173e+01 1.484142853646330806e+00 2.688161274123139445e-04 -2.768459735305983660e-02 3.615219521908067898e-04
5.223345074266843113e+01 1.484185964344269859e+00 4.743027763794500549e-04 -3.506202024294591268e-02 3.775949997986851161e-04
6.614740641230149265e+01 1.483617694695329892e+00 3.010070537372887072e-04 -4.478057796461287765e-02 2.494481974556754414e-04
8.376776400682915380e+01 1.483257826767605980e+00 1.890953233428172475e-04 -5.650839143552333077e-02 4.415982844560863672e-04
1.060818355139448244e+02 1.482471622309653903e+00 2.119604165071778379e-04 -7.164687003449643488e-02 4.246677435104185888e-04
1.343399332598900173e+02 1.481487016454217098e+00 3.139288090310022867e-04 -9.042703553506692415e-02 2.166383276578115902e-04
1.701254279852589093e+02 1.479413597293992355e+00 1.996631212023114140e-04 -1.143237011863050268e-01 1.954953978528229091e-04
2.154434690031882269e+02 1.476573872591719017e+00 2.668545150864920848e-04 -1.443702657673320844e-01 1.099985867168901051e-04
2.728333376486769453e+02 1.471554237709997492e+00 6.813749620908631389e-05 -1.820642354439312438e-01 6.928800256977284979e-05
3.455107294592218068e+02 1.463630182382280598e+00 2.128912776919475534e-04 -2.290667547542994953e-01 7.364269530519836993e-05
4.375479375074184532e+02 1.450491197055291170e+00 1.646756306982787368e-04 -2.870296715656198150e-01 9.907884133940069750e-05
5.541020330009491772e+02 1.428259236354259221e+00 1.423702746192322826e-04 -3.577623046887967173e-01 8.890114399116673589e-05
7.017038286703822223e+02 1.386688500158727910e+00 1.411088040794031631e-04 -4.421499655524049333e-01 9.228401638654568420e-05
8.886238162743406974e+02 1.314974988808273126e+00 1.506833909704765413e-04 -5.399741423151520614e-01 1.749985251164717297e-04
1.125335582600764610e+03 1.219836652975734737e+00 1.173558785561265073e-04 -6.494131562575821137e-01 4.241450206849252478e-04
1.425102670302997694e+03 1.102778764437863046e+00 2.141727111645325859e-04 -7.648736529306678911e-01 9.250305730282750837e-04
1.804721766827170313e+03 9.696423633340077730e-01 2.241874351824916730e-04 -8.814140086808626151e-01 1.010868414514738776e-03
2.285463864134990672e+03 8.302104991160730307e-01 2.284056666489571127e-04 -9.939610261399780544e-01 3.170486392066526517e-03
2.894266124716751619e+03 6.949870067725707479e-01 1.356340193683799292e-04 -1.093787892238905934e+00 1.949277238887530761e-03
3.665241237079625989e+03 5.716047263026911018e-01 1.918527592660021269e-04 -1.176797421725238824e+00 3.486446777092760182e-03
4.641588833612777307e+03 4.639956493774053947e-01 1.378193786733647626e-04 -1.252044396407500759e+00 1.519130640182572798e-03
5.878016072274911494e+03 3.735319255369767832e-01 1.330668032027161054e-04 -1.307043167629159397e+00 2.915345596914228291e-03
7.443803013251688753e+03 2.989372065722954441e-01 1.258657696905647713e-04 -1.354283189835827628e+00 4.878296109984386897e-03
9.426684551178854235e+03 2.385359364518629399e-01 1.141003165962068062e-04 -1.392483569221047102e+00 3.928377635231667005e-03
1.193776641714435755e+04 1.902321923403896831e-01 1.703772931394671936e-04 -1.420079328871553193e+00 5.169747524525501736e-03
1.511775070615659934e+04 1.517473136996729810e-01 8.649319462413107464e-05 -1.438110519397078235e+00 4.044547658290896519e-03
1.914481976169957488e+04 1.211952379146185171e-01 2.170076342369485684e-04 -1.456081449831660102e+00 3.756787584048666782e-03
2.424462017082330931e+04 9.707876135785814542e-02 1.866046659333750577e-04 -1.470065992770098973e+00 3.843409043439421652e-03
3.070290629757849820e+04 7.780688076231756511e-02 2.067633303484792563e-04 -1.487104730949539988e+00 3.083100501598357111e-03
3.888155180308085255e+04 6.261730945368912393e-02 2.287977498412796561e-04 -1.508368814564092997e+00 3.944651678970629259e-03
4.923882631706731627e+04 5.016663219760938985e-02 3.508316428348447788e-04 -1.533007179773482997e+00 9.751988938997391623e-03
6.235507341273911879e+04 3.999999466558794292e-02 2.314551544571607513e-04 -1.559727685960286880e+00 1.015591638364574112e-02
7.896522868499733158e+04 3.168794893986000977e-02 3.680983985010491334e-04 -1.594447859675079515e+00 7.955919796503110528e-03
1.000000000000000000e+05 2.493501499836296709e-02 3.926550713325218669e-04 -1.628652071860739348e+00 1.513546998375490948e-02
