1.000000000000000000e+01 1.021006942101058712e+02 1.483060192048064052e-01 -3.588806181825554553e-03 8.501915815180977054e-04
1.266380173467403480e+01 1.020827941269223516e+02 1.718600528938715732e-01 -2.250642308081585163e-03 1.089579473358366201e-03
1.603718743751329967e+01 1.020087815246648830e+02 1.638149348749551315e-01 -3.219077766169420318e-03 1.160231311958574056e-03
2.030917620904735799e+01 1.021889380748547183e+02 8.663530005660732836e-02 -3.552821249382442925e-03 1.142476068296558421e-03
2.571913809059344302e+01 1.020868055351447765e+02 9.748553842526108681e-02 -5.141847972917612530e-03 1.347541611694265612e-03
3.257020655659783159e+01 1.021369732501583769e+02 6.162813066809284812e-02 -6.898155653389581587e-03 1.862689702061503605e-03
4.124626382901352173e+01 1.020913965835607229e+02 2.228471118309773846e-01 -8.778160208525565000e-03 2.826126681877133302e-03
5.223345074266843113e+01 1.021258157018855570e+02 2.014574437198687895e-01 -1.047630312260705576e-02 1.455364877076900914e-03
6.614740641230149265e+01 1.020871487143158163e+02 1.551991966479360496e-01 -1.415911102544514799e-02 1.743567900994692820e-03
8.376776400682915380e+01 1.021087079769913686e+02 1.656992553620967312e-01 -1.764312893187125475e-02 1.769941685827227176e-03
1.060818355139448244e+02 1.020448966898935907e+02 1.542585467931948950e-01 -2.235308706768768250e-02 1.993415582368800437e-03
1.343399332598900173e+02 1.021148168026132197e+02 1.631865932595664148e-01 -2.819494065232003299e-02 1.440314144552031200e-03
1.701254279852589093e+02 1.020101634059502942e+02 1.581398783827549226e-01 -3.539904235734442350e-02 1.195373574647619862e-03
2.154434690031882269e+02 1.019399106262262080e+02 1.094606570793286715e-01 -4.326058662672954691e-02 1.117430762023898828e-03
2.728333376486769453e+02 1.019167550135038312e+02 1.829436961190955002e-01 -5.585678468665050689e-02 7.983093397135180343e-04
3.455107294592218068e+02 1.017831216071200231e+02 1.872538566433890883e-01 -7.087340985485568456e-02 1.462887438632532811e-03
4.375479375074184532e+02 1.016362136298379113e+02 1.405163174273535709e-01 -9.037817539135978295e-02 1.044382333523655908e-03
5.541020330009491772e+02 1.014502714146031934e+02 1.306870802931869302e-01 -1.132581158791401976e-01 1.069991046832270221e-03
7.017038286703822223e+02 1.010504858988047943e+02 1.380472235984654406e-01 -1.444529288581081761e-01 1.290149760824969198e-03
8.886238162743406974e+02 1.003270927384022997e+02 1.145367563270972139e-01 -1.818509302437446573e-01 1.702737159567483749e-03
1.125335582600764610e+03 9.935958755388395502e+01 1.933562575184793464e-01 -2.286808025744857531e-01 2.230560611426455394e-03
1.425102670302997694e+03 9.776644429101065725e+01 1.778534986318325017e-01 -2.880422372307227530e-01 1.425603694190342476e-03
1.804721766827170313e+03 9.538768030341174153e+01 1.345058362338261704e-01 -3.575298948628661821e-01 1.398840987898406028e-03
2.285463864134990672e+03 9.199419904088703959e+01 2.234253958221228131e-01 -4.417839089873524250e-01 1.316645500448730167e-03
2.894266124716751619e+03 8.715256298379267719e+01 2.056955622782187243e-01 -5.404700481241213605e-01 1.888421413278817355e-03
3.665241237079625989e+03 8.056662120083419154e+01 1.764681600475412615e-01 -6.503761068769537967e-01 1.819782704540376817e-03
4.641588833612777307e+03 7.262580782528584677e+01 1.882210867364874085e-01 -7.663866028996489943e-01 1.329140209154986655e-03
5.878016072274911494e+03 6.377848743386951469e+01 2.284780113518799782e-01 -8.815923006043244747e-01 3.206001576995308293e-03
7.443803013251688753e+03 5.446211802933986945e+01 7.313122938504526549e-02 -9.898237556431304096e-01 1.844921137139485766e-03
9.426684551178854235e+03 4.556782943444554235e+01 1.050051428608309995e-01 -1.086933624881803784e+00 3.643106416247429008e-03
1.193776641714435755e+04 3.759937956741575249e+01 1.543578723088756266e-01 -1.169557794175608123e+00 4.550609865297331781e-03
1.511775070615659934e+04 3.061974453802226748e+01 1.997949538894951693e-01 -1.240220172399247200e+00 3.272684781896450894e-03
1.914481976169957488e+04 2.483420235202325799e+01 6.079522165078796864e-02 -1.294775642611208255e+00 3.004575969437449368e-03
2.424462017082330931e+04 1.884353792662909655e+01 3.313615921511548823e+00 -1.325909822409758743e+00 4.456224187535645642e-02
3.070290629757849820e+04 1.632507841728317999e+01 6.376073307942334289e-02 -1.390798127214365021e+00 2.583629712151746909e-03
3.888155180308085255e+04 1.316822090711568016e+01 7.476899593150899970e-02 -1.427710366334741021e+00 8.416280609936280244e-03
4.923882631706731627e+04 1.052949447464019883e+01 6.153194146628282457e-02 -1.473326895534333492e+00 4.602034773654358098e-03
6.235507341273911879e+04 8.457117189896111498e+00 7.839743903812011749e-02 -1.522656494329662991e+00 9.418288410599166133e-03
7.896522868499733158e+04 6.745272046126933319e+00 3.899180531140537809e-02 -1.578621893692144340e+00 1.423717345597195170e-02
1.000000000000000000e+05 5.401134988749366705e+00 9.723718225484279110e-02 -1.633078449727255244e+00 1.323306641427391718e-02
