1.000000000000000000e+02 8.357929665849979095e-01 1.464712520989843456e-03 -2.493678512254238200e-03 3.201120307263242092e-04
1.266380173467403409e+02 8.357884175666371318e-01 1.210707021561291050e-03 -2.743322293679462121e-03 1.881997590010111893e-04
1.603718743751331033e+02 8.358064511186523715e-01 1.372960839902445879e-03 -3.551048028641867749e-03 2.028933155808942046e-04
2.030917620904734804e+02 8.359158157123163235e-01 1.469069370890874367e-03 -4.421847515614862889e-03 2.177313842701369571e-04
2.571913809059344658e+02 8.359902836760645384e-01 1.463093076589675953e-03 -5.562052795901717417e-03 1.220573685186146994e-04
3.257020655659782733e+02 8.359107833939236620e-01 1.529156114848174855e-03 -6.903134839010949264e-03 1.882359428391405310e-04
4.124626382901352031e+02 8.355696443340456803e-01 1.443581237110609346e-03 -8.860585886544869449e-03 1.431648758043484366e-04
5.223345074266843540e+02 8.360497654465084416e-01 1.647832038821782927e-03 -1.135759104865502467e-02 1.403715617027804000e-04
6.614740641230146139e+02 8.357168133275495459e-01 1.397838598787884065e-03 -1.436938256153069693e-02 5.466351064654335559e-05
8.376776400682915664e+02 8.355974880054968246e-01 1.351243619899458607e-03 -1.808930320131302283e-02 1.096014213157237737e-04
1.060818355139448158e+03 8.357325104391932769e-01 1.129817451052343019e-03 -2.277935576382922322e-02 3.117904321821775727e-04
1.343399332598900173e+03 8.352663686900752005e-01 1.608101836285161148e-03 -2.905265440166293622e-02 4.085064636992951563e-04
1.701254279852589207e+03 8.352757642721857501e-01 1.392533303713087934e-03 -3.667179385597285624e-02 1.773530385380971055e-04
2.154434690031882383e+03 8.349780663063610664e-01 1.801387662934253930e-03 -4.652910926365239064e-02 3.693201807731956963e-04
2.728333376486769339e+03 8.348883486411968757e-01 1.706633709113918561e-03 -5.876850395786492598e-02 3.044109721473153602e-04
3.455107294592218295e+03 8.335683727749584326e-01 1.993793567169637425e-03 -7.429810300186362459e-02 3.732826419244408573e-04
4.375479375074184645e+03 8.320596762824526982e-01 1.714440183132808632e-03 -9.420105433971587283e-02 3.430459346001245519e-04
5.541020330009491772e+03 8.304876780867492814e-01 1.300410388794966598e-03 -1.193465441453484543e-01 5.700074110524617956e-04
7.017038286703822450e+03 8.273957623378681570e-01 1.491684996565924249e-03 -1.506894289211617721e-01 5.856803375702101643e-04
8.886238162743407884e+03 8.221724490974329225e-01 1.462855321897534337e-03 -1.902447252723608040e-01 7.214277345669846755e-04
1.125335582600764610e+04 8.145522778747498194e-01 1.745605347363983397e-03 -2.378874796110552192e-01 7.704287319223727297e-04
1.425102670302996376e+04 8.029927621112000757e-01 1.792014355020935153e-03 -2.987677958977422166e-01 1.072500874722916164e-03
1.804721766827170359e+04 7.851829955444542541e-01 1.728827090867785573e-03 -3.709408450530735646e-01 1.802552459166581727e-03
2.285463864134993128e+04 7.588163151297619979e-01 1.406605699422718752e-03 -4.574638739979475788e-01 1.374371260638654639e-03
2.894266124716751801e+04 7.231023350402812078e-01 1.298623167680064980e-03 -5.564877262540309788e-01 2.902134317060236796e-03
3.665241237079625716e+04 6.762553132921689247e-01 1.808878653203360200e-03 -6.650554848502787664e-01 2.102085824995176839e-03
4.641588833612772578e+04 6.192686707956220893e-01 2.623349055444683647e-03 -7.798156454062648013e-01 4.363261490852596639e-03
5.878016072274911858e+04 5.549311849314942924e-01 1.785754915166007503e-03 -8.937242936759757228e-01 8.195576414331112378e-03
7.443803013251695666e+04 4.899561912467330638e-01 2.482994504644162482e-03 -9.952543137111291571e-01 7.821259422356556523e-03
9.426684551178854599e+04 4.263832238037349454e-01 3.246081056197285160e-03 -1.080348228263422250e+00 6.032691365267589360e-03
1.193776641714435682e+05 3.708880515150513868e-01 3.811851304301552053e-03 -1.153713791396640875e+00 1.005786445872822177e-02
1.511775070615659934e+05 3.199769839705464136e-01 1.577827042748263875e-03 -1.206806168376577837e+00 7.677856506976814092e-03
1.914481976169957488e+05 2.781289328373970915e-01 2.033464557790852587e-03 -1.257709077478800230e+00 7.427314812622222082e-03
2.424462017082330713e+05 2.408779120894721792e-01 2.450512316753327303e-03 -1.276808338434544554e+00 9.959613781550706937e-03
3.070290629757849965e+05 2.064368345050840436e-01 9.531555964336156216e-04 -1.273298820754081184e+00 9.139326417216372261e-03
3.888155180308085401e+05 1.685781118357106978e-01 7.231830790663843714e-04 -1.267290037076493014e+00 1.359568532821108650e-02
4.923882631706731627e+05 1.351758113384801674e-01 1.454029056027600223e-03 -1.249220214025480669e+00 1.470004726663636657e-02
6.235507341273912461e+05 1.090350756116527098e-01 9.823965277682281724e-04 -1.212020977349113293e+00 1.944374442522572161e-02
7.896522868499732576e+05 8.858325353330234742e-02 8.538890397161088023e-04 -1.168836677322578899e+00 1.401657348349845227e-02
1.000000000000000000e+06 7.322235751410266502e-02 8.854357608599536635e-04 -1.105500158094344210e+00 2.287212815448318518e-02
