1.000000000000000000e+01 1.421440845016536558e+00 3.217467143121272217e-04 -2.045374418633322255e-02 5.146884043776515379e-05
1.266380173467403480e+01 1.421512116268986770e+00 8.996746895467626717e-05 -2.593308144570072304e-02 4.980668122207210983e-05
1.603718743751329967e+01 1.421094871911092961e+00 3.556758509147749060e-04 -3.286975428737443083e-02 1.635630470950111108e-04
2.030917620904735799e+01 1.420970830107036731e+00 2.808648670962137048e-04 -4.153215555545880511e-02 1.158158284875859779e-04
2.571913809059344302e+01 1.420393206614382287e+00 1.211925539198601629e-04 -5.253143973343116224e-02 1.715572475740546519e-04
3.257020655659783159e+01 1.419489706161171316e+00 3.367436547193988381e-04 -6.651329786720189263e-02 1.323370927937771418e-04
4.124626382901352173e+01 1.418467131991190122e+00 1.177504337778569662e-03 -8.448666448599634338e-02 1.237386308815613747e-03
5.223345074266843113e+01 1.414676035372965934e+00 1.201017420961192307e-03 -1.059670409129590540e-01 1.651660721362103838e-03
6.614740641230149265e+01 1.413188700208782844e+00 1.046964665518114630e-03 -1.342047281587458452e-01 8.345914438228864071e-04
8.376776400682915380e+01 1.405984519272410971e+00 1.204529399443957918e-03 -1.692197558344408215e-01 1.204564284036518246e-03
1.060818355139448244e+02 1.395415508634311852e+00 1.675821168583177230e-03 -2.137943695035987579e-01 1.322412010303920500e-03
1.343399332598900173e+02 1.377396115297911727e+00 8.747304548716846933e-04 -2.674986062826126276e-01 7.685316470930873703e-04
1.701254279852589093e+02 1.349504325784494529e+00 8.011940057932819513e-04 -3.342878128265794335e-01 2.908307420172150928e-04
2.154434690031882269e+02 1.306564772457674106e+00 9.876881405637765680e-04 -4.143989882244465961e-01 7.409533419846909240e-04
2.728333376486769453e+02 1.247321935911885227e+00 1.336913881229399468e-03 -5.084253670030853822e-01 5.546589779692917858e-04
3.455107294592218068e+02 1.165216408999254272e+00 3.596985898733871530e-04 -6.146245185398653277e-01 1.575586072245497475e-04
4.375479375074184532e+02 1.063650613059747396e+00 7.672627882842161144e-04 -7.285560997878213207e-01 2.299620849769774562e-03
5.541020330009491772e+02 9.439472531707526759e-01 6.437941985407267696e-04 -8.461653079535660371e-01 2.887391569037780874e-03
7.017038286703822223e+02 8.151447195810155311e-01 3.918994357860301693e-04 -9.617362672331424278e-01 3.870932593271575635e-03
8.886238162743406974e+02 6.875090059736802539e-01 1.694481399549868845e-04 -1.067256488050762231e+00 6.425622584331830076e-03
1.125335582600764610e+03 5.684025973006753274e-01 2.185347184346817732e-04 -1.157277551130455162e+00 2.818690953446659729e-03
1.425102670302997694e+03 4.631700856854446546e-01 3.297956111062672296e-04 -1.233632867775377839e+00 7.704168217960442183e-03
1.804721766827170313e+03 3.733101627747923423e-01 1.365617567677984332e-04 -1.301429750059193813e+00 5.640616005270338192e-03
2.285463864134990672e+03 2.989170680527866164e-01 1.669979401092503758e-04 -1.351716036095083728e+00 8.231681370785743496e-03
2.894266124716751619e+03 2.380839104036685527e-01 1.247880306994647516e-04 -1.394304246432721328e+00 9.715333772036500309e-03
3.665241237079625989e+03 1.890731479470074139e-01 6.044385111093185126e-05 -1.430528084222912444e+00 6.831979854674810268e-03
4.641588833612777307e+03 1.499842162747568874e-01 9.327199375464177646e-05 -1.450186505416188654e+00 9.172270613418171889e-03
5.878016072274911494e+03 1.188582435369733015e-01 1.243847168506327888e-04 -1.470743620380275507e+00 8.896529660477561774e-03
7.443803013251688753e+03 9.417605454499276829e-02 5.381264991994556482e-05 -1.480390760313878840e+00 6.618791781898188294e-03
9.426684551178854235e+03 7.467987383304443283e-02 1.317163272499857199e-04 -1.486012538470182331e+00 7.571340156761513680e-03
1.193776641714435755e+04 5.924085976788259766e-02 9.316004128255351614e-05 -1.493787290246433086e+00 4.271147930168694984e-03
1.511775070615659934e+04 4.704725444927219252e-02 8.466486370665582547e-05 -1.500429745726605146e+00 4.937140932484334992e-03
1.914481976169957488e+04 3.753259507312951826e-02 1.718577403578051507e-04 -1.492453172964282704e+00 9.021067714314314964e-03
2.424462017082330931e+04 3.008615963008282046e-02 2.232245958254256758e-04 -1.500664504185389436e+00 9.868964219042195007e-03
3.070290629757849820e+04 2.394761681266935338e-02 1.582765534175816999e-04 -1.495074739284453447e+00 1.059200399019855250e-02
3.888155180308085255e+04 1.915853254530915095e-02 2.658798916971384977e-04 -1.499703656660139606e+00 1.311846488351503005e-02
4.923882631706731627e+04 1.540101113486049694e-02 2.318434027803978434e-04 -1.511346195448873608e+00 1.336460788629506222e-02
6.235507341273911879e+04 1.223427899483027492e-02 2.997129073480804518e-04 -1.513966275684971441e+00 2.526138970985150264e-02
7.896522868499733158e+04 9.504025274031073153e-03 2.616636449528272337e-04 -1.533561628553943734e+00 2.896313512028558107e-02
1.000000000000000000e+05 7.236499153925043254e-03 5.289517367506201993e-04 -1.574673532353243477e+00 5.323608038774319678e-02
