# Acquisizione Analog Discovery 2
# Timestamp 2024-10-26 18:27:03
# time	ch1	ch2
-1.000000000000000021e-02	1.067833308809577497e+00	2.531851454856638650e+00
-9.980000000000001023e-03	1.045697704980062204e+00	2.528147108610397709e+00
-9.960000000000000103e-03	1.030940635760385415e+00	2.539260147349120089e+00
-9.940000000000000918e-03	1.019872833845627769e+00	2.554077532334082523e+00
-9.919999999999999998e-03	1.008805031930870122e+00	2.561486224826563962e+00
-9.900000000000000813e-03	1.008805031930870122e+00	2.580007956057767338e+00
-9.880000000000001628e-03	1.008805031930870122e+00	2.602234033535211211e+00
-9.860000000000000708e-03	1.008805031930870122e+00	2.609642726027692650e+00
-9.840000000000001523e-03	9.940479627111932226e-01	2.617051418520174089e+00
-9.820000000000000603e-03	9.645338242718395350e-01	2.628164457258896025e+00
-9.800000000000001418e-03	9.719123588816779291e-01	2.654094880982580840e+00
-9.780000000000000498e-03	9.756016261865971817e-01	2.650390534736340342e+00
-9.760000000000001313e-03	9.387089531374050999e-01	2.668912265967543718e+00
-9.740000000000000394e-03	9.571552896620011408e-01	2.680025304706265654e+00
-9.720000000000001208e-03	9.313304185275665947e-01	2.705955728429950469e+00
-9.700000000000000289e-03	9.460874877472434941e-01	2.713364420922431464e+00
-9.680000000000001104e-03	9.313304185275665947e-01	2.728181805907394342e+00
-9.660000000000000184e-03	9.387089531374050999e-01	2.731886152153634839e+00
-9.640000000000000999e-03	9.350196858324858473e-01	2.731886152153634839e+00
-9.620000000000000079e-03	8.981270127832937655e-01	2.750407883384838215e+00
-9.600000000000000894e-03	9.018162800882129071e-01	2.794860038339726405e+00
-9.579999999999999974e-03	9.091948146980514123e-01	2.776338307108523029e+00
-9.560000000000000789e-03	8.796806762586977246e-01	2.787451345847244966e+00
-9.540000000000001604e-03	8.796806762586977246e-01	2.809677423324689283e+00
-9.520000000000000684e-03	8.759914089537784720e-01	2.802268730832207844e+00
-9.500000000000001499e-03	8.833699435636168662e-01	2.820790462063411219e+00
-9.480000000000000579e-03	8.723021416488592195e-01	2.843016539540855092e+00
-9.460000000000001394e-03	8.501665378193439260e-01	2.854129578279577473e+00
-9.440000000000000474e-03	8.686128743439400779e-01	2.850425232033336531e+00
-9.420000000000001289e-03	8.501665378193439260e-01	2.868946963264539907e+00
-9.400000000000000369e-03	8.464772705144247844e-01	2.857833924525817970e+00
-9.380000000000001184e-03	8.390987359045863903e-01	2.872651309510780848e+00
-9.360000000000000264e-03	8.317202012947478851e-01	2.894877386988224721e+00
-9.340000000000001079e-03	8.280309339898287435e-01	2.905990425726946658e+00
-9.320000000000000159e-03	8.058953301603134500e-01	2.917103464465668594e+00
-9.300000000000000974e-03	7.948275282455558033e-01	2.924512156958150033e+00
-9.280000000000000054e-03	8.132738647701518442e-01	2.954146926928075345e+00
-9.260000000000000869e-03	7.874489936357174091e-01	2.954146926928075345e+00
-9.239999999999999949e-03	7.911382609406365507e-01	2.965259965666797726e+00
-9.220000000000000764e-03	7.726919244160405098e-01	2.968964311913038223e+00
-9.200000000000001579e-03	7.763811917209597624e-01	2.972668658159278721e+00
-9.180000000000000659e-03	7.763811917209597624e-01	2.987486043144241599e+00
-9.160000000000001474e-03	7.653133898062021157e-01	2.998599081882963535e+00
-9.140000000000000555e-03	7.726919244160405098e-01	2.991190389390482096e+00
-9.120000000000001369e-03	7.468670532816060748e-01	3.009712120621685472e+00
-9.100000000000000450e-03	7.616241225012828631e-01	3.031938198099129789e+00
-9.080000000000001265e-03	7.653133898062021157e-01	3.031938198099129789e+00
-9.060000000000000345e-03	7.394885186717675696e-01	3.061572968069055101e+00
-9.040000000000001160e-03	7.062851129274947404e-01	3.057868621822814603e+00
-9.020000000000000240e-03	7.394885186717675696e-01	3.050459929330333164e+00
-9.000000000000001055e-03	7.099743802324138819e-01	3.068981660561536540e+00
-8.980000000000000135e-03	7.210421821471715287e-01	3.072686006807777037e+00
-8.960000000000000950e-03	7.136636475373331345e-01	3.087503391792739915e+00
-8.940000000000000030e-03	7.025958456225754878e-01	3.091207738038980413e+00
-8.920000000000000845e-03	6.989065783176562352e-01	3.098616430531461852e+00
-8.899999999999999925e-03	6.915280437078178410e-01	3.113433815516424730e+00
-8.880000000000000740e-03	6.952173110127370936e-01	3.117138161762665227e+00
-8.860000000000001555e-03	6.730817071832218002e-01	3.120842508008905725e+00
-8.840000000000000635e-03	6.952173110127370936e-01	3.135659892993868603e+00
-8.820000000000001450e-03	6.583246379635449008e-01	3.143068585486350042e+00
-8.800000000000000530e-03	6.657031725733834060e-01	3.150477277978831481e+00
-8.780000000000001345e-03	6.620139052684641534e-01	3.157885970471312476e+00
-8.760000000000000425e-03	6.583246379635449008e-01	3.187520740441237788e+00
-8.740000000000001240e-03	6.583246379635449008e-01	3.187520740441237788e+00
-8.720000000000000320e-03	6.583246379635449008e-01	3.194929432933719227e+00
-8.700000000000001135e-03	6.435675687438681125e-01	3.202338125426200666e+00
-8.680000000000000215e-03	6.435675687438681125e-01	3.217155510411163544e+00
-8.660000000000001030e-03	6.509461033537065067e-01	3.206042471672441163e+00
-8.640000000000000110e-03	6.324997668291104658e-01	3.220859856657404041e+00
-8.620000000000000925e-03	6.324997668291104658e-01	3.228268549149885480e+00
-8.600000000000000006e-03	6.103641629995951723e-01	3.250494626627329353e+00
-8.580000000000000820e-03	5.992963610848375255e-01	3.224564202903644539e+00
-8.559999999999999901e-03	5.882285591700798788e-01	3.254198972873570295e+00
-8.540000000000000716e-03	5.956070937799183840e-01	3.265312011612292231e+00
-8.520000000000001530e-03	5.882285591700798788e-01	3.272720704104773670e+00
-8.500000000000000611e-03	5.734714899504030905e-01	3.276425050351014168e+00
-8.480000000000001426e-03	5.992963610848375255e-01	3.298651127828458041e+00
-8.460000000000000506e-03	5.660929553405645853e-01	3.294946781582217543e+00
-8.440000000000001321e-03	5.808500245602414847e-01	3.302355474074698982e+00
-8.420000000000000401e-03	5.771607572553222321e-01	3.309764166567180421e+00
-8.400000000000001216e-03	5.771607572553222321e-01	3.328285897798383797e+00
-8.380000000000000296e-03	5.734714899504030905e-01	3.324581551552142855e+00
-8.360000000000001111e-03	5.845392918651607372e-01	3.324581551552142855e+00
-8.340000000000000191e-03	5.734714899504030905e-01	3.350511975275827670e+00
-8.320000000000001006e-03	5.587144207307261912e-01	3.331990244044624294e+00
-8.300000000000000086e-03	5.402680842061301503e-01	3.343103282783346231e+00
-8.280000000000000901e-03	5.587144207307261912e-01	3.369033706507031045e+00
-8.259999999999999981e-03	5.476466188159685444e-01	3.361625014014549606e+00
-8.240000000000000796e-03	5.513358861208877970e-01	3.365329360260790548e+00
-8.219999999999999876e-03	5.328895495962917561e-01	3.369033706507031045e+00
-8.200000000000000691e-03	5.402680842061301503e-01	3.391259783984474918e+00
-8.180000000000001506e-03	5.218217476815341094e-01	3.409781515215678294e+00
-8.160000000000000586e-03	5.328895495962917561e-01	3.406077168969437796e+00
-8.140000000000001401e-03	5.365788169012108977e-01	3.402372822723197299e+00
-8.120000000000000481e-03	5.107539457667764626e-01	3.420894553954400674e+00
-8.100000000000001296e-03	5.070646784618572100e-01	3.424598900200641172e+00
-8.080000000000000376e-03	5.070646784618572100e-01	3.435711938939363108e+00
-8.060000000000001191e-03	5.218217476815341094e-01	3.420894553954400674e+00
-8.040000000000000271e-03	4.996861438520188159e-01	3.443120631431844547e+00
-8.020000000000001086e-03	4.996861438520188159e-01	3.457938016416807425e+00
-8.000000000000000167e-03	4.996861438520188159e-01	3.446824977678085045e+00
-7.980000000000000981e-03	4.701720054126651283e-01	3.439416285185604050e+00
-7.960000000000000062e-03	4.664827381077458757e-01	3.450529323924325986e+00
-7.940000000000000877e-03	4.812398073274227750e-01	3.472755401401769859e+00
-7.919999999999999957e-03	4.517256688880690318e-01	3.472755401401769859e+00
-7.900000000000000772e-03	4.701720054126651283e-01	3.469051055155529362e+00
-7.879999999999999852e-03	4.738612727175843253e-01	3.494981478879214176e+00
-7.860000000000000667e-03	4.738612727175843253e-01	3.476459747648010801e+00
-7.840000000000001482e-03	4.591042034979074815e-01	3.480164093894251298e+00
-7.820000000000000562e-03	4.369685996683921880e-01	3.487572786386732737e+00
-7.800000000000000509e-03	4.443471342782306377e-01	3.483868440140491796e+00
-7.780000000000000457e-03	4.332793323634729910e-01	3.502390171371695171e+00
-7.760000000000000404e-03	4.222115304487153442e-01	3.480164093894251298e+00
-7.740000000000000352e-03	4.000759266192001062e-01	3.476459747648010801e+00
-7.720000000000000299e-03	4.000759266192001062e-01	3.476459747648010801e+00
-7.700000000000000247e-03	3.742510554847656157e-01	3.457938016416807425e+00
-7.680000000000001062e-03	3.705617881798463631e-01	3.454233670170566484e+00
-7.660000000000001009e-03	3.410476497404926755e-01	3.446824977678085045e+00
-7.640000000000000957e-03	3.299798478257350287e-01	3.454233670170566484e+00
-7.620000000000000905e-03	3.078442439962197907e-01	3.413485861461919235e+00
-7.600000000000000852e-03	2.857086401667044973e-01	3.406077168969437796e+00
-7.580000000000000800e-03	2.709515709470276534e-01	3.365329360260790548e+00
-7.560000000000000747e-03	2.266803632879970942e-01	3.350511975275827670e+00
-7.540000000000000695e-03	1.639628191043704941e-01	3.320877205305902358e+00
-7.520000000000000642e-03	1.418272152748552284e-01	3.280129396597254665e+00
-7.500000000000000590e-03	1.012452749207438940e-01	3.239381587888607417e+00
-7.480000000000000537e-03	4.959553265187491289e-02	3.180112047948756793e+00
-7.460000000000000485e-03	-9.432744226832479734e-03	3.128251200501387164e+00
-7.440000000000000432e-03	-7.583955571537830120e-02	3.057868621822814603e+00
-7.420000000000000380e-03	-1.570034364236009838e-01	2.987486043144241599e+00
-7.400000000000000328e-03	-2.381673171318236526e-01	2.872651309510780848e+00
-7.380000000000000275e-03	-3.488453362794000090e-01	2.802268730832207844e+00
-7.360000000000000223e-03	-4.373877515974611274e-01	2.676320958460024713e+00
-7.340000000000000170e-03	-5.702013745745527773e-01	2.528147108610397709e+00
-7.320000000000000985e-03	-6.735008591122907395e-01	2.413312374976936958e+00
-7.300000000000000933e-03	-7.657325417352709440e-01	2.287364602604753827e+00
-7.280000000000000880e-03	-8.764105608828474114e-01	2.194755946448736950e+00
-7.260000000000000828e-03	-9.686422435058276159e-01	2.083625559061516697e+00
-7.240000000000000775e-03	-1.031359787689454244e+00	1.972495171674296666e+00
-7.220000000000000723e-03	-1.127280737617353701e+00	1.865069130533317132e+00
-7.200000000000000670e-03	-1.201066083715738086e+00	1.753938743146096879e+00
-7.180000000000000618e-03	-1.278540697119041392e+00	1.683556164467524097e+00
-7.160000000000000565e-03	-1.315433370168233695e+00	1.572425777080303844e+00
-7.140000000000000513e-03	-1.392907983571537001e+00	1.487225813416768183e+00
-7.120000000000000460e-03	-1.437179191230567588e+00	1.405730195999473464e+00
-7.100000000000000408e-03	-1.477761131584679033e+00	1.313121539843456587e+00
-7.080000000000000356e-03	-1.547857210378144055e+00	1.239034614918643085e+00
-7.060000000000000303e-03	-1.573682081512578490e+00	1.172356382486310800e+00
-7.040000000000000251e-03	-1.640088893001124370e+00	1.090860765069016081e+00
-7.020000000000000198e-03	-1.680670833355235594e+00	1.013069493897961859e+00
-7.000000000000000146e-03	-1.680670833355235594e+00	9.500956077118704046e-01
-6.980000000000000961e-03	-1.706495704489670029e+00	8.723043365408161831e-01
-6.960000000000000908e-03	-1.732320575624104686e+00	8.019217578622434006e-01
-6.940000000000000856e-03	-1.765523981368377404e+00	7.352435254299112266e-01
-6.920000000000000803e-03	-1.780281050588054415e+00	6.685652929975791636e-01
-6.900000000000000751e-03	-1.776591783283135051e+00	6.130000993039690371e-01
-6.880000000000000698e-03	-1.809795189027407991e+00	5.463218668716368631e-01
-6.860000000000000646e-03	-1.809795189027407991e+00	4.648262494543419776e-01
-6.840000000000000593e-03	-1.824552258247085001e+00	4.426001719768979381e-01
-6.820000000000000541e-03	-1.828241525552004143e+00	3.722175932983251556e-01
-6.800000000000000488e-03	-1.798727387112650344e+00	3.240610920971963571e-01
-6.780000000000000436e-03	-1.824552258247085001e+00	2.796089371423082781e-01
-6.760000000000000384e-03	-1.839309327466761790e+00	2.203393972024574599e-01
-6.740000000000000331e-03	-1.850377129381519437e+00	1.721828960013286891e-01
-6.720000000000000279e-03	-1.831930792856923285e+00	1.055046635689965429e-01
-6.700000000000000226e-03	-1.824552258247085001e+00	4.623512362914574542e-02
-6.680000000000000174e-03	-1.831930792856923285e+00	9.191661166738994415e-03
-6.660000000000000121e-03	-1.828241525552004143e+00	-2.785180129566775312e-02
-6.640000000000000936e-03	-1.813484456332327355e+00	-7.971264874303719827e-02
-6.620000000000000884e-03	-1.831930792856923285e+00	-1.241648036979252911e-01
-6.600000000000000831e-03	-1.817173723637246496e+00	-1.723213048990540619e-01
-6.580000000000000779e-03	-1.824552258247085001e+00	-2.204778061001828326e-01
-6.560000000000000726e-03	-1.806105921722488850e+00	-2.575212685625896114e-01
-6.540000000000000674e-03	-1.809795189027407991e+00	-2.945647310249963624e-01
-6.520000000000000621e-03	-1.791348852502812061e+00	-3.427212322261251054e-01
-6.500000000000000569e-03	-1.795038119807731203e+00	-3.797646946885318564e-01
-6.480000000000000517e-03	-1.787659585197892698e+00	-4.205125033971792714e-01
-6.460000000000000464e-03	-1.780281050588054415e+00	-4.612603121058266864e-01
-6.440000000000000412e-03	-1.758145446758539121e+00	-5.205298520456774769e-01
-6.420000000000000359e-03	-1.754456179453619979e+00	-5.316428907843995244e-01
-6.400000000000000307e-03	-1.754456179453619979e+00	-6.057298157092130264e-01
-6.380000000000000254e-03	-1.728631308319185322e+00	-6.242515469404164019e-01
-6.360000000000000202e-03	-1.728631308319185322e+00	-6.649993556490638724e-01
-6.340000000000000149e-03	-1.724942041014266181e+00	-7.057471643577112319e-01
-6.320000000000000097e-03	-1.724942041014266181e+00	-7.242688955889146074e-01
-6.300000000000000912e-03	-1.699117169879831746e+00	-7.539036655588400304e-01
-6.280000000000000859e-03	-1.710184971794589393e+00	-7.909471280212467814e-01
-6.260000000000000807e-03	-1.717563506404427676e+00	-8.576253604535789554e-01
-6.240000000000000754e-03	-1.684360100660154735e+00	-8.539210142073382359e-01
-6.220000000000000702e-03	-1.676981566050316452e+00	-8.946688229159857064e-01
-6.200000000000000649e-03	-1.662224496830639664e+00	-9.354166316246330659e-01
-6.180000000000000597e-03	-1.676981566050316452e+00	-9.687557478407992084e-01
-6.160000000000000545e-03	-1.676981566050316452e+00	-9.872774790720025839e-01
-6.140000000000000492e-03	-1.662224496830639664e+00	-1.035433980273131382e+00
-6.120000000000000440e-03	-1.651156694915882017e+00	-1.072477442735538133e+00
-6.100000000000000387e-03	-1.636399625696205007e+00	-1.094703520212982006e+00
-6.080000000000000335e-03	-1.640088893001124370e+00	-1.124338290182907540e+00
-6.060000000000000282e-03	-1.632710358391285865e+00	-1.150268713906592133e+00
-6.040000000000000230e-03	-1.603196219951932067e+00	-1.176199137630276947e+00
-6.020000000000000177e-03	-1.610574754561770572e+00	-1.183607830122758386e+00
-6.000000000000000125e-03	-1.588439150732255278e+00	-1.235468677570127793e+00
-5.980000000000000072e-03	-1.588439150732255278e+00	-1.246581716308849730e+00
-5.960000000000000887e-03	-1.588439150732255278e+00	-1.283625178771256481e+00
-5.940000000000000835e-03	-1.592128418037174642e+00	-1.313259948741182015e+00
-5.920000000000000782e-03	-1.558925012292901702e+00	-1.346599064957348046e+00
-5.900000000000000730e-03	-1.569992814207659348e+00	-1.357712103696069983e+00
-5.880000000000000678e-03	-1.544167943073224691e+00	-1.402164258650958173e+00
-5.860000000000000625e-03	-1.540478675768305550e+00	-1.416981643635920829e+00
-5.840000000000000573e-03	-1.555235744987982338e+00	-1.442912067359605643e+00
-5.820000000000000520e-03	-1.518343071938790256e+00	-1.457729452344568299e+00
-5.800000000000000468e-03	-1.518343071938790256e+00	-1.491068568560734331e+00
-5.780000000000000415e-03	-1.507275270024032610e+00	-1.516998992284419145e+00
-5.760000000000000363e-03	-1.503586002719113468e+00	-1.535520723515622521e+00
-5.740000000000000310e-03	-1.518343071938790256e+00	-1.557746800993066394e+00
-5.720000000000000258e-03	-1.481450398889598175e+00	-1.591085917209232425e+00
-5.700000000000000205e-03	-1.485139666194517316e+00	-1.617016340932917240e+00
-5.680000000000000153e-03	-1.488828933499436680e+00	-1.620720687179157959e+00
-5.660000000000000100e-03	-1.466693329669921386e+00	-1.661468495887805430e+00
-5.640000000000000048e-03	-1.463004062365002023e+00	-1.672581534626527366e+00
-5.620000000000000863e-03	-1.466693329669921386e+00	-1.709624997088934117e+00
-5.600000000000000810e-03	-1.455625527755163739e+00	-1.728146728320137493e+00
-5.580000000000000758e-03	-1.437179191230567588e+00	-1.754077152043822307e+00
-5.560000000000000706e-03	-1.426111389315809941e+00	-1.772598883275025683e+00
-5.540000000000000653e-03	-1.403975785486294647e+00	-1.780007575767506900e+00
-5.520000000000000601e-03	-1.396597250876456364e+00	-1.791120614506229058e+00
-5.500000000000000548e-03	-1.415043587401052294e+00	-1.828164076968635809e+00
-5.480000000000000496e-03	-1.392907983571537001e+00	-1.842981461953598465e+00
-5.460000000000000443e-03	-1.381840181656779354e+00	-1.861503193184801841e+00
-5.440000000000000391e-03	-1.389218716266617859e+00	-1.857798846938561121e+00
-5.420000000000000338e-03	-1.367083112437102566e+00	-1.909659694385930528e+00
-5.400000000000000286e-03	-1.363393845132183424e+00	-1.924477079370893184e+00
-5.380000000000000233e-03	-1.352326043217425777e+00	-1.946703156848337279e+00
-5.360000000000000181e-03	-1.348636775912506636e+00	-1.957816195587059438e+00
-5.340000000000000129e-03	-1.311744102863314332e+00	-1.976337926818262813e+00
-5.320000000000000076e-03	-1.319122637473152837e+00	-2.002268350541947406e+00
-5.300000000000000024e-03	-1.315433370168233695e+00	-2.017085735526910284e+00
-5.280000000000000838e-03	-1.311744102863314332e+00	-2.039311813004354157e+00
-5.260000000000000786e-03	-1.296987033643637544e+00	-2.061537890481798030e+00
-5.240000000000000734e-03	-1.282229964423960755e+00	-2.083763967959242347e+00
-5.220000000000000681e-03	-1.252715825984606957e+00	-2.083763967959242347e+00
-5.200000000000000629e-03	-1.267472895204283967e+00	-2.094877006697964283e+00
-5.180000000000000576e-03	-1.249026558679687815e+00	-2.105990045436686220e+00
-5.160000000000000524e-03	-1.260094360594445462e+00	-2.128216122914130537e+00
-5.140000000000000471e-03	-1.252715825984606957e+00	-2.154146546637814907e+00
-5.120000000000000419e-03	-1.245337291374768673e+00	-2.176372624115259224e+00
-5.100000000000000366e-03	-1.212133885630495733e+00	-2.202303047838944039e+00
-5.080000000000000314e-03	-1.230580222155091663e+00	-2.206007394085184536e+00
-5.060000000000000261e-03	-1.208444618325576370e+00	-2.213416086577665975e+00
-5.040000000000000209e-03	-1.189998281800980440e+00	-2.235642164055109848e+00
-5.020000000000000157e-03	-1.197376816410818723e+00	-2.250459549040072726e+00
-5.000000000000000104e-03	-1.197376816410818723e+00	-2.268981280271276102e+00
-4.980000000000000052e-03	-1.186309014496061298e+00	-2.287503011502479477e+00
-4.959999999999999999e-03	-1.153105608751788358e+00	-2.302320396487441911e+00
-4.940000000000000814e-03	-1.156794876056707500e+00	-2.328250820211126726e+00
-4.920000000000000762e-03	-1.145727074141949853e+00	-2.335659512703608165e+00
-4.900000000000000709e-03	-1.153105608751788358e+00	-2.339363858949848662e+00
-4.880000000000000657e-03	-1.127280737617353701e+00	-2.365294282673533477e+00
-4.860000000000000604e-03	-1.142037806837030711e+00	-2.368998628919774418e+00
-4.840000000000000552e-03	-1.123591470312434559e+00	-2.380111667658496355e+00
-4.820000000000000499e-03	-1.094077331873080983e+00	-2.413450783874662164e+00
-4.800000000000000447e-03	-1.116212935702596054e+00	-2.420859476367143603e+00
-4.780000000000000394e-03	-1.097766599178000124e+00	-2.439381207598346979e+00
-4.760000000000000342e-03	-1.097766599178000124e+00	-2.454198592583309857e+00
-4.740000000000000289e-03	-1.097766599178000124e+00	-2.457902938829550354e+00
-4.720000000000000237e-03	-1.053495391518969537e+00	-2.461607285075791296e+00
-4.700000000000000185e-03	-1.060873926128808042e+00	-2.487537708799475666e+00
-4.680000000000000132e-03	-1.064563193433727184e+00	-2.502355093784438544e+00
-4.660000000000000080e-03	-1.031359787689454244e+00	-2.513468132523160481e+00
-4.640000000000000027e-03	-1.057184658823888679e+00	-2.535694210000604798e+00
-4.619999999999999975e-03	-1.031359787689454244e+00	-2.546807248739326734e+00
-4.600000000000000790e-03	-1.020291985774696597e+00	-2.554215941231808173e+00
-4.580000000000000737e-03	-1.001845649250100667e+00	-2.565328979970530110e+00
-4.560000000000000685e-03	-1.012913451164858314e+00	-2.583850711201733485e+00
-4.540000000000000632e-03	-9.870885800304237678e-01	-2.594963749940455422e+00
-4.520000000000000580e-03	-9.981563819451814146e-01	-2.591259403694214924e+00
-4.500000000000000527e-03	-9.797100454205852627e-01	-2.609781134925418300e+00
-4.480000000000000475e-03	-9.797100454205852627e-01	-2.643120251141584109e+00
-4.460000000000000422e-03	-9.612637088959892218e-01	-2.635711558649102670e+00
-4.440000000000000370e-03	-9.465066396763124335e-01	-2.661641982372787485e+00
-4.420000000000000318e-03	-9.686422435058276159e-01	-2.646824597387825051e+00
-4.400000000000000265e-03	-9.428173723713931809e-01	-2.680163713603990860e+00
-4.380000000000000213e-03	-9.465066396763124335e-01	-2.680163713603990860e+00
-4.360000000000000160e-03	-9.354388377615547867e-01	-2.694981098588953738e+00
-4.340000000000000108e-03	-9.280603031517162815e-01	-2.702389791081435177e+00
-4.320000000000000055e-03	-9.280603031517162815e-01	-2.717207176066397611e+00
-4.300000000000000003e-03	-9.169925012369587458e-01	-2.713502829820157114e+00
-4.279999999999999950e-03	-9.169925012369587458e-01	-2.754250638528804362e+00
-4.260000000000000765e-03	-9.096139666271202406e-01	-2.761659331021285801e+00
-4.240000000000000713e-03	-8.874783627976049472e-01	-2.776476716006248679e+00
-4.220000000000000660e-03	-9.059246993222010991e-01	-2.776476716006248679e+00
-4.200000000000000608e-03	-8.948568974074434523e-01	-2.780181062252489177e+00
-4.180000000000000555e-03	-8.837890954926858056e-01	-2.828337563453617864e+00
-4.160000000000000503e-03	-8.579642243582512595e-01	-2.806111485976173991e+00
-4.140000000000000450e-03	-8.579642243582512595e-01	-2.839450602192339801e+00
-4.120000000000000398e-03	-8.579642243582512595e-01	-2.835746255946099303e+00
-4.100000000000000346e-03	-8.579642243582512595e-01	-2.865381025916024615e+00
-4.080000000000000293e-03	-8.395178878336552186e-01	-2.854267987177302679e+00
-4.060000000000000241e-03	-8.210715513090591777e-01	-2.887607103393468932e+00
-4.040000000000000188e-03	-8.173822840041399251e-01	-2.876494064654746552e+00
-4.020000000000000136e-03	-8.063144820893822784e-01	-2.872789718408506054e+00
-4.000000000000000083e-03	-8.026252147844631368e-01	-2.902424488378431366e+00
-3.980000000000000031e-03	-8.063144820893822784e-01	-2.913537527117153303e+00
-3.959999999999999978e-03	-7.989359474795438842e-01	-2.913537527117153303e+00
-3.939999999999999926e-03	-7.915574128697054901e-01	-2.913537527117153303e+00
-3.920000000000000741e-03	-7.768003436500285908e-01	-2.954285335825800995e+00
-3.900000000000000255e-03	-7.731110763451094492e-01	-2.954285335825800995e+00
-3.880000000000000202e-03	-7.768003436500285908e-01	-2.957989682072041493e+00
-3.860000000000000150e-03	-7.768003436500285908e-01	-2.972807067057004371e+00
-3.840000000000000531e-03	-7.583540071254325499e-01	-2.991328798288207746e+00
-3.820000000000000479e-03	-7.620432744303518025e-01	-2.991328798288207746e+00
-3.800000000000000426e-03	-7.620432744303518025e-01	-3.002441837026929683e+00
-3.780000000000000374e-03	-7.399076706008365090e-01	-3.006146183273170180e+00
-3.760000000000000321e-03	-7.362184032959172564e-01	-3.020963568258133058e+00
-3.740000000000000269e-03	-7.583540071254325499e-01	-3.002441837026929683e+00
-3.720000000000000216e-03	-7.435969379057557616e-01	-3.050598338228058370e+00
-3.700000000000000164e-03	-7.435969379057557616e-01	-3.046893991981817873e+00
-3.680000000000000111e-03	-7.251506013811596096e-01	-3.058007030720539809e+00
-3.660000000000000493e-03	-7.030149975516444272e-01	-3.061711376966780307e+00
-3.640000000000000440e-03	-7.140827994664020739e-01	-3.072824415705502688e+00
-3.620000000000000388e-03	-7.067042648565635687e-01	-3.087641800690465121e+00
-3.600000000000000335e-03	-6.882579283319675278e-01	-3.095050493182946560e+00
-3.580000000000000283e-03	-6.919471956368867804e-01	-3.109867878167909439e+00
-3.560000000000000230e-03	-6.993257302467251746e-01	-3.102459185675427999e+00
-3.540000000000000178e-03	-6.956364629418059220e-01	-3.117276570660390433e+00
-3.520000000000000125e-03	-6.698115918073714870e-01	-3.124685263152871872e+00
-3.500000000000000073e-03	-6.698115918073714870e-01	-3.128389609399112814e+00
-3.480000000000000454e-03	-6.771901264172098811e-01	-3.135798301891593809e+00
-3.460000000000000402e-03	-6.661223245024522344e-01	-3.158024379369038126e+00
-3.440000000000000349e-03	-6.476759879778561935e-01	-3.150615686876556687e+00
-3.420000000000000297e-03	-6.550545225876945876e-01	-3.180250456846481999e+00
-3.400000000000000244e-03	-6.550545225876945876e-01	-3.169137418107760062e+00
-3.380000000000000192e-03	-6.292296514532601526e-01	-3.187659149338963438e+00
-3.360000000000000139e-03	-6.439867206729369409e-01	-3.187659149338963438e+00
-3.340000000000000087e-03	-6.329189187581794052e-01	-3.209885226816407311e+00
-3.320000000000000468e-03	-6.329189187581794052e-01	-3.202476534323925872e+00
-3.300000000000000416e-03	-6.218511168434217584e-01	-3.220998265555129247e+00
-3.280000000000000363e-03	-6.218511168434217584e-01	-3.228406958047610686e+00
-3.260000000000000311e-03	-6.070940476237448591e-01	-3.232111304293851628e+00
-3.240000000000000258e-03	-5.960262457089872123e-01	-3.232111304293851628e+00
-3.220000000000000206e-03	-6.107833149286641117e-01	-3.243224343032573564e+00
-3.200000000000000153e-03	-6.107833149286641117e-01	-3.235815650540092125e+00
-3.180000000000000101e-03	-5.960262457089872123e-01	-3.269154766756258379e+00
-3.160000000000000048e-03	-5.886477110991488182e-01	-3.272859113002498876e+00
-3.140000000000000430e-03	-5.886477110991488182e-01	-3.280267805494980315e+00
-3.120000000000000377e-03	-5.665121072696335247e-01	-3.269154766756258379e+00
-3.100000000000000325e-03	-5.702013745745527773e-01	-3.298789536726183691e+00
-3.080000000000000272e-03	-5.849584437942295656e-01	-3.298789536726183691e+00
-3.060000000000000220e-03	-5.628228399647142721e-01	-3.309902575464905627e+00
-3.040000000000000167e-03	-5.628228399647142721e-01	-3.321015614203627564e+00
-3.020000000000000115e-03	-5.628228399647142721e-01	-3.328424306696109003e+00
-3.000000000000000062e-03	-5.554443053548758780e-01	-3.321015614203627564e+00
-2.980000000000000444e-03	-5.628228399647142721e-01	-3.335832999188590442e+00
-2.960000000000000391e-03	-5.480657707450374838e-01	-3.335832999188590442e+00
-2.940000000000000339e-03	-5.406872361351990897e-01	-3.354354730419793817e+00
-2.920000000000000286e-03	-5.296194342204414429e-01	-3.369172115404756251e+00
-2.900000000000000234e-03	-5.259301669155221903e-01	-3.350650384173552876e+00
-2.880000000000000181e-03	-5.185516323056837962e-01	-3.383989500389719129e+00
-2.860000000000000129e-03	-5.369979688302798371e-01	-3.376580807897237690e+00
-2.840000000000000076e-03	-5.111730976958454020e-01	-3.376580807897237690e+00
-2.820000000000000024e-03	-5.333087015253605845e-01	-3.398806885374682007e+00
-2.800000000000000405e-03	-5.148623650007645436e-01	-3.395102539128441066e+00
-2.780000000000000353e-03	-5.001052957810877553e-01	-3.406215577867163002e+00
-2.760000000000000300e-03	-5.037945630860068968e-01	-3.402511231620922505e+00
-2.740000000000000248e-03	-4.890374938663300530e-01	-3.413624270359644441e+00
-2.720000000000000195e-03	-4.927267611712493056e-01	-3.421032962852125880e+00
-2.700000000000000143e-03	-5.001052957810877553e-01	-3.435850347837088758e+00
-2.680000000000000090e-03	-4.816589592564916589e-01	-3.435850347837088758e+00
-2.660000000000000038e-03	-4.853482265614108560e-01	-3.439554694083329256e+00
-2.640000000000000419e-03	-4.816589592564916589e-01	-3.446963386575810695e+00
-2.620000000000000367e-03	-4.779696919515724618e-01	-3.450667732822051192e+00
-2.600000000000000314e-03	-4.669018900368148151e-01	-3.465485117807014070e+00
-2.580000000000000262e-03	-4.705911573417340121e-01	-3.465485117807014070e+00
-2.560000000000000209e-03	-4.632126227318955625e-01	-3.476598156545736007e+00
-2.540000000000000157e-03	-4.484555535122187186e-01	-3.461780771560773129e+00
-2.520000000000000104e-03	-4.521448208171379712e-01	-3.476598156545736007e+00
-2.500000000000000052e-03	-4.632126227318955625e-01	-3.469189464053254568e+00
-2.480000000000000000e-03	-4.410770189023803245e-01	-3.480302502791976504e+00
-2.460000000000000381e-03	-4.410770189023803245e-01	-3.480302502791976504e+00
-2.440000000000000328e-03	-4.300092169876226778e-01	-3.487711195284457943e+00
-2.420000000000000276e-03	-4.300092169876226778e-01	-3.487711195284457943e+00
-2.400000000000000223e-03	-4.078736131581073843e-01	-3.472893810299495509e+00
-2.380000000000000171e-03	-3.968058112433497930e-01	-3.469189464053254568e+00
-2.360000000000000119e-03	-3.783594747187536966e-01	-3.469189464053254568e+00
-2.340000000000000066e-03	-3.525346035843192061e-01	-3.450667732822051192e+00
-2.320000000000000014e-03	-3.636024054990768528e-01	-3.465485117807014070e+00
-2.300000000000000395e-03	-3.451560689744808119e-01	-3.446963386575810695e+00
-2.280000000000000342e-03	-3.119526632302078717e-01	-3.435850347837088758e+00
-2.260000000000000290e-03	-3.156419305351271243e-01	-3.417328616605885383e+00
-2.240000000000000237e-03	-2.492351190465812993e-01	-3.402511231620922505e+00
-2.220000000000000185e-03	-2.455458517416620745e-01	-3.369172115404756251e+00
-2.200000000000000133e-03	-2.234102479121467810e-01	-3.343241691681071881e+00
-2.180000000000000080e-03	-1.570034364236009838e-01	-3.302493882972424188e+00
-2.160000000000000028e-03	-1.385570998990049152e-01	-3.272859113002498876e+00
-2.139999999999999975e-03	-7.583955571537830120e-02	-3.228406958047610686e+00
-2.120000000000000356e-03	-2.418981344650933049e-02	-3.180250456846481999e+00
-2.100000000000000304e-03	3.852773073711728002e-02	-3.124685263152871872e+00
-2.080000000000000251e-03	9.386674031090545822e-02	-3.046893991981817873e+00
-2.060000000000000199e-03	1.860984229338857598e-01	-2.961694028318282434e+00
-2.040000000000000147e-03	2.598837690322700067e-01	-2.850563640931062181e+00
-2.020000000000000094e-03	3.594939862650887719e-01	-2.739433253543841928e+00
-2.000000000000000042e-03	4.701720054126651283e-01	-2.617189827417899295e+00
-1.979999999999999989e-03	5.992963610848375255e-01	-2.506059440030679042e+00
-1.960000000000000370e-03	6.952173110127370936e-01	-2.372702975166014916e+00
-1.940000000000000101e-03	7.837597263307981565e-01	-2.268981280271276102e+00
-1.920000000000000265e-03	9.055055473931321597e-01	-2.143033507899092971e+00
-1.900000000000000213e-03	9.866694281013548284e-01	-2.043016159250594654e+00
-1.880000000000000161e-03	1.082590378029254286e+00	-1.946703156848337279e+00
-1.860000000000000108e-03	1.130550852993204014e+00	-1.828164076968635809e+00
-1.840000000000000056e-03	1.222782535616184330e+00	-1.739259767058859429e+00
-1.820000000000000220e-03	1.285500079799811068e+00	-1.654059803395323991e+00
-1.800000000000000168e-03	1.359285425898195232e+00	-1.535520723515622521e+00
-1.780000000000000115e-03	1.407245900862144961e+00	-1.461433798590809019e+00
-1.760000000000000063e-03	1.462584910435933194e+00	-1.376233834927273358e+00
-1.740000000000000227e-03	1.506856118094963781e+00	-1.279920832525015761e+00
-1.720000000000000175e-03	1.554816593058913510e+00	-1.209538253846442979e+00
-1.700000000000000122e-03	1.591709266108105592e+00	-1.139155675167870196e+00
-1.680000000000000070e-03	1.643359008376974684e+00	-1.068773096489297414e+00
-1.660000000000000234e-03	1.650737542986812967e+00	-9.798687865795211449e-01
-1.640000000000000182e-03	1.709765819865520342e+00	-9.205992466396704099e-01
-1.620000000000000129e-03	1.724522889085197352e+00	-8.428079754686161884e-01
-1.600000000000000077e-03	1.750347760219631787e+00	-7.835384355287654534e-01
-1.580000000000000024e-03	1.772483364049147081e+00	-7.168602030964332794e-01
-1.560000000000000189e-03	1.779861898658985364e+00	-6.464776244178604969e-01
-1.540000000000000136e-03	1.801997502488500658e+00	-5.797993919855283229e-01
-1.520000000000000084e-03	1.816754571708177668e+00	-5.353472370306402439e-01
-1.500000000000000031e-03	1.813065304403258304e+00	-4.797820433370300619e-01
-1.480000000000000196e-03	1.827822373622935315e+00	-4.205125033971792714e-01
-1.460000000000000143e-03	1.827822373622935315e+00	-3.464255784723657694e-01
-1.440000000000000091e-03	1.835200908232773598e+00	-3.130864622561997379e-01
-1.420000000000000038e-03	1.835200908232773598e+00	-2.464082298238675639e-01
-1.400000000000000203e-03	1.827822373622935315e+00	-1.871386898840167734e-01
-1.380000000000000150e-03	1.831511640927854456e+00	-1.500952274216100224e-01
-1.360000000000000098e-03	1.835200908232773598e+00	-8.712134123551855402e-02
-1.340000000000000045e-03	1.831511640927854456e+00	-4.266918628063045421e-02
-1.320000000000000210e-03	1.835200908232773598e+00	1.782968674257645603e-03
-1.300000000000000157e-03	1.827822373622935315e+00	4.993946987538641635e-02
-1.280000000000000105e-03	1.824133106318015951e+00	1.055046635689965429e-01
-1.260000000000000052e-03	1.824133106318015951e+00	1.573655110163659776e-01
-1.240000000000000000e-03	1.831511640927854456e+00	1.758872422475693531e-01
-1.220000000000000164e-03	1.794618967878662374e+00	2.129307047099761041e-01
-1.200000000000000112e-03	1.824133106318015951e+00	2.870176296347896061e-01
-1.180000000000000059e-03	1.801997502488500658e+00	3.277654383434370211e-01
-1.160000000000000007e-03	1.801997502488500658e+00	3.574002083133624441e-01
-1.140000000000000171e-03	1.794618967878662374e+00	3.944436707757691951e-01
-1.120000000000000119e-03	1.787240433268823869e+00	4.388958257306572741e-01
-1.100000000000000066e-03	1.809376037098339163e+00	4.796436344393046891e-01
-1.080000000000000014e-03	1.772483364049147081e+00	5.240957893941927681e-01
-1.060000000000000178e-03	1.768794096744227717e+00	5.648435981028402386e-01
-1.040000000000000126e-03	1.757726294829470293e+00	6.018870605652469896e-01
-1.020000000000000073e-03	1.746658492914712646e+00	6.426348692738943491e-01
-1.000000000000000021e-03	1.742969225609793282e+00	6.796783317363011001e-01
-9.800000000000001852e-04	1.735590690999954999e+00	7.093131017062265231e-01
-9.600000000000001327e-04	1.735590690999954999e+00	7.426522179223926656e-01
-9.400000000000000803e-04	1.717144354475358847e+00	7.908087191235213531e-01
-9.200000000000000278e-04	1.717144354475358847e+00	8.204434890934467761e-01
-9.000000000000000838e-04	1.709765819865520342e+00	8.500782590633721991e-01
-8.800000000000000313e-04	1.687630216036005049e+00	8.760086827870569026e-01
-8.600000000000000873e-04	1.680251681426166765e+00	9.167564914957043731e-01
-8.400000000000000348e-04	1.683940948731085907e+00	9.500956077118704046e-01
-8.200000000000000908e-04	1.676562414121247624e+00	9.945477626667584836e-01
-8.000000000000000383e-04	1.676562414121247624e+00	9.982521089129992031e-01
-7.800000000000000943e-04	1.680251681426166765e+00	1.046408610114127891e+00
-7.600000000000000418e-04	1.650737542986812967e+00	1.087156418822775361e+00
-7.400000000000000978e-04	1.650737542986812967e+00	1.094565111315256800e+00
-7.200000000000000453e-04	1.639669741072055320e+00	1.139017266270144768e+00
-7.000000000000001013e-04	1.617534137242540027e+00	1.150130305008866927e+00
-6.800000000000000488e-04	1.639669741072055320e+00	1.183469421225032958e+00
-6.600000000000001048e-04	1.617534137242540027e+00	1.231625922426161646e+00
-6.400000000000000524e-04	1.610155602632701743e+00	1.264965038642327677e+00
-6.199999999999999999e-04	1.599087800717944097e+00	1.294599808612253211e+00
-6.000000000000000559e-04	1.588019998803186450e+00	1.305712847350975148e+00
-5.800000000000000034e-04	1.576952196888428803e+00	1.335347617320900682e+00
-5.600000000000000594e-04	1.569573662278590298e+00	1.372391079783307433e+00
-5.400000000000000069e-04	1.565884394973671156e+00	1.372391079783307433e+00
-5.200000000000000629e-04	1.554816593058913510e+00	1.402025849753232745e+00
-5.000000000000000104e-04	1.547438058449075005e+00	1.439069312215639496e+00
-4.800000000000000664e-04	1.543748791144155863e+00	1.457591043446842871e+00
-4.600000000000000139e-04	1.521613187314640570e+00	1.472408428431805527e+00
-4.400000000000000157e-04	1.540059523839236721e+00	1.498338852155490342e+00
-4.200000000000000174e-04	1.506856118094963781e+00	1.550199699602859749e+00
-4.000000000000000192e-04	1.528991721924479075e+00	1.576130123326544563e+00
-3.800000000000000209e-04	1.510545385399882923e+00	1.583538815819025780e+00
-3.600000000000000227e-04	1.495788316180206134e+00	1.605764893296469875e+00
-3.400000000000000244e-04	1.488409781570367629e+00	1.620582278281432531e+00
-3.200000000000000262e-04	1.477341979655609983e+00	1.657625740743839282e+00
-3.000000000000000279e-04	1.495788316180206134e+00	1.665034433236320721e+00
-2.800000000000000297e-04	1.455206375826094689e+00	1.694669203206246033e+00
-2.600000000000000314e-04	1.466274177740852336e+00	1.713190934437449409e+00
-2.400000000000000332e-04	1.451517108521175548e+00	1.735417011914893504e+00
-2.200000000000000078e-04	1.451517108521175548e+00	1.761347435638578096e+00
-2.000000000000000096e-04	1.422002970081821971e+00	1.772460474377300255e+00
-1.800000000000000113e-04	1.403556633557225819e+00	1.805799590593466286e+00
-1.600000000000000131e-04	1.399867366252306677e+00	1.820616975578428942e+00
-1.400000000000000148e-04	1.399867366252306677e+00	1.842843053055873037e+00
-1.200000000000000166e-04	1.399867366252306677e+00	1.879886515518279788e+00
-1.000000000000000048e-04	1.377731762422791384e+00	1.865069130533317132e+00
-8.000000000000000654e-05	1.359285425898195232e+00	1.909521285488205100e+00
-6.000000000000000830e-05	1.374042495117872020e+00	1.913225631734445820e+00
-4.000000000000000327e-05	1.359285425898195232e+00	1.953973440443093290e+00
-2.000000000000000164e-05	1.351906891288356949e+00	1.953973440443093290e+00
0.000000000000000000e+00	1.329771287458841655e+00	1.957677786689334010e+00
2.000000000000000164e-05	1.344528356678518444e+00	1.991016902905500041e+00
4.000000000000000327e-05	1.318703485544084009e+00	2.005834287890462697e+00
6.000000000000000830e-05	1.315014218239164645e+00	2.028060365367906570e+00
8.000000000000000654e-05	1.311324950934245503e+00	2.042877750352869448e+00
1.000000000000000048e-04	1.296567881714568715e+00	2.083625559061516697e+00
1.200000000000000166e-04	1.289189347104730210e+00	2.068808174076554263e+00
1.400000000000000148e-04	1.274432277885053422e+00	2.094738597800239077e+00
1.600000000000000131e-04	1.263364475970295775e+00	2.131782060262645828e+00
1.800000000000000113e-04	1.259675208665376633e+00	2.139190752755126823e+00
2.000000000000000096e-04	1.252296674055538128e+00	2.142895099001367765e+00
2.200000000000000078e-04	1.252296674055538128e+00	2.168825522725052579e+00
2.400000000000000332e-04	1.244918139445699623e+00	2.172529868971293077e+00
2.600000000000000314e-04	1.237539604835861340e+00	2.205868985187459330e+00
2.800000000000000297e-04	1.233850337530941976e+00	2.216982023926181267e+00
3.000000000000000279e-04	1.215404001006346046e+00	2.235503755157384642e+00
3.200000000000000262e-04	1.196957664481749894e+00	2.231799408911143701e+00
3.400000000000000244e-04	1.178511327957153965e+00	2.261434178881069457e+00
3.600000000000000227e-04	1.189579129871911611e+00	2.276251563866031891e+00
3.800000000000000209e-04	1.189579129871911611e+00	2.298477641343476208e+00
4.000000000000000192e-04	1.152686456822719308e+00	2.302181987589716705e+00
4.200000000000000174e-04	1.160064991432557813e+00	2.335521103805882959e+00
4.400000000000000157e-04	1.152686456822719308e+00	2.331816757559642017e+00
4.600000000000000139e-04	1.167443526042396318e+00	2.365155873775808271e+00
4.800000000000000664e-04	1.137929387603042519e+00	2.368860220022048768e+00
5.000000000000000104e-04	1.119483051078446367e+00	2.379973258760770705e+00
5.200000000000000629e-04	1.130550852993204014e+00	2.402199336238215022e+00
5.400000000000000069e-04	1.108415249163688943e+00	2.420721067469418397e+00
5.600000000000000594e-04	1.108415249163688943e+00	2.446651491193103212e+00
5.800000000000000034e-04	1.086279645334173649e+00	2.446651491193103212e+00
6.000000000000000559e-04	1.078901110724335144e+00	2.442947144946862270e+00
6.199999999999999999e-04	1.075211843419416002e+00	2.472581914916787582e+00
6.400000000000000524e-04	1.078901110724335144e+00	2.479990607409269021e+00
6.600000000000001048e-04	1.056765506894819850e+00	2.494807992394231899e+00
6.800000000000000488e-04	1.049386972284981345e+00	2.517034069871675772e+00
7.000000000000001013e-04	1.045697704980062204e+00	2.531851454856638650e+00
7.200000000000000453e-04	1.053076239589900709e+00	2.546668839841601084e+00
7.400000000000000978e-04	1.053076239589900709e+00	2.554077532334082523e+00
7.600000000000000418e-04	1.023562101150546910e+00	2.580007956057767338e+00
7.800000000000000943e-04	1.019872833845627769e+00	2.583712302304007835e+00
8.000000000000000383e-04	1.005115764625950980e+00	2.602234033535211211e+00
8.200000000000000908e-04	1.005115764625950980e+00	2.605938379781452152e+00
8.400000000000000348e-04	9.903586954062740810e-01	2.613347072273933591e+00
8.600000000000000873e-04	9.829801607964355759e-01	2.631868803505136967e+00
8.800000000000000313e-04	9.756016261865971817e-01	2.642981842243858903e+00
9.000000000000000838e-04	9.719123588816779291e-01	2.665207919721302776e+00
9.200000000000000278e-04	9.423982204423242415e-01	2.661503573475062279e+00
9.400000000000000803e-04	9.460874877472434941e-01	2.676320958460024713e+00
9.600000000000001327e-04	9.534660223570818882e-01	2.713364420922431464e+00
9.800000000000001852e-04	9.608445569669203934e-01	2.691138343444987591e+00
1.000000000000000021e-03	9.423982204423242415e-01	2.720773113414912903e+00
1.020000000000000073e-03	9.239518839177282006e-01	2.720773113414912903e+00
1.040000000000000126e-03	9.202626166128090590e-01	2.739294844646116278e+00
1.060000000000000178e-03	9.128840820029705538e-01	2.742999190892357220e+00
1.080000000000000014e-03	8.833699435636168662e-01	2.757816575877319654e+00
1.100000000000000066e-03	8.907484781734552604e-01	2.765225268369801093e+00
1.120000000000000119e-03	9.018162800882129071e-01	2.780042653354763971e+00
1.140000000000000171e-03	8.944377454783745129e-01	2.809677423324689283e+00
1.160000000000000007e-03	8.759914089537784720e-01	2.809677423324689283e+00
1.180000000000000059e-03	8.723021416488592195e-01	2.820790462063411219e+00
1.200000000000000112e-03	8.686128743439400779e-01	2.835607847048374097e+00
1.220000000000000164e-03	8.538558051242631786e-01	2.828199154555892658e+00
1.240000000000000000e-03	8.427880032095055318e-01	2.868946963264539907e+00
1.260000000000000052e-03	8.538558051242631786e-01	2.865242617018299409e+00
1.280000000000000105e-03	8.501665378193439260e-01	2.865242617018299409e+00
1.300000000000000157e-03	8.317202012947478851e-01	2.894877386988224721e+00
1.320000000000000210e-03	8.206523993799902383e-01	2.894877386988224721e+00
1.340000000000000045e-03	8.354094685996671377e-01	2.902286079480706160e+00
1.360000000000000098e-03	8.206523993799902383e-01	2.909694771973187599e+00
1.380000000000000150e-03	8.058953301603134500e-01	2.917103464465668594e+00
1.400000000000000203e-03	7.763811917209597624e-01	2.935625195696871970e+00
1.420000000000000038e-03	7.948275282455558033e-01	2.920807810711909536e+00
1.440000000000000091e-03	7.800704590258789040e-01	2.935625195696871970e+00
1.460000000000000143e-03	7.911382609406365507e-01	2.968964311913038223e+00
1.480000000000000196e-03	7.911382609406365507e-01	2.972668658159278721e+00
1.500000000000000031e-03	7.616241225012828631e-01	2.980077350651760160e+00
1.520000000000000084e-03	7.763811917209597624e-01	2.991190389390482096e+00
1.540000000000000136e-03	7.542455878914444689e-01	3.002303428129204477e+00
1.560000000000000189e-03	7.653133898062021157e-01	3.013416466867926413e+00
1.580000000000000024e-03	7.394885186717675696e-01	3.035642544345370286e+00
1.600000000000000077e-03	7.247314494520907813e-01	3.046755583084092223e+00
1.620000000000000129e-03	7.357992513668484280e-01	3.046755583084092223e+00
1.640000000000000182e-03	7.247314494520907813e-01	3.043051236837851725e+00
1.660000000000000234e-03	7.173529148422523871e-01	3.065277314315295598e+00
1.680000000000000070e-03	7.173529148422523871e-01	3.080094699300258476e+00
1.700000000000000122e-03	7.247314494520907813e-01	3.061572968069055101e+00
1.720000000000000175e-03	7.062851129274947404e-01	3.080094699300258476e+00
1.740000000000000227e-03	7.025958456225754878e-01	3.098616430531461852e+00
1.760000000000000063e-03	7.136636475373331345e-01	3.102320776777702349e+00
1.780000000000000115e-03	6.767709744881410527e-01	3.109729469270183788e+00
1.800000000000000168e-03	6.804602417930601943e-01	3.143068585486350042e+00
1.820000000000000220e-03	6.804602417930601943e-01	3.131955546747628105e+00
1.840000000000000056e-03	6.693924398783025476e-01	3.124546854255146666e+00
1.860000000000000108e-03	6.767709744881410527e-01	3.128251200501387164e+00
1.880000000000000161e-03	6.693924398783025476e-01	3.154181624225071978e+00
1.900000000000000213e-03	6.546353706586257593e-01	3.161590316717553417e+00
1.920000000000000265e-03	6.583246379635449008e-01	3.183816394194997290e+00
1.940000000000000101e-03	6.435675687438681125e-01	3.176407701702515851e+00
1.960000000000000370e-03	6.620139052684641534e-01	3.191225086687478729e+00
1.979999999999999989e-03	6.583246379635449008e-01	3.213451164164922602e+00
2.000000000000000042e-03	6.288104995241912132e-01	3.202338125426200666e+00
2.020000000000000094e-03	6.472568360487872541e-01	3.213451164164922602e+00
2.040000000000000147e-03	6.361890341340297184e-01	3.220859856657404041e+00
2.060000000000000199e-03	6.251212322192720716e-01	3.228268549149885480e+00
2.080000000000000251e-03	6.214319649143528190e-01	3.239381587888607417e+00
2.100000000000000304e-03	6.214319649143528190e-01	3.243085934134847914e+00
2.120000000000000356e-03	6.103641629995951723e-01	3.257903319119810792e+00
2.139999999999999975e-03	6.066748956946759197e-01	3.257903319119810792e+00
2.160000000000000028e-03	6.140534303045144249e-01	3.261607665366051290e+00
2.180000000000000080e-03	6.066748956946759197e-01	3.283833742843495607e+00
2.200000000000000133e-03	5.956070937799183840e-01	3.283833742843495607e+00
2.220000000000000185e-03	5.992963610848375255e-01	3.280129396597254665e+00
2.240000000000000237e-03	5.956070937799183840e-01	3.317172859059661416e+00
2.260000000000000290e-03	5.734714899504030905e-01	3.294946781582217543e+00
2.280000000000000342e-03	5.734714899504030905e-01	3.320877205305902358e+00
2.300000000000000395e-03	5.919178264749991314e-01	3.320877205305902358e+00
2.320000000000000014e-03	5.697822226454838379e-01	3.339398936537105733e+00
2.340000000000000066e-03	5.587144207307261912e-01	3.320877205305902358e+00
2.360000000000000119e-03	5.550251534258070496e-01	3.354216321522068167e+00
2.380000000000000171e-03	5.513358861208877970e-01	3.346807629029587172e+00
2.400000000000000223e-03	5.624036880356454438e-01	3.357920667768309109e+00
2.420000000000000276e-03	5.587144207307261912e-01	3.376442398999512484e+00
2.440000000000000328e-03	5.328895495962917561e-01	3.376442398999512484e+00
2.460000000000000381e-03	5.365788169012108977e-01	3.365329360260790548e+00
2.480000000000000000e-03	5.292002822913725035e-01	3.391259783984474918e+00
2.500000000000000052e-03	5.107539457667764626e-01	3.391259783984474918e+00
2.520000000000000104e-03	5.218217476815341094e-01	3.387555437738234421e+00
2.540000000000000157e-03	5.181324803766148568e-01	3.387555437738234421e+00
2.560000000000000209e-03	5.070646784618572100e-01	3.417190207708159733e+00
2.580000000000000262e-03	5.255110149864532509e-01	3.428303246446881669e+00
2.600000000000000314e-03	5.107539457667764626e-01	3.417190207708159733e+00
2.620000000000000367e-03	5.033754111569380685e-01	3.420894553954400674e+00
2.640000000000000419e-03	5.033754111569380685e-01	3.413485861461919235e+00
2.660000000000000038e-03	4.923076092421803662e-01	3.450529323924325986e+00
2.680000000000000090e-03	5.033754111569380685e-01	3.450529323924325986e+00
2.700000000000000143e-03	5.033754111569380685e-01	3.454233670170566484e+00
2.720000000000000195e-03	4.923076092421803662e-01	3.465346708909288420e+00
2.740000000000000248e-03	4.775505400225035224e-01	3.472755401401769859e+00
2.760000000000000300e-03	4.886183419372611692e-01	3.472755401401769859e+00
2.780000000000000353e-03	4.849290746323419721e-01	3.480164093894251298e+00
2.800000000000000405e-03	4.775505400225035224e-01	3.476459747648010801e+00
2.820000000000000024e-03	4.627934708028266786e-01	3.494981478879214176e+00
2.840000000000000076e-03	4.517256688880690318e-01	3.494981478879214176e+00
2.860000000000000129e-03	4.517256688880690318e-01	3.480164093894251298e+00
2.880000000000000181e-03	4.406578669733114406e-01	3.480164093894251298e+00
2.900000000000000234e-03	4.259007977536345413e-01	3.491277132632973235e+00
2.920000000000000286e-03	4.295900650585537939e-01	3.476459747648010801e+00
2.940000000000000339e-03	4.222115304487153442e-01	3.491277132632973235e+00
2.960000000000000391e-03	4.148329958388769501e-01	3.476459747648010801e+00
2.980000000000000444e-03	3.779403227896848128e-01	3.480164093894251298e+00
3.000000000000000062e-03	3.631832535700079689e-01	3.443120631431844547e+00
3.020000000000000115e-03	3.336691151306542813e-01	3.457938016416807425e+00
3.040000000000000167e-03	3.115335113011389878e-01	3.417190207708159733e+00
3.060000000000000220e-03	2.893979074716236943e-01	3.413485861461919235e+00
3.080000000000000272e-03	2.598837690322700067e-01	3.383851091491993923e+00
3.100000000000000325e-03	2.635730363371892038e-01	3.376442398999512484e+00
3.120000000000000377e-03	2.193018286781586723e-01	3.350511975275827670e+00
3.140000000000000430e-03	1.750306210191281409e-01	3.328285897798383797e+00
3.160000000000000048e-03	1.344486806650168065e-01	3.280129396597254665e+00
3.180000000000000101e-03	8.279893839614782536e-02	3.231972895396125978e+00
3.200000000000000153e-03	5.697406726171334174e-02	3.187520740441237788e+00
3.220000000000000206e-03	-1.681127883667090511e-02	3.154181624225071978e+00
3.240000000000000258e-03	-8.321809032521672311e-02	3.057868621822814603e+00
3.260000000000000311e-03	-1.643819710334394057e-01	2.972668658159278721e+00
3.280000000000000363e-03	-2.418565844367428497e-01	2.894877386988224721e+00
3.300000000000000416e-03	-3.451560689744808119e-01	2.783746999601004468e+00
3.320000000000000468e-03	-4.595233554269763654e-01	2.650390534736340342e+00
3.340000000000000087e-03	-5.702013745745527773e-01	2.524442762364157211e+00
3.360000000000000139e-03	-6.808793937221291337e-01	2.413312374976936958e+00
3.380000000000000192e-03	-7.694218090401901966e-01	2.291068948850994769e+00
3.400000000000000244e-03	-8.837890954926858056e-01	2.176234215217533574e+00
3.420000000000000297e-03	-9.501959069812315750e-01	2.050286442845350887e+00
3.440000000000000349e-03	-1.038738322299292749e+00	1.946564747950611851e+00
3.460000000000000402e-03	-1.108834401092757771e+00	1.861364784287076413e+00
3.480000000000000454e-03	-1.204755351020657228e+00	1.757643089392337599e+00
3.500000000000000073e-03	-1.267472895204283967e+00	1.687260510713764594e+00
3.520000000000000125e-03	-1.315433370168233695e+00	1.576130123326544563e+00
3.540000000000000178e-03	-1.381840181656779354e+00	1.502043198401731061e+00
3.560000000000000230e-03	-1.437179191230567588e+00	1.405730195999473464e+00
3.580000000000000283e-03	-1.466693329669921386e+00	1.335347617320900682e+00
3.600000000000000335e-03	-1.540478675768305550e+00	1.224217229933680429e+00
3.620000000000000388e-03	-1.584749883427336137e+00	1.168652036240070302e+00
3.640000000000000440e-03	-1.617953289171609077e+00	1.076043380084053425e+00
3.660000000000000493e-03	-1.654845962220801159e+00	1.013069493897961859e+00
3.680000000000000111e-03	-1.676981566050316452e+00	9.649129926968330606e-01
3.700000000000000164e-03	-1.713874239099508534e+00	8.723043365408161831e-01
3.720000000000000216e-03	-1.736009842929023828e+00	8.093304503547247286e-01
3.740000000000000269e-03	-1.732320575624104686e+00	7.426522179223926656e-01
3.760000000000000321e-03	-1.780281050588054415e+00	6.685652929975791636e-01
3.780000000000000374e-03	-1.791348852502812061e+00	6.315218305351724126e-01
3.800000000000000426e-03	-1.809795189027407991e+00	5.426175206253961436e-01
3.820000000000000479e-03	-1.813484456332327355e+00	5.129827506554707206e-01
3.840000000000000531e-03	-1.809795189027407991e+00	4.388958257306572741e-01
3.860000000000000150e-03	-1.835620060161842648e+00	3.796262857908064836e-01
3.880000000000000202e-03	-1.831930792856923285e+00	3.203567458509556931e-01
3.900000000000000255e-03	-1.817173723637246496e+00	2.796089371423082781e-01
3.920000000000000741e-03	-1.828241525552004143e+00	2.166350509562167959e-01
3.939999999999999926e-03	-1.835620060161842648e+00	1.536611647701253136e-01
3.959999999999999978e-03	-1.839309327466761790e+00	1.092090098152372207e-01
3.980000000000000031e-03	-1.831930792856923285e+00	6.105250861410844304e-02
4.000000000000000083e-03	-1.828241525552004143e+00	3.882643113666439660e-02
4.020000000000000136e-03	-1.809795189027407991e+00	-4.637353252687112515e-02
4.040000000000000188e-03	-1.831930792856923285e+00	-6.859961000431517852e-02
4.060000000000000241e-03	-1.828241525552004143e+00	-1.389821886828880027e-01
4.080000000000000293e-03	-1.824552258247085001e+00	-1.797299973915354177e-01
4.100000000000000346e-03	-1.798727387112650344e+00	-2.278864985926641884e-01
4.120000000000000398e-03	-1.795038119807731203e+00	-2.649299610550709394e-01
4.140000000000000450e-03	-1.787659585197892698e+00	-3.130864622561997379e-01
4.160000000000000503e-03	-1.787659585197892698e+00	-3.316081934874031134e-01
4.180000000000000555e-03	-1.795038119807731203e+00	-3.908777334272539039e-01
4.200000000000000608e-03	-1.787659585197892698e+00	-4.501472733671046944e-01
4.220000000000000660e-03	-1.780281050588054415e+00	-4.723733508445487339e-01
4.240000000000000713e-03	-1.743388377538862333e+00	-5.131211595531961489e-01
4.260000000000000765e-03	-1.739699110233942969e+00	-5.612776607543249474e-01
4.279999999999999950e-03	-1.743388377538862333e+00	-5.946167769704909789e-01
4.300000000000000003e-03	-1.739699110233942969e+00	-6.131385082016943544e-01
4.320000000000000055e-03	-1.728631308319185322e+00	-6.501819706641011054e-01
4.340000000000000108e-03	-1.732320575624104686e+00	-7.020428181114706234e-01
4.360000000000000160e-03	-1.717563506404427676e+00	-7.205645493426739989e-01
4.380000000000000213e-03	-1.717563506404427676e+00	-7.798340892825247339e-01
4.400000000000000265e-03	-1.695427902574912382e+00	-7.909471280212467814e-01
4.420000000000000318e-03	-1.695427902574912382e+00	-8.353992829761348604e-01
4.440000000000000370e-03	-1.680670833355235594e+00	-8.798514379310229394e-01
4.460000000000000422e-03	-1.676981566050316452e+00	-8.983731691622263149e-01
4.480000000000000475e-03	-1.684360100660154735e+00	-9.354166316246330659e-01
4.500000000000000527e-03	-1.658535229525720300e+00	-9.798687865795211449e-01
4.520000000000000580e-03	-1.673292298745397311e+00	-1.002094864056965129e+00
4.540000000000000632e-03	-1.640088893001124370e+00	-1.046547019011853319e+00
4.560000000000000685e-03	-1.643778160306043512e+00	-1.076181788981778631e+00
4.580000000000000737e-03	-1.636399625696205007e+00	-1.083590481474260070e+00
4.600000000000000790e-03	-1.636399625696205007e+00	-1.131746982675388757e+00
4.619999999999999975e-03	-1.610574754561770572e+00	-1.146564367660351635e+00
4.640000000000000027e-03	-1.629021091086366724e+00	-1.172494791384036228e+00
4.660000000000000080e-03	-1.595817685342093784e+00	-1.198425215107721042e+00
4.680000000000000132e-03	-1.617953289171609077e+00	-1.239173023816368513e+00
4.700000000000000185e-03	-1.592128418037174642e+00	-1.268807793786293825e+00
4.720000000000000237e-03	-1.577371348817497632e+00	-1.283625178771256481e+00
4.740000000000000289e-03	-1.577371348817497632e+00	-1.335486026218625888e+00
4.760000000000000342e-03	-1.569992814207659348e+00	-1.342894718711107327e+00
4.780000000000000394e-03	-1.566303546902739985e+00	-1.365120796188551422e+00
4.800000000000000447e-03	-1.562614279597820843e+00	-1.405868604897198892e+00
4.820000000000000499e-03	-1.558925012292901702e+00	-1.413277297389680109e+00
4.840000000000000552e-03	-1.525721606548628762e+00	-1.457729452344568299e+00
4.860000000000000604e-03	-1.536789408463386408e+00	-1.465138144837049516e+00
4.880000000000000657e-03	-1.518343071938790256e+00	-1.498477261053215770e+00
4.900000000000000709e-03	-1.510964537328951973e+00	-1.516998992284419145e+00
4.920000000000000762e-03	-1.518343071938790256e+00	-1.554042454746825896e+00
4.940000000000000814e-03	-1.488828933499436680e+00	-1.561451147239307113e+00
4.959999999999999999e-03	-1.492518200804355821e+00	-1.591085917209232425e+00
4.980000000000000052e-03	-1.488828933499436680e+00	-1.624425033425398679e+00
5.000000000000000104e-03	-1.455625527755163739e+00	-1.624425033425398679e+00
5.020000000000000157e-03	-1.466693329669921386e+00	-1.650355457149083271e+00
5.040000000000000209e-03	-1.459314795060082881e+00	-1.687398919611490022e+00
5.060000000000000261e-03	-1.451936260450244376e+00	-1.691103265857730742e+00
5.080000000000000314e-03	-1.448246993145325234e+00	-1.724442382073896773e+00
5.100000000000000366e-03	-1.418732854705971658e+00	-1.724442382073896773e+00
5.120000000000000419e-03	-1.418732854705971658e+00	-1.761485844536303524e+00
5.140000000000000471e-03	-1.407665052791214011e+00	-1.787416268259988339e+00
5.160000000000000524e-03	-1.407665052791214011e+00	-1.820755384476154370e+00
5.180000000000000576e-03	-1.407665052791214011e+00	-1.835572769461117026e+00
5.200000000000000629e-03	-1.407665052791214011e+00	-1.839277115707357746e+00
5.220000000000000681e-03	-1.367083112437102566e+00	-1.872616231923523777e+00
5.240000000000000734e-03	-1.378150914351860212e+00	-1.872616231923523777e+00
5.260000000000000786e-03	-1.363393845132183424e+00	-1.902251001893449311e+00
5.280000000000000838e-03	-1.356015310522344919e+00	-1.917068386878411967e+00
5.300000000000000024e-03	-1.344947508607587272e+00	-1.935590118109615343e+00
5.320000000000000076e-03	-1.341258241302668131e+00	-1.972633580572022094e+00
5.340000000000000129e-03	-1.315433370168233695e+00	-1.987450965556984750e+00
5.360000000000000181e-03	-1.326501172082991342e+00	-1.994859658049466189e+00
5.380000000000000233e-03	-1.326501172082991342e+00	-2.024494428019391279e+00
5.400000000000000286e-03	-1.311744102863314332e+00	-2.028198774265632220e+00
5.420000000000000338e-03	-1.282229964423960755e+00	-2.046720505496835596e+00
5.440000000000000391e-03	-1.293297766338718402e+00	-2.057833544235557532e+00
5.460000000000000443e-03	-1.271162162509203108e+00	-2.094877006697964283e+00
5.480000000000000496e-03	-1.260094360594445462e+00	-2.102285699190445722e+00
5.500000000000000548e-03	-1.267472895204283967e+00	-2.131920469160371034e+00
5.520000000000000601e-03	-1.274851429814122250e+00	-2.135624815406611532e+00
5.540000000000000653e-03	-1.241648024069849310e+00	-2.146737854145333912e+00
5.560000000000000706e-03	-1.234269489460011027e+00	-2.176372624115259224e+00
5.580000000000000758e-03	-1.230580222155091663e+00	-2.183781316607740663e+00
5.600000000000000810e-03	-1.219512420240334016e+00	-2.191190009100221658e+00
5.620000000000000863e-03	-1.201066083715738086e+00	-2.224529125316387912e+00
5.640000000000000048e-03	-1.197376816410818723e+00	-2.246755202793831785e+00
5.660000000000000100e-03	-1.193687549105899581e+00	-2.239346510301350790e+00
5.680000000000000153e-03	-1.189998281800980440e+00	-2.280094319009998038e+00
5.700000000000000205e-03	-1.171551945276384288e+00	-2.276389972763757541e+00
5.720000000000000258e-03	-1.153105608751788358e+00	-2.287503011502479477e+00
5.740000000000000310e-03	-1.178930479886222793e+00	-2.309729088979923350e+00
5.760000000000000363e-03	-1.153105608751788358e+00	-2.335659512703608165e+00
5.780000000000000415e-03	-1.156794876056707500e+00	-2.331955166457367667e+00
5.800000000000000468e-03	-1.134659272227192206e+00	-2.357885590181052038e+00
5.820000000000000520e-03	-1.127280737617353701e+00	-2.376407321412255413e+00
5.840000000000000573e-03	-1.127280737617353701e+00	-2.391224706397218291e+00
5.860000000000000625e-03	-1.108834401092757771e+00	-2.398633398889699730e+00
5.880000000000000678e-03	-1.097766599178000124e+00	-2.420859476367143603e+00
5.900000000000000730e-03	-1.086698797263242477e+00	-2.424563822613384545e+00
5.920000000000000782e-03	-1.094077331873080983e+00	-2.435676861352106481e+00
5.940000000000000835e-03	-1.079320262653403972e+00	-2.461607285075791296e+00
5.960000000000000887e-03	-1.064563193433727184e+00	-2.476424670060753730e+00
5.980000000000000072e-03	-1.068252460738646326e+00	-2.494946401291957105e+00
6.000000000000000125e-03	-1.046116856909131032e+00	-2.502355093784438544e+00
6.020000000000000177e-03	-1.042427589604211891e+00	-2.513468132523160481e+00
6.040000000000000230e-03	-1.049806124214050396e+00	-2.535694210000604798e+00
6.060000000000000282e-03	-1.031359787689454244e+00	-2.543102902493085793e+00
6.080000000000000335e-03	-1.031359787689454244e+00	-2.550511594985567232e+00
6.100000000000000387e-03	-1.016602718469777455e+00	-2.565328979970530110e+00
6.120000000000000440e-03	-9.981563819451814146e-01	-2.572737672463011549e+00
6.140000000000000492e-03	-9.870885800304237678e-01	-2.606076788679177358e+00
6.160000000000000545e-03	-9.981563819451814146e-01	-2.606076788679177358e+00
6.180000000000000597e-03	-9.723315108107468685e-01	-2.606076788679177358e+00
6.200000000000000649e-03	-9.797100454205852627e-01	-2.620894173664140236e+00
6.220000000000000702e-03	-9.649529762009084743e-01	-2.643120251141584109e+00
6.240000000000000754e-03	-9.797100454205852627e-01	-2.643120251141584109e+00
6.260000000000000807e-03	-9.686422435058276159e-01	-2.657937636126546987e+00
6.280000000000000859e-03	-9.465066396763124335e-01	-2.672755021111509421e+00
6.300000000000000912e-03	-9.354388377615547867e-01	-2.672755021111509421e+00
6.320000000000000097e-03	-9.428173723713931809e-01	-2.720911522312638553e+00
6.340000000000000149e-03	-9.243710358467971400e-01	-2.739433253543841928e+00
6.360000000000000202e-03	-9.391281050664739283e-01	-2.728320214805119548e+00
6.380000000000000254e-03	-9.022354320172818465e-01	-2.732024561051360489e+00
6.400000000000000307e-03	-8.837890954926858056e-01	-2.743137599790082426e+00
6.420000000000000359e-03	-9.022354320172818465e-01	-2.750546292282563865e+00
6.440000000000000412e-03	-9.022354320172818465e-01	-2.776476716006248679e+00
6.460000000000000464e-03	-8.800998281877665530e-01	-2.783885408498729674e+00
6.480000000000000517e-03	-8.874783627976049472e-01	-2.780181062252489177e+00
6.500000000000000569e-03	-8.800998281877665530e-01	-2.817224524714895928e+00
6.520000000000000621e-03	-8.616534916631705121e-01	-2.817224524714895928e+00
6.540000000000000674e-03	-8.505856897484128654e-01	-2.809815832222414489e+00
6.560000000000000726e-03	-8.616534916631705121e-01	-2.843154948438580742e+00
6.580000000000000779e-03	-8.542749570533321180e-01	-2.861676679669784118e+00
6.600000000000000831e-03	-8.432071551385744712e-01	-2.865381025916024615e+00
6.620000000000000884e-03	-8.173822840041399251e-01	-2.880198410900987493e+00
6.640000000000000936e-03	-8.136930166992207836e-01	-2.880198410900987493e+00
6.660000000000000121e-03	-8.321393532238168245e-01	-2.895015795885949927e+00
6.680000000000000174e-03	-8.173822840041399251e-01	-2.891311449639709430e+00
6.700000000000000226e-03	-8.100037493943015310e-01	-2.906128834624672308e+00
6.720000000000000279e-03	-8.063144820893822784e-01	-2.928354912102116181e+00
6.740000000000000331e-03	-8.063144820893822784e-01	-2.920946219609634742e+00
6.760000000000000384e-03	-7.768003436500285908e-01	-2.954285335825800995e+00
6.780000000000000436e-03	-7.878681455647862375e-01	-2.950580989579560054e+00
6.800000000000000488e-03	-7.657325417352709440e-01	-2.950580989579560054e+00
6.820000000000000541e-03	-7.657325417352709440e-01	-2.965398374564522932e+00
6.840000000000000593e-03	-7.620432744303518025e-01	-2.969102720810763429e+00
6.860000000000000646e-03	-7.694218090401901966e-01	-2.995033144534448244e+00
6.880000000000000698e-03	-7.435969379057557616e-01	-2.998737490780689185e+00
6.900000000000000751e-03	-7.620432744303518025e-01	-2.995033144534448244e+00
6.920000000000000803e-03	-7.435969379057557616e-01	-3.024667914504373556e+00
6.940000000000000856e-03	-7.362184032959172564e-01	-3.024667914504373556e+00
6.960000000000000908e-03	-7.177720667713212155e-01	-3.043189645735576931e+00
6.980000000000000961e-03	-7.399076706008365090e-01	-3.054302684474299312e+00
7.000000000000000146e-03	-7.251506013811596096e-01	-3.054302684474299312e+00
7.020000000000000198e-03	-7.103935321614828213e-01	-3.065415723213021248e+00
7.040000000000000251e-03	-7.103935321614828213e-01	-3.076528761951743185e+00
7.060000000000000303e-03	-7.177720667713212155e-01	-3.076528761951743185e+00
7.080000000000000356e-03	-7.140827994664020739e-01	-3.113572224414149936e+00
7.100000000000000408e-03	-6.993257302467251746e-01	-3.098754839429187058e+00
7.120000000000000460e-03	-6.993257302467251746e-01	-3.139502648137834750e+00
7.140000000000000513e-03	-6.808793937221291337e-01	-3.128389609399112814e+00
7.160000000000000565e-03	-6.661223245024522344e-01	-3.128389609399112814e+00
7.180000000000000618e-03	-6.808793937221291337e-01	-3.146911340630316190e+00
7.200000000000000670e-03	-6.513652552827754461e-01	-3.154320033122797184e+00
7.220000000000000723e-03	-6.476759879778561935e-01	-3.150615686876556687e+00
7.240000000000000775e-03	-6.513652552827754461e-01	-3.158024379369038126e+00
7.260000000000000828e-03	-6.550545225876945876e-01	-3.180250456846481999e+00
7.280000000000000880e-03	-6.550545225876945876e-01	-3.169137418107760062e+00
7.300000000000000933e-03	-6.513652552827754461e-01	-3.183954803092722496e+00
7.320000000000000985e-03	-6.402974533680177993e-01	-3.191363495585203935e+00
7.340000000000000170e-03	-6.439867206729369409e-01	-3.206180880570166813e+00
7.360000000000000223e-03	-6.329189187581794052e-01	-3.198772188077685374e+00
7.380000000000000275e-03	-6.292296514532601526e-01	-3.209885226816407311e+00
7.400000000000000328e-03	-6.070940476237448591e-01	-3.228406958047610686e+00
7.420000000000000380e-03	-6.292296514532601526e-01	-3.217293919308888750e+00
7.440000000000000432e-03	-6.218511168434217584e-01	-3.261746074263776940e+00
7.460000000000000485e-03	-5.997155130139064649e-01	-3.243224343032573564e+00
7.480000000000000537e-03	-6.144725822335832532e-01	-3.250633035525055003e+00
7.500000000000000590e-03	-5.849584437942295656e-01	-3.254337381771295501e+00
7.520000000000000642e-03	-5.775799091843911715e-01	-3.276563459248739374e+00
7.540000000000000695e-03	-5.738906418794719189e-01	-3.280267805494980315e+00
7.560000000000000747e-03	-5.923369784040680708e-01	-3.283972151741220813e+00
7.580000000000000800e-03	-5.702013745745527773e-01	-3.283972151741220813e+00
7.600000000000000852e-03	-5.665121072696335247e-01	-3.280267805494980315e+00
7.620000000000000905e-03	-5.628228399647142721e-01	-3.313606921711146125e+00
7.640000000000000957e-03	-5.554443053548758780e-01	-3.306198229218665130e+00
7.660000000000001009e-03	-5.628228399647142721e-01	-3.317311267957387066e+00
7.680000000000001062e-03	-5.480657707450374838e-01	-3.328424306696109003e+00
7.700000000000000247e-03	-5.628228399647142721e-01	-3.332128652942349500e+00
7.720000000000000299e-03	-5.554443053548758780e-01	-3.332128652942349500e+00
7.740000000000000352e-03	-5.296194342204414429e-01	-3.346946037927312378e+00
7.760000000000000404e-03	-5.296194342204414429e-01	-3.358059076666034315e+00
7.780000000000000457e-03	-5.296194342204414429e-01	-3.339537345434830939e+00
7.800000000000000509e-03	-5.369979688302798371e-01	-3.354354730419793817e+00
7.820000000000000562e-03	-5.333087015253605845e-01	-3.361763422912275256e+00
7.840000000000001482e-03	-5.185516323056837962e-01	-3.387693846635959627e+00
7.860000000000000667e-03	-5.222408996106029377e-01	-3.398806885374682007e+00
7.879999999999999852e-03	-5.074838303909261494e-01	-3.387693846635959627e+00
7.900000000000000772e-03	-4.964160284761685027e-01	-3.409919924113403944e+00
7.919999999999999957e-03	-5.037945630860068968e-01	-3.387693846635959627e+00
7.940000000000000877e-03	-5.001052957810877553e-01	-3.428441655344607319e+00
7.960000000000000062e-03	-4.964160284761685027e-01	-3.413624270359644441e+00
7.980000000000000981e-03	-5.001052957810877553e-01	-3.421032962852125880e+00
8.000000000000000167e-03	-5.111730976958454020e-01	-3.417328616605885383e+00
8.020000000000001086e-03	-4.779696919515724618e-01	-3.428441655344607319e+00
8.040000000000000271e-03	-4.595233554269763654e-01	-3.439554694083329256e+00
8.060000000000001191e-03	-4.742804246466532092e-01	-3.443259040329569753e+00
8.080000000000000376e-03	-5.001052957810877553e-01	-3.461780771560773129e+00
8.100000000000001296e-03	-4.742804246466532092e-01	-3.465485117807014070e+00
8.120000000000000481e-03	-4.632126227318955625e-01	-3.487711195284457943e+00
8.140000000000001401e-03	-4.595233554269763654e-01	-3.476598156545736007e+00
8.160000000000000586e-03	-4.484555535122187186e-01	-3.491415541530698885e+00
8.180000000000001506e-03	-4.632126227318955625e-01	-3.487711195284457943e+00
8.200000000000000691e-03	-4.484555535122187186e-01	-3.487711195284457943e+00
8.219999999999999876e-03	-4.447662862072995216e-01	-3.469189464053254568e+00
8.240000000000000796e-03	-4.373877515974611274e-01	-3.465485117807014070e+00
8.259999999999999981e-03	-4.152521477679458339e-01	-3.491415541530698885e+00
8.280000000000000901e-03	-4.263199496827034807e-01	-3.461780771560773129e+00
8.300000000000000086e-03	-4.115628804630266369e-01	-3.480302502791976504e+00
8.320000000000001006e-03	-3.857380093285921463e-01	-3.461780771560773129e+00
8.340000000000000191e-03	-3.636024054990768528e-01	-3.461780771560773129e+00
8.360000000000001111e-03	-3.414668016695615593e-01	-3.454372079068292134e+00
8.380000000000000296e-03	-3.340882670597231652e-01	-3.443259040329569753e+00
8.400000000000001216e-03	-3.267097324498847155e-01	-3.421032962852125880e+00
8.420000000000000401e-03	-2.750599901810157899e-01	-3.409919924113403944e+00
8.440000000000001321e-03	-2.676814555711773402e-01	-3.383989500389719129e+00
8.460000000000000506e-03	-2.344780498269044278e-01	-3.369172115404756251e+00
8.480000000000001426e-03	-2.049639113875507401e-01	-3.335832999188590442e+00
8.500000000000000611e-03	-1.717605056432778277e-01	-3.302493882972424188e+00
8.520000000000001530e-03	-1.311785652891664933e-01	-3.280267805494980315e+00
8.540000000000000716e-03	-9.059662493505514502e-02	-3.220998265555129247e+00
8.559999999999999901e-03	-1.681127883667090511e-02	-3.146911340630316190e+00
8.580000000000000820e-03	3.852773073711728002e-02	-3.109867878167909439e+00
8.600000000000000006e-03	1.049345422256631050e-01	-3.035780953243095937e+00
8.620000000000000925e-03	1.897876902388049847e-01	-2.946876643333319556e+00
8.640000000000000110e-03	2.783301055568661031e-01	-2.843154948438580742e+00
8.660000000000001030e-03	3.705617881798463631e-01	-2.739433253543841928e+00
8.680000000000000215e-03	4.738612727175843253e-01	-2.594963749940455422e+00
8.700000000000001135e-03	6.103641629995951723e-01	-2.483833362553235169e+00
8.720000000000000320e-03	7.136636475373331345e-01	-2.357885590181052038e+00
8.740000000000001240e-03	8.280309339898287435e-01	-2.239346510301350790e+00
8.760000000000000425e-03	9.055055473931321597e-01	-2.143033507899092971e+00
8.780000000000001345e-03	9.903586954062740810e-01	-2.028198774265632220e+00
8.800000000000000530e-03	1.082590378029254286e+00	-1.917068386878411967e+00
8.820000000000001450e-03	1.148997189517800166e+00	-1.824459730722395090e+00
8.840000000000000635e-03	1.252296674055538128e+00	-1.705920650842693398e+00
8.860000000000001555e-03	1.285500079799811068e+00	-1.617016340932917240e+00
8.880000000000000740e-03	1.344528356678518444e+00	-1.542929416008103738e+00
8.899999999999999925e-03	1.414624435471983466e+00	-1.457729452344568299e+00
8.920000000000000845e-03	1.477341979655609983e+00	-1.357712103696069983e+00
8.940000000000000030e-03	1.521613187314640570e+00	-1.279920832525015761e+00
8.960000000000000950e-03	1.554816593058913510e+00	-1.216946946338924418e+00
8.980000000000000135e-03	1.602777068022863238e+00	-1.131746982675388757e+00
9.000000000000001055e-03	1.643359008376974684e+00	-1.039138326519371880e+00
9.020000000000000240e-03	1.672873146816328260e+00	-9.983905178107246314e-01
9.040000000000001160e-03	1.702387285255682059e+00	-8.946688229159857064e-01
9.060000000000000345e-03	1.731901423695035636e+00	-8.465123217148569079e-01
9.080000000000001265e-03	1.776172631354066223e+00	-7.650167042975620779e-01
9.100000000000000450e-03	1.768794096744227717e+00	-6.946341256189891844e-01
9.120000000000001369e-03	1.783551165963904728e+00	-6.575906631565824334e-01
9.140000000000000555e-03	1.794618967878662374e+00	-5.797993919855283229e-01
9.160000000000001474e-03	1.827822373622935315e+00	-5.205298520456774769e-01
9.180000000000000659e-03	1.813065304403258304e+00	-4.538516196133453584e-01
9.200000000000001579e-03	1.824133106318015951e+00	-3.982864259197352319e-01
9.220000000000000764e-03	1.835200908232773598e+00	-3.464255784723657694e-01
9.239999999999999949e-03	1.820443839013096810e+00	-2.760429997937929869e-01
9.260000000000000869e-03	1.838890175537692961e+00	-2.352951910851455442e-01
9.280000000000000054e-03	1.849957977452450386e+00	-1.797299973915354177e-01
9.300000000000000974e-03	1.842579442842612103e+00	-1.278691499441659829e-01
9.320000000000000159e-03	1.827822373622935315e+00	-9.082568748175923190e-02
9.340000000000001079e-03	1.857336512062288891e+00	-4.637353252687112515e-02
9.360000000000000264e-03	1.827822373622935315e+00	5.487314920498320009e-03
9.380000000000001184e-03	1.835200908232773598e+00	6.846120110658979185e-02
9.400000000000000369e-03	1.820443839013096810e+00	1.166177023077185626e-01
9.420000000000001289e-03	1.824133106318015951e+00	1.351394335389219381e-01
9.440000000000000474e-03	1.801997502488500658e+00	2.092263584637354401e-01
9.460000000000001394e-03	1.790929700573743011e+00	2.536785134186235191e-01
9.480000000000000579e-03	1.801997502488500658e+00	2.907219758810302701e-01
9.500000000000001499e-03	1.790929700573743011e+00	3.166523996047150291e-01
9.520000000000000684e-03	1.798308235183581516e+00	3.759219395445658196e-01
9.540000000000001604e-03	1.783551165963904728e+00	4.018523632682505231e-01
9.560000000000000789e-03	1.787240433268823869e+00	4.500088644693793216e-01
9.579999999999999974e-03	1.787240433268823869e+00	4.907566731780267366e-01
9.600000000000000894e-03	1.757726294829470293e+00	5.203914431479521596e-01
9.620000000000000079e-03	1.754037027524550929e+00	5.796609830878028946e-01
9.640000000000000999e-03	1.757726294829470293e+00	5.981827143190062701e-01
9.660000000000000184e-03	1.746658492914712646e+00	6.537479080126163966e-01
9.680000000000001104e-03	1.757726294829470293e+00	6.796783317363011001e-01
9.700000000000000289e-03	1.735590690999954999e+00	7.204261404449485706e-01
9.720000000000001208e-03	1.728212156390116494e+00	7.463565641686332741e-01
9.740000000000000394e-03	1.709765819865520342e+00	7.759913341385586971e-01
9.760000000000001313e-03	1.709765819865520342e+00	8.278521815859281041e-01
9.780000000000000498e-03	1.691319483340924412e+00	8.685999902945755746e-01
9.800000000000001418e-03	1.695008750645843554e+00	8.871217215257789501e-01
9.820000000000000603e-03	1.702387285255682059e+00	9.278695302344263096e-01
9.840000000000001523e-03	1.680251681426166765e+00	9.686173389430737801e-01
9.860000000000000708e-03	1.683940948731085907e+00	1.001956455159239923e+00
9.880000000000001628e-03	1.665494612206489977e+00	1.031591225129165235e+00
9.900000000000000813e-03	1.635980473767136179e+00	1.057521648852850049e+00
9.919999999999999998e-03	1.661805344901570614e+00	1.094565111315256800e+00
9.940000000000000918e-03	1.658116077596651472e+00	1.116791188792700673e+00
9.960000000000000103e-03	1.632291206462217037e+00	1.146425958762626207e+00
9.980000000000001023e-03	1.632291206462217037e+00	1.150130305008866927e+00
