# Acquisizione Analog Discovery 2
# Timestamp 2024-10-26 19:20:09
# time	ch1	ch2
-1.000000000000000021e-02	-1.632710358391285865e+00	-1.016912249041928007e+00
-9.980000000000001023e-03	-1.621642556476528219e+00	-1.050251365258094038e+00
-9.960000000000000103e-03	-1.610574754561770572e+00	-1.068773096489297414e+00
-9.940000000000000918e-03	-1.610574754561770572e+00	-1.113225251444185382e+00
-9.919999999999999998e-03	-1.606885487256851430e+00	-1.120633943936666821e+00
-9.900000000000000813e-03	-1.588439150732255278e+00	-1.168790445137795508e+00
-9.880000000000001628e-03	-1.588439150732255278e+00	-1.183607830122758386e+00
-9.860000000000000708e-03	-1.577371348817497632e+00	-1.209538253846442979e+00
-9.840000000000001523e-03	-1.566303546902739985e+00	-1.253990408801331169e+00
-9.820000000000000603e-03	-1.558925012292901702e+00	-1.283625178771256481e+00
-9.800000000000001418e-03	-1.533100141158467045e+00	-1.302146910002459856e+00
-9.780000000000000498e-03	-1.555235744987982338e+00	-1.324372987479903951e+00
-9.760000000000001313e-03	-1.536789408463386408e+00	-1.346599064957348046e+00
-9.740000000000000394e-03	-1.544167943073224691e+00	-1.383642527419754797e+00
-9.720000000000001208e-03	-1.525721606548628762e+00	-1.409572951143439390e+00
-9.700000000000000289e-03	-1.522032339243709398e+00	-1.439207721113364924e+00
-9.680000000000001104e-03	-1.503586002719113468e+00	-1.457729452344568299e+00
-9.660000000000000184e-03	-1.507275270024032610e+00	-1.491068568560734331e+00
-9.640000000000000999e-03	-1.499896735414194326e+00	-1.520703338530659643e+00
-9.620000000000000079e-03	-1.492518200804355821e+00	-1.535520723515622521e+00
-9.600000000000000894e-03	-1.481450398889598175e+00	-1.550338108500585177e+00
-9.579999999999999974e-03	-1.481450398889598175e+00	-1.576268532224269769e+00
-9.560000000000000789e-03	-1.459314795060082881e+00	-1.598494609701713864e+00
-9.540000000000001604e-03	-1.459314795060082881e+00	-1.628129379671639176e+00
-9.520000000000000684e-03	-1.459314795060082881e+00	-1.672581534626527366e+00
-9.500000000000001499e-03	-1.444557725840406093e+00	-1.679990227119008805e+00
-9.480000000000000579e-03	-1.444557725840406093e+00	-1.691103265857730742e+00
-9.460000000000001394e-03	-1.444557725840406093e+00	-1.720738035827656054e+00
-9.440000000000000474e-03	-1.415043587401052294e+00	-1.750372805797581588e+00
-9.420000000000001289e-03	-1.396597250876456364e+00	-1.776303229521266180e+00
-9.400000000000000369e-03	-1.403975785486294647e+00	-1.791120614506229058e+00
-9.380000000000001184e-03	-1.418732854705971658e+00	-1.828164076968635809e+00
-9.360000000000000264e-03	-1.374461647046941071e+00	-1.824459730722395090e+00
-9.340000000000001079e-03	-1.378150914351860212e+00	-1.850390154446079682e+00
-9.320000000000000159e-03	-1.378150914351860212e+00	-1.872616231923523777e+00
-9.300000000000000974e-03	-1.344947508607587272e+00	-1.898546655647208592e+00
-9.280000000000000054e-03	-1.359704577827264060e+00	-1.898546655647208592e+00
-9.260000000000000869e-03	-1.341258241302668131e+00	-1.939294464355856062e+00
-9.239999999999999949e-03	-1.344947508607587272e+00	-1.939294464355856062e+00
-9.220000000000000764e-03	-1.344947508607587272e+00	-1.980042273064503311e+00
-9.200000000000001579e-03	-1.311744102863314332e+00	-1.987450965556984750e+00
-9.180000000000000659e-03	-1.300676300948556685e+00	-2.002268350541947406e+00
-9.160000000000001474e-03	-1.326501172082991342e+00	-2.039311813004354157e+00
-9.140000000000000555e-03	-1.293297766338718402e+00	-2.054129197989317035e+00
-9.120000000000001369e-03	-1.285919231728879897e+00	-2.072650929220520410e+00
-9.100000000000000450e-03	-1.263783627899364603e+00	-2.083763967959242347e+00
-9.080000000000001265e-03	-1.274851429814122250e+00	-2.102285699190445722e+00
-9.060000000000000345e-03	-1.282229964423960755e+00	-2.117103084175408156e+00
-9.040000000000001160e-03	-1.267472895204283967e+00	-2.124511776667889595e+00
-9.020000000000000240e-03	-1.230580222155091663e+00	-2.157850892884055849e+00
-9.000000000000001055e-03	-1.234269489460011027e+00	-2.146737854145333912e+00
-8.980000000000000135e-03	-1.230580222155091663e+00	-2.161555239130296346e+00
-8.960000000000000950e-03	-1.249026558679687815e+00	-2.180076970361499722e+00
-8.940000000000000030e-03	-1.204755351020657228e+00	-2.209711740331425034e+00
-8.920000000000000845e-03	-1.193687549105899581e+00	-2.228233471562628409e+00
-8.899999999999999925e-03	-1.201066083715738086e+00	-2.239346510301350790e+00
-8.880000000000000740e-03	-1.182619747191141935e+00	-2.257868241532554165e+00
-8.860000000000001555e-03	-1.175241212581303651e+00	-2.272685626517516599e+00
-8.840000000000000635e-03	-1.175241212581303651e+00	-2.287503011502479477e+00
-8.820000000000001450e-03	-1.160484143361626641e+00	-2.309729088979923350e+00
-8.800000000000000530e-03	-1.167862677971465146e+00	-2.320842127718645287e+00
-8.780000000000001345e-03	-1.142037806837030711e+00	-2.328250820211126726e+00
-8.760000000000000425e-03	-1.127280737617353701e+00	-2.357885590181052038e+00
-8.740000000000001240e-03	-1.145727074141949853e+00	-2.368998628919774418e+00
-8.720000000000000320e-03	-1.112523668397676913e+00	-2.398633398889699730e+00
-8.700000000000001135e-03	-1.086698797263242477e+00	-2.398633398889699730e+00
-8.680000000000000215e-03	-1.101455866482919266e+00	-2.402337745135940228e+00
-8.660000000000001030e-03	-1.105145133787838629e+00	-2.431972515105865540e+00
-8.640000000000000110e-03	-1.105145133787838629e+00	-2.457902938829550354e+00
-8.620000000000000925e-03	-1.064563193433727184e+00	-2.465311631322031793e+00
-8.600000000000000006e-03	-1.064563193433727184e+00	-2.461607285075791296e+00
-8.580000000000000820e-03	-1.068252460738646326e+00	-2.457902938829550354e+00
-8.559999999999999901e-03	-1.035049054994373385e+00	-2.494946401291957105e+00
-8.540000000000000716e-03	-1.038738322299292749e+00	-2.513468132523160481e+00
-8.520000000000001530e-03	-1.035049054994373385e+00	-2.531989863754363856e+00
-8.500000000000000611e-03	-1.027670520384535102e+00	-2.531989863754363856e+00
-8.480000000000001426e-03	-1.023981253079615961e+00	-2.561624633724289168e+00
-8.460000000000000506e-03	-1.027670520384535102e+00	-2.557920287478048671e+00
-8.440000000000001321e-03	-1.001845649250100667e+00	-2.554215941231808173e+00
-8.420000000000000401e-03	-1.005534916555019809e+00	-2.598668096186695919e+00
-8.400000000000001216e-03	-9.944671146402621620e-01	-2.617189827417899295e+00
-8.380000000000000296e-03	-9.797100454205852627e-01	-2.620894173664140236e+00
-8.360000000000001111e-03	-9.797100454205852627e-01	-2.617189827417899295e+00
-8.340000000000000191e-03	-9.575744415910700802e-01	-2.632007212402862173e+00
-8.320000000000001006e-03	-9.649529762009084743e-01	-2.654233289880306046e+00
-8.300000000000000086e-03	-9.649529762009084743e-01	-2.654233289880306046e+00
-8.280000000000000901e-03	-9.723315108107468685e-01	-2.669050674865268924e+00
-8.259999999999999981e-03	-9.354388377615547867e-01	-2.691276752342712797e+00
-8.240000000000000796e-03	-9.538851742861508276e-01	-2.694981098588953738e+00
-8.219999999999999876e-03	-9.354388377615547867e-01	-2.728320214805119548e+00
-8.200000000000000691e-03	-9.354388377615547867e-01	-2.732024561051360489e+00
-8.180000000000001506e-03	-9.243710358467971400e-01	-2.724615868558879050e+00
-8.160000000000000586e-03	-8.948568974074434523e-01	-2.750546292282563865e+00
-8.140000000000001401e-03	-9.059246993222010991e-01	-2.761659331021285801e+00
-8.120000000000000481e-03	-8.874783627976049472e-01	-2.769068023513767240e+00
-8.100000000000001296e-03	-8.985461647123625939e-01	-2.780181062252489177e+00
-8.080000000000000376e-03	-8.727212935779281588e-01	-2.802407139729933050e+00
-8.060000000000001191e-03	-8.800998281877665530e-01	-2.817224524714895928e+00
-8.040000000000000271e-03	-8.800998281877665530e-01	-2.813520178468655430e+00
-8.020000000000001086e-03	-8.542749570533321180e-01	-2.824633217207377367e+00
-8.000000000000000167e-03	-8.505856897484128654e-01	-2.850563640931062181e+00
-7.980000000000000981e-03	-8.542749570533321180e-01	-2.843154948438580742e+00
-7.960000000000000062e-03	-8.505856897484128654e-01	-2.835746255946099303e+00
-7.940000000000000877e-03	-8.468964224434936128e-01	-2.865381025916024615e+00
-7.919999999999999957e-03	-8.468964224434936128e-01	-2.846859294684821240e+00
-7.900000000000000772e-03	-8.321393532238168245e-01	-2.876494064654746552e+00
-7.879999999999999852e-03	-8.173822840041399251e-01	-2.895015795885949927e+00
-7.860000000000000667e-03	-8.100037493943015310e-01	-2.906128834624672308e+00
-7.840000000000001482e-03	-8.026252147844631368e-01	-2.917241873363394244e+00
-7.820000000000000562e-03	-7.989359474795438842e-01	-2.928354912102116181e+00
-7.800000000000000509e-03	-7.915574128697054901e-01	-2.939467950840838117e+00
-7.780000000000000457e-03	-7.915574128697054901e-01	-2.961694028318282434e+00
-7.760000000000000404e-03	-7.768003436500285908e-01	-2.954285335825800995e+00
-7.740000000000000352e-03	-7.694218090401901966e-01	-2.976511413303244868e+00
-7.720000000000000299e-03	-7.694218090401901966e-01	-2.983920105795726307e+00
-7.700000000000000247e-03	-7.657325417352709440e-01	-2.980215759549485810e+00
-7.680000000000001062e-03	-7.583540071254325499e-01	-3.013554875765651619e+00
-7.660000000000001009e-03	-7.546647398205134083e-01	-3.013554875765651619e+00
-7.640000000000000957e-03	-7.288398686860788622e-01	-3.028372260750614497e+00
-7.620000000000000905e-03	-7.288398686860788622e-01	-3.046893991981817873e+00
-7.600000000000000852e-03	-7.288398686860788622e-01	-3.046893991981817873e+00
-7.580000000000000800e-03	-7.251506013811596096e-01	-3.054302684474299312e+00
-7.560000000000000747e-03	-7.325291359909981148e-01	-3.046893991981817873e+00
-7.540000000000000695e-03	-7.399076706008365090e-01	-3.076528761951743185e+00
-7.520000000000000642e-03	-6.993257302467251746e-01	-3.058007030720539809e+00
-7.500000000000000590e-03	-7.067042648565635687e-01	-3.091346146936706063e+00
-7.480000000000000537e-03	-7.030149975516444272e-01	-3.098754839429187058e+00
-7.460000000000000485e-03	-7.030149975516444272e-01	-3.106163531921668497e+00
-7.440000000000000432e-03	-6.808793937221291337e-01	-3.117276570660390433e+00
-7.420000000000000380e-03	-6.882579283319675278e-01	-3.128389609399112814e+00
-7.400000000000000328e-03	-6.919471956368867804e-01	-3.124685263152871872e+00
-7.380000000000000275e-03	-6.735008591122907395e-01	-3.132093955645353311e+00
-7.360000000000000223e-03	-6.624330571975330928e-01	-3.150615686876556687e+00
-7.340000000000000170e-03	-6.661223245024522344e-01	-3.158024379369038126e+00
-7.320000000000000985e-03	-6.513652552827754461e-01	-3.158024379369038126e+00
-7.300000000000000933e-03	-6.771901264172098811e-01	-3.165433071861519121e+00
-7.280000000000000880e-03	-6.587437898926138402e-01	-3.180250456846481999e+00
-7.260000000000000828e-03	-6.550545225876945876e-01	-3.183954803092722496e+00
-7.240000000000000775e-03	-6.329189187581794052e-01	-3.191363495585203935e+00
-7.220000000000000723e-03	-6.329189187581794052e-01	-3.198772188077685374e+00
-7.200000000000000670e-03	-6.218511168434217584e-01	-3.195067841831444877e+00
-7.180000000000000618e-03	-6.144725822335832532e-01	-3.206180880570166813e+00
-7.160000000000000565e-03	-6.366081860630985467e-01	-3.224702611801370189e+00
-7.140000000000000513e-03	-6.070940476237448591e-01	-3.243224343032573564e+00
-7.120000000000000460e-03	-6.144725822335832532e-01	-3.258041728017535998e+00
-7.100000000000000408e-03	-6.144725822335832532e-01	-3.250633035525055003e+00
-7.080000000000000356e-03	-6.034047803188256065e-01	-3.250633035525055003e+00
-7.060000000000000303e-03	-5.923369784040680708e-01	-3.258041728017535998e+00
-7.040000000000000251e-03	-5.923369784040680708e-01	-3.258041728017535998e+00
-7.020000000000000198e-03	-5.997155130139064649e-01	-3.291380844233702252e+00
-7.000000000000000146e-03	-6.070940476237448591e-01	-3.309902575464905627e+00
-6.980000000000000961e-03	-5.702013745745527773e-01	-3.295085190479942749e+00
-6.960000000000000908e-03	-5.812691764893104240e-01	-3.295085190479942749e+00
-6.940000000000000856e-03	-5.775799091843911715e-01	-3.298789536726183691e+00
-6.920000000000000803e-03	-5.775799091843911715e-01	-3.302493882972424188e+00
-6.900000000000000751e-03	-5.517550380499567364e-01	-3.321015614203627564e+00
-6.880000000000000698e-03	-5.591335726597951306e-01	-3.335832999188590442e+00
-6.860000000000000646e-03	-5.591335726597951306e-01	-3.358059076666034315e+00
-6.840000000000000593e-03	-5.480657707450374838e-01	-3.328424306696109003e+00
-6.820000000000000541e-03	-5.369979688302798371e-01	-3.350650384173552876e+00
-6.800000000000000488e-03	-5.517550380499567364e-01	-3.365467769158515754e+00
-6.780000000000000436e-03	-5.333087015253605845e-01	-3.365467769158515754e+00
-6.760000000000000384e-03	-5.259301669155221903e-01	-3.380285154143478632e+00
-6.740000000000000331e-03	-5.369979688302798371e-01	-3.372876461650997193e+00
-6.720000000000000279e-03	-5.148623650007645436e-01	-3.369172115404756251e+00
-6.700000000000000226e-03	-5.296194342204414429e-01	-3.395102539128441066e+00
-6.680000000000000174e-03	-5.148623650007645436e-01	-3.387693846635959627e+00
-6.660000000000000121e-03	-5.185516323056837962e-01	-3.417328616605885383e+00
-6.640000000000000936e-03	-4.964160284761685027e-01	-3.417328616605885383e+00
-6.620000000000000884e-03	-5.111730976958454020e-01	-3.409919924113403944e+00
-6.600000000000000831e-03	-5.074838303909261494e-01	-3.413624270359644441e+00
-6.580000000000000779e-03	-4.890374938663300530e-01	-3.421032962852125880e+00
-6.560000000000000726e-03	-4.964160284761685027e-01	-3.443259040329569753e+00
-6.540000000000000674e-03	-4.890374938663300530e-01	-3.435850347837088758e+00
-6.520000000000000621e-03	-4.927267611712493056e-01	-3.446963386575810695e+00
-6.500000000000000569e-03	-4.816589592564916589e-01	-3.450667732822051192e+00
-6.480000000000000517e-03	-4.632126227318955625e-01	-3.450667732822051192e+00
-6.460000000000000464e-03	-4.705911573417340121e-01	-3.461780771560773129e+00
-6.440000000000000412e-03	-4.742804246466532092e-01	-3.480302502791976504e+00
-6.420000000000000359e-03	-4.890374938663300530e-01	-3.491415541530698885e+00
-6.400000000000000307e-03	-4.521448208171379712e-01	-3.495119887776939382e+00
-6.380000000000000254e-03	-4.705911573417340121e-01	-3.502528580269420821e+00
-6.360000000000000202e-03	-4.447662862072995216e-01	-3.491415541530698885e+00
-6.340000000000000149e-03	-4.558340881220571683e-01	-3.502528580269420821e+00
-6.320000000000000097e-03	-4.484555535122187186e-01	-3.502528580269420821e+00
-6.300000000000000912e-03	-4.410770189023803245e-01	-3.524754657746864694e+00
-6.280000000000000859e-03	-4.336984842925418748e-01	-3.502528580269420821e+00
-6.260000000000000807e-03	-4.595233554269763654e-01	-3.535867696485586631e+00
-6.240000000000000754e-03	-4.373877515974611274e-01	-3.528459003993105636e+00
-6.220000000000000702e-03	-4.226306823777842281e-01	-3.535867696485586631e+00
-6.200000000000000649e-03	-4.189414150728650310e-01	-3.535867696485586631e+00
-6.180000000000000597e-03	-4.226306823777842281e-01	-3.543276388978068070e+00
-6.160000000000000545e-03	-4.189414150728650310e-01	-3.561798120209271445e+00
-6.140000000000000492e-03	-4.189414150728650310e-01	-3.554389427716790006e+00
-6.120000000000000440e-03	-4.152521477679458339e-01	-3.558093773963030948e+00
-6.100000000000000387e-03	-4.004950785482689901e-01	-3.550685081470549509e+00
-6.080000000000000335e-03	-4.115628804630266369e-01	-3.550685081470549509e+00
-6.060000000000000282e-03	-4.152521477679458339e-01	-3.569206812701752884e+00
-6.040000000000000230e-03	-3.894272766335113434e-01	-3.572911158947993382e+00
-6.020000000000000177e-03	-3.783594747187536966e-01	-3.558093773963030948e+00
-6.000000000000000125e-03	-3.599131381941576557e-01	-3.543276388978068070e+00
-5.980000000000000072e-03	-3.488453362794000090e-01	-3.554389427716790006e+00
-5.960000000000000887e-03	-3.230204651449655184e-01	-3.558093773963030948e+00
-5.940000000000000835e-03	-3.082633959252886746e-01	-3.539572042731827572e+00
-5.920000000000000782e-03	-3.119526632302078717e-01	-3.521050311500624197e+00
-5.900000000000000730e-03	-2.713707228760965373e-01	-3.502528580269420821e+00
-5.880000000000000678e-03	-2.492351190465812993e-01	-3.509937272761902260e+00
-5.860000000000000625e-03	-2.307887825219852029e-01	-3.461780771560773129e+00
-5.840000000000000573e-03	-2.012746440826315153e-01	-3.432146001590847817e+00
-5.820000000000000520e-03	-1.385570998990049152e-01	-3.409919924113403944e+00
-5.800000000000000468e-03	-1.127322287645704246e-01	-3.358059076666034315e+00
-5.780000000000000415e-03	-6.108248649570145739e-02	-3.298789536726183691e+00
-5.760000000000000363e-03	-1.681127883667090511e-02	-3.258041728017535998e+00
-5.740000000000000310e-03	4.221699804203649098e-02	-3.187659149338963438e+00
-5.720000000000000258e-03	1.233808787502591597e-01	-3.102459185675427999e+00
-5.700000000000000205e-03	2.082340267634010533e-01	-3.017259222011892561e+00
-5.680000000000000153e-03	3.115335113011389878e-01	-2.909833180870912805e+00
-5.660000000000000100e-03	4.222115304487153442e-01	-2.794998447237452055e+00
-5.640000000000000048e-03	5.476466188159685444e-01	-2.643120251141584109e+00
-5.620000000000000863e-03	6.583246379635449008e-01	-2.550511594985567232e+00
-5.600000000000000810e-03	7.800704590258789040e-01	-2.417155130120903106e+00
-5.580000000000000758e-03	8.796806762586977246e-01	-2.298616050241201414e+00
-5.560000000000000706e-03	9.497767550521627467e-01	-2.191190009100221658e+00
-5.540000000000000653e-03	1.038319170370223699e+00	-2.065242236728038971e+00
-5.520000000000000601e-03	1.141618654907961661e+00	-1.968929234325781374e+00
-5.500000000000000548e-03	1.193268397176830753e+00	-1.861503193184801841e+00
-5.480000000000000496e-03	1.274432277885053422e+00	-1.772598883275025683e+00
-5.460000000000000443e-03	1.344528356678518444e+00	-1.676285880872768086e+00
-5.440000000000000391e-03	1.392488831642468172e+00	-1.583677224716751208e+00
-5.420000000000000338e-03	1.451517108521175548e+00	-1.505885953545696987e+00
-5.400000000000000286e-03	1.503166850790044640e+00	-1.420685989882161548e+00
-5.380000000000000233e-03	1.554816593058913510e+00	-1.342894718711107327e+00
-5.360000000000000181e-03	1.588019998803186450e+00	-1.265103447540053105e+00
-5.340000000000000129e-03	1.628601939157297673e+00	-1.179903483876517667e+00
-5.320000000000000076e-03	1.669183879511409119e+00	-1.094703520212982006e+00
-5.300000000000000024e-03	1.709765819865520342e+00	-1.020616595288168504e+00
-5.280000000000000838e-03	1.735590690999954999e+00	-9.650514015945584889e-01
-5.260000000000000786e-03	1.742969225609793282e+00	-8.687383991923008919e-01
-5.240000000000000734e-03	1.772483364049147081e+00	-8.205818979911722044e-01
-5.220000000000000681e-03	1.783551165963904728e+00	-7.650167042975620779e-01
-5.200000000000000629e-03	1.794618967878662374e+00	-6.983384718652299039e-01
-5.180000000000000576e-03	1.805686769793420021e+00	-6.501819706641011054e-01
-5.160000000000000524e-03	1.816754571708177668e+00	-5.983211232167316984e-01
-5.140000000000000471e-03	1.816754571708177668e+00	-4.945994283219927734e-01
-5.120000000000000419e-03	1.820443839013096810e+00	-4.390342346283826469e-01
-5.100000000000000366e-03	1.838890175537692961e+00	-3.982864259197352319e-01
-5.080000000000000314e-03	1.842579442842612103e+00	-3.538342709648471529e-01
-5.060000000000000261e-03	1.831511640927854456e+00	-2.686343073013116034e-01
-5.040000000000000209e-03	1.831511640927854456e+00	-2.130691136077015047e-01
-5.020000000000000157e-03	1.831511640927854456e+00	-1.612082661603320421e-01
-5.000000000000000104e-03	1.835200908232773598e+00	-1.278691499441659829e-01
-4.980000000000000052e-03	1.824133106318015951e+00	-6.489526375807450065e-02
-4.959999999999999999e-03	1.827822373622935315e+00	-3.896484003438977634e-02
-4.940000000000000814e-03	1.809376037098339163e+00	2.400904615170169551e-02
-4.920000000000000762e-03	1.809376037098339163e+00	6.475685486034911398e-02
-4.900000000000000709e-03	1.801997502488500658e+00	1.277307410464405824e-01
-4.880000000000000657e-03	1.809376037098339163e+00	1.610698572626066694e-01
-4.860000000000000604e-03	1.801997502488500658e+00	2.092263584637354401e-01
-4.840000000000000552e-03	1.787240433268823869e+00	2.536785134186235191e-01
-4.820000000000000499e-03	1.790929700573743011e+00	2.907219758810302701e-01
-4.800000000000000447e-03	1.776172631354066223e+00	3.462871695746403966e-01
-4.780000000000000394e-03	1.772483364049147081e+00	3.870349782832878116e-01
-4.760000000000000342e-03	1.765104829439308576e+00	4.129654020069725706e-01
-4.740000000000000289e-03	1.761415562134389434e+00	4.722349419468233611e-01
-4.720000000000000237e-03	1.765104829439308576e+00	5.018697119167487841e-01
-4.700000000000000185e-03	1.728212156390116494e+00	5.389131743791555351e-01
-4.680000000000000132e-03	1.731901423695035636e+00	5.796609830878028946e-01
-4.660000000000000080e-03	1.720833621780277989e+00	6.315218305351724126e-01
-4.640000000000000027e-03	1.720833621780277989e+00	6.722696392438197721e-01
-4.619999999999999975e-03	1.709765819865520342e+00	6.870870242287825391e-01
-4.600000000000000790e-03	1.724522889085197352e+00	7.500609104148739936e-01
-4.580000000000000737e-03	1.695008750645843554e+00	7.685826416460773691e-01
-4.560000000000000685e-03	1.706076552560601201e+00	8.278521815859281041e-01
-4.540000000000000632e-03	1.717144354475358847e+00	8.315565278321688236e-01
-4.520000000000000580e-03	1.676562414121247624e+00	8.685999902945755746e-01
-4.500000000000000527e-03	1.658116077596651472e+00	9.056434527569823256e-01
-4.480000000000000475e-03	1.658116077596651472e+00	9.463912614656296851e-01
-4.460000000000000422e-03	1.643359008376974684e+00	9.723216851893144996e-01
-4.440000000000000370e-03	1.643359008376974684e+00	1.020478186390443298e+00
-4.420000000000000318e-03	1.647048275681893825e+00	1.038999917621646674e+00
-4.400000000000000265e-03	1.617534137242540027e+00	1.076043380084053425e+00
-4.380000000000000213e-03	1.617534137242540027e+00	1.109382496300219456e+00
-4.360000000000000160e-03	1.613844869937620885e+00	1.124199881285182112e+00
-4.340000000000000108e-03	1.599087800717944097e+00	1.157538997501348144e+00
-4.320000000000000055e-03	1.588019998803186450e+00	1.190878113717514175e+00
-4.300000000000000003e-03	1.602777068022863238e+00	1.209399844948717551e+00
-4.279999999999999950e-03	1.591709266108105592e+00	1.242738961164883804e+00
-4.260000000000000765e-03	1.576952196888428803e+00	1.268669384888568397e+00
-4.240000000000000713e-03	1.565884394973671156e+00	1.283486769873531053e+00
-4.220000000000000660e-03	1.569573662278590298e+00	1.320530232335937804e+00
-4.200000000000000608e-03	1.551127325753994368e+00	1.339051963567141179e+00
-4.180000000000000555e-03	1.540059523839236721e+00	1.390912811014510808e+00
-4.160000000000000503e-03	1.532680989229398216e+00	1.416843234738195401e+00
-4.140000000000000450e-03	1.525302454619559711e+00	1.431660619723158057e+00
-4.120000000000000398e-03	1.521613187314640570e+00	1.464999735939324310e+00
-4.100000000000000346e-03	1.510545385399882923e+00	1.483521467170527686e+00
-4.080000000000000293e-03	1.506856118094963781e+00	1.505747544647971559e+00
-4.060000000000000241e-03	1.503166850790044640e+00	1.553904045849100468e+00
-4.040000000000000188e-03	1.473652712350690841e+00	1.561312738341581685e+00
-4.020000000000000136e-03	1.481031246960529346e+00	1.590947508311507219e+00
-4.000000000000000083e-03	1.473652712350690841e+00	1.602060547050229156e+00
-3.980000000000000031e-03	1.473652712350690841e+00	1.620582278281432531e+00
-3.959999999999999978e-03	1.458895643131014053e+00	1.646512702005117346e+00
-3.939999999999999926e-03	1.451517108521175548e+00	1.668738779482561219e+00
-3.920000000000000741e-03	1.436760039301498759e+00	1.694669203206246033e+00
-3.900000000000000255e-03	1.440449306606417901e+00	1.731712665668652784e+00
-3.880000000000000202e-03	1.429381504691660254e+00	1.750234396899856160e+00
-3.860000000000000150e-03	1.429381504691660254e+00	1.750234396899856160e+00
-3.840000000000000531e-03	1.422002970081821971e+00	1.798390898100984847e+00
-3.820000000000000479e-03	1.410935168167064324e+00	1.809503936839707006e+00
-3.800000000000000426e-03	1.381421029727710525e+00	1.835434360563391598e+00
-3.780000000000000374e-03	1.396178098947387314e+00	1.846547399302113757e+00
-3.760000000000000321e-03	1.385110297032629667e+00	1.868773476779557852e+00
-3.740000000000000269e-03	1.381421029727710525e+00	1.887295208010761227e+00
-3.720000000000000216e-03	1.355596158593276090e+00	1.898408246749483164e+00
-3.700000000000000164e-03	1.348217623983437585e+00	1.942860401704371354e+00
-3.680000000000000111e-03	1.351906891288356949e+00	1.946564747950611851e+00
-3.660000000000000493e-03	1.337149822068679939e+00	1.953973440443093290e+00
-3.640000000000000440e-03	1.326082020153922292e+00	2.009538634136703195e+00
-3.620000000000000388e-03	1.333460554763760797e+00	1.991016902905500041e+00
-3.600000000000000335e-03	1.307635683629326362e+00	2.024356019121666073e+00
-3.580000000000000283e-03	1.315014218239164645e+00	2.046582096599109946e+00
-3.560000000000000230e-03	1.303946416324406998e+00	2.039173404106628951e+00
-3.540000000000000178e-03	1.281810812494891705e+00	2.079921212815276199e+00
-3.520000000000000125e-03	1.270743010580134280e+00	2.098442944046479575e+00
-3.500000000000000073e-03	1.274432277885053422e+00	2.128077714016404887e+00
-3.480000000000000454e-03	1.270743010580134280e+00	2.131782060262645828e+00
-3.460000000000000402e-03	1.241228872140780481e+00	2.131782060262645828e+00
-3.440000000000000349e-03	1.255985941360457270e+00	2.150303791493849204e+00
-3.420000000000000297e-03	1.244918139445699623e+00	2.161416830232571140e+00
-3.400000000000000244e-03	1.226471802921103693e+00	2.191051600202496452e+00
-3.380000000000000192e-03	1.233850337530941976e+00	2.216982023926181267e+00
-3.360000000000000139e-03	1.215404001006346046e+00	2.228095062664903203e+00
-3.340000000000000087e-03	1.219093268311265188e+00	2.257729832634828515e+00
-3.320000000000000468e-03	1.196957664481749894e+00	2.246616793896106579e+00
-3.300000000000000416e-03	1.174822060652234601e+00	2.268842871373550452e+00
-3.280000000000000363e-03	1.182200595262073106e+00	2.287364602604753827e+00
-3.260000000000000311e-03	1.171132793347315459e+00	2.298477641343476208e+00
-3.240000000000000258e-03	1.167443526042396318e+00	2.331816757559642017e+00
-3.220000000000000206e-03	1.152686456822719308e+00	2.339225450052123456e+00
-3.200000000000000153e-03	1.152686456822719308e+00	2.335521103805882959e+00
-3.180000000000000101e-03	1.137929387603042519e+00	2.354042835037086334e+00
-3.160000000000000048e-03	1.137929387603042519e+00	2.383677605007011646e+00
-3.140000000000000430e-03	1.112104516468608084e+00	2.394790643745733583e+00
-3.120000000000000377e-03	1.119483051078446367e+00	2.424425413715658895e+00
-3.100000000000000325e-03	1.112104516468608084e+00	2.420721067469418397e+00
-3.080000000000000272e-03	1.097347447248931296e+00	2.442947144946862270e+00
-3.060000000000000220e-03	1.097347447248931296e+00	2.450355837439343709e+00
-3.040000000000000167e-03	1.097347447248931296e+00	2.465173222424306587e+00
-3.020000000000000115e-03	1.082590378029254286e+00	2.465173222424306587e+00
-3.000000000000000062e-03	1.067833308809577497e+00	2.487399299901750460e+00
-2.980000000000000444e-03	1.071522576114496639e+00	2.487399299901750460e+00
-2.960000000000000391e-03	1.049386972284981345e+00	2.502216684886713338e+00
-2.940000000000000339e-03	1.023562101150546910e+00	2.535555801102879148e+00
-2.920000000000000286e-03	1.016183566540708627e+00	2.546668839841601084e+00
-2.900000000000000234e-03	1.019872833845627769e+00	2.550373186087842026e+00
-2.880000000000000181e-03	1.023562101150546910e+00	2.583712302304007835e+00
-2.860000000000000129e-03	1.012494299235789263e+00	2.591120994796489274e+00
-2.840000000000000076e-03	1.008805031930870122e+00	2.598529687288970713e+00
-2.820000000000000024e-03	1.008805031930870122e+00	2.613347072273933591e+00
-2.800000000000000405e-03	9.792908934915164343e-01	2.624460111012655528e+00
-2.780000000000000353e-03	1.008805031930870122e+00	2.639277495997617962e+00
-2.760000000000000300e-03	9.682230915767587875e-01	2.646686188490099401e+00
-2.740000000000000248e-03	9.645338242718395350e-01	2.668912265967543718e+00
-2.720000000000000195e-03	9.497767550521627467e-01	2.687433997198747093e+00
-2.700000000000000143e-03	9.719123588816779291e-01	2.672616612213784215e+00
-2.680000000000000090e-03	9.571552896620011408e-01	2.694842689691228088e+00
-2.660000000000000038e-03	9.497767550521627467e-01	2.709660074676190966e+00
-2.640000000000000419e-03	9.128840820029705538e-01	2.709660074676190966e+00
-2.620000000000000367e-03	9.276411512226474532e-01	2.739294844646116278e+00
-2.600000000000000314e-03	9.165733493078898064e-01	2.742999190892357220e+00
-2.580000000000000262e-03	9.276411512226474532e-01	2.754112229631079156e+00
-2.560000000000000209e-03	9.128840820029705538e-01	2.776338307108523029e+00
-2.540000000000000157e-03	9.091948146980514123e-01	2.780042653354763971e+00
-2.520000000000000104e-03	9.128840820029705538e-01	2.809677423324689283e+00
-2.500000000000000052e-03	9.055055473931321597e-01	2.809677423324689283e+00
-2.480000000000000000e-03	8.796806762586977246e-01	2.817086115817170722e+00
-2.460000000000000381e-03	8.759914089537784720e-01	2.831903500802133156e+00
-2.440000000000000328e-03	8.686128743439400779e-01	2.820790462063411219e+00
-2.420000000000000276e-03	8.538558051242631786e-01	2.850425232033336531e+00
-2.400000000000000223e-03	8.464772705144247844e-01	2.861538270772058468e+00
-2.380000000000000171e-03	8.354094685996671377e-01	2.872651309510780848e+00
-2.360000000000000119e-03	8.464772705144247844e-01	2.891173040741984224e+00
-2.340000000000000066e-03	8.427880032095055318e-01	2.891173040741984224e+00
-2.320000000000000014e-03	8.390987359045863903e-01	2.902286079480706160e+00
-2.300000000000000395e-03	8.132738647701518442e-01	2.913399118219428097e+00
-2.280000000000000342e-03	8.317202012947478851e-01	2.935625195696871970e+00
-2.260000000000000290e-03	8.095845974652325916e-01	2.917103464465668594e+00
-2.240000000000000237e-03	7.948275282455558033e-01	2.943033888189353409e+00
-2.220000000000000185e-03	7.948275282455558033e-01	2.961555619420556784e+00
-2.200000000000000133e-03	8.169631320750710968e-01	2.972668658159278721e+00
-2.180000000000000080e-03	7.800704590258789040e-01	2.950442580681834848e+00
-2.160000000000000028e-03	7.837597263307981565e-01	2.972668658159278721e+00
-2.139999999999999975e-03	7.653133898062021157e-01	2.998599081882963535e+00
-2.120000000000000356e-03	7.763811917209597624e-01	3.006007774375444974e+00
-2.100000000000000304e-03	7.616241225012828631e-01	2.998599081882963535e+00
-2.080000000000000251e-03	7.542455878914444689e-01	3.024529505606648350e+00
-2.060000000000000199e-03	7.468670532816060748e-01	3.024529505606648350e+00
-2.040000000000000147e-03	7.579348551963637215e-01	3.046755583084092223e+00
-2.020000000000000094e-03	7.394885186717675696e-01	3.039346890591611228e+00
-2.000000000000000042e-03	7.357992513668484280e-01	3.065277314315295598e+00
-1.979999999999999989e-03	7.284207167570099228e-01	3.072686006807777037e+00
-1.960000000000000370e-03	7.062851129274947404e-01	3.094912084285221354e+00
-1.940000000000000101e-03	7.099743802324138819e-01	3.094912084285221354e+00
-1.920000000000000265e-03	7.062851129274947404e-01	3.072686006807777037e+00
-1.900000000000000213e-03	6.989065783176562352e-01	3.113433815516424730e+00
-1.880000000000000161e-03	7.136636475373331345e-01	3.109729469270183788e+00
-1.860000000000000108e-03	6.841495090979794469e-01	3.106025123023943291e+00
-1.840000000000000056e-03	6.915280437078178410e-01	3.146772931732590539e+00
-1.820000000000000220e-03	6.730817071832218002e-01	3.128251200501387164e+00
-1.800000000000000168e-03	6.767709744881410527e-01	3.157885970471312476e+00
-1.780000000000000115e-03	6.620139052684641534e-01	3.154181624225071978e+00
-1.760000000000000063e-03	6.657031725733834060e-01	3.146772931732590539e+00
-1.740000000000000227e-03	6.583246379635449008e-01	3.157885970471312476e+00
-1.720000000000000175e-03	6.509461033537065067e-01	3.172703355456275354e+00
-1.700000000000000122e-03	6.583246379635449008e-01	3.180112047948756793e+00
-1.680000000000000070e-03	6.583246379635449008e-01	3.194929432933719227e+00
-1.660000000000000234e-03	6.361890341340297184e-01	3.206042471672441163e+00
-1.640000000000000182e-03	6.324997668291104658e-01	3.198633779179960168e+00
-1.620000000000000129e-03	6.398783014389488599e-01	3.231972895396125978e+00
-1.600000000000000077e-03	6.324997668291104658e-01	3.224564202903644539e+00
-1.580000000000000024e-03	6.398783014389488599e-01	3.228268549149885480e+00
-1.560000000000000189e-03	6.140534303045144249e-01	3.231972895396125978e+00
-1.540000000000000136e-03	6.361890341340297184e-01	3.250494626627329353e+00
-1.520000000000000084e-03	6.140534303045144249e-01	3.254198972873570295e+00
-1.500000000000000031e-03	5.992963610848375255e-01	3.250494626627329353e+00
-1.480000000000000196e-03	5.956070937799183840e-01	3.265312011612292231e+00
-1.460000000000000143e-03	6.029856283897567781e-01	3.294946781582217543e+00
-1.440000000000000091e-03	5.992963610848375255e-01	3.272720704104773670e+00
-1.420000000000000038e-03	5.734714899504030905e-01	3.298651127828458041e+00
-1.400000000000000203e-03	6.066748956946759197e-01	3.313468512813420919e+00
-1.380000000000000150e-03	5.660929553405645853e-01	3.306059820320939480e+00
-1.360000000000000098e-03	5.882285591700798788e-01	3.320877205305902358e+00
-1.340000000000000045e-03	5.734714899504030905e-01	3.324581551552142855e+00
-1.320000000000000210e-03	5.771607572553222321e-01	3.328285897798383797e+00
-1.300000000000000157e-03	5.476466188159685444e-01	3.339398936537105733e+00
-1.280000000000000105e-03	5.624036880356454438e-01	3.328285897798383797e+00
-1.260000000000000052e-03	5.439573515110494029e-01	3.343103282783346231e+00
-1.240000000000000000e-03	5.624036880356454438e-01	3.369033706507031045e+00
-1.220000000000000164e-03	5.550251534258070496e-01	3.354216321522068167e+00
-1.200000000000000112e-03	5.402680842061301503e-01	3.376442398999512484e+00
-1.180000000000000059e-03	5.402680842061301503e-01	3.380146745245752982e+00
-1.160000000000000007e-03	5.439573515110494029e-01	3.369033706507031045e+00
-1.140000000000000171e-03	5.218217476815341094e-01	3.387555437738234421e+00
-1.120000000000000119e-03	5.218217476815341094e-01	3.409781515215678294e+00
-1.100000000000000066e-03	4.959968765470996188e-01	3.420894553954400674e+00
-1.080000000000000014e-03	5.144432130716957152e-01	3.417190207708159733e+00
-1.060000000000000178e-03	5.218217476815341094e-01	3.406077168969437796e+00
-1.040000000000000126e-03	4.959968765470996188e-01	3.424598900200641172e+00
-1.020000000000000073e-03	4.849290746323419721e-01	3.420894553954400674e+00
-1.000000000000000021e-03	5.033754111569380685e-01	3.424598900200641172e+00
-9.800000000000001852e-04	4.923076092421803662e-01	3.435711938939363108e+00
-9.600000000000001327e-04	4.959968765470996188e-01	3.443120631431844547e+00
-9.400000000000000803e-04	4.923076092421803662e-01	3.469051055155529362e+00
-9.200000000000000278e-04	4.701720054126651283e-01	3.454233670170566484e+00
-9.000000000000000838e-04	4.849290746323419721e-01	3.457938016416807425e+00
-8.800000000000000313e-04	4.554149361929882844e-01	3.472755401401769859e+00
-8.600000000000000873e-04	4.849290746323419721e-01	3.472755401401769859e+00
-8.400000000000000348e-04	4.627934708028266786e-01	3.494981478879214176e+00
-8.200000000000000908e-04	4.849290746323419721e-01	3.491277132632973235e+00
-8.000000000000000383e-04	4.664827381077458757e-01	3.491277132632973235e+00
-7.800000000000000943e-04	4.664827381077458757e-01	3.502390171371695171e+00
-7.600000000000000418e-04	4.443471342782306377e-01	3.509798863864176610e+00
-7.400000000000000978e-04	4.664827381077458757e-01	3.509798863864176610e+00
-7.200000000000000453e-04	4.517256688880690318e-01	3.517207556356658049e+00
-7.000000000000001013e-04	4.517256688880690318e-01	3.513503210110417552e+00
-6.800000000000000488e-04	4.591042034979074815e-01	3.532024941341620927e+00
-6.600000000000001048e-04	4.406578669733114406e-01	3.546842326326583361e+00
-6.400000000000000524e-04	4.222115304487153442e-01	3.554251018819064800e+00
-6.199999999999999999e-04	4.295900650585537939e-01	3.557955365065305298e+00
-6.000000000000000559e-04	4.148329958388769501e-01	3.550546672572824303e+00
-5.800000000000000034e-04	4.074544612290385004e-01	3.557955365065305298e+00
-5.600000000000000594e-04	4.222115304487153442e-01	3.550546672572824303e+00
-5.400000000000000069e-04	4.259007977536345413e-01	3.565364057557786737e+00
-5.200000000000000629e-04	3.926973920093616566e-01	3.561659711311546239e+00
-5.000000000000000104e-04	4.074544612290385004e-01	3.569068403804027678e+00
-4.800000000000000664e-04	3.890081247044424595e-01	3.554251018819064800e+00
-4.600000000000000139e-04	3.816295900946040098e-01	3.554251018819064800e+00
-4.400000000000000157e-04	3.594939862650887719e-01	3.554251018819064800e+00
-4.200000000000000174e-04	3.484261843503311251e-01	3.572772750050268176e+00
-4.000000000000000192e-04	3.410476497404926755e-01	3.517207556356658049e+00
-3.800000000000000209e-04	3.115335113011389878e-01	3.491277132632973235e+00
-3.600000000000000227e-04	3.004657093863813411e-01	3.498685825125454674e+00
-3.400000000000000244e-04	2.635730363371892038e-01	3.483868440140491796e+00
-3.200000000000000262e-04	2.340588978978355161e-01	3.465346708909288420e+00
-3.000000000000000279e-04	2.193018286781586723e-01	3.435711938939363108e+00
-2.800000000000000297e-04	1.676520864092897189e-01	3.409781515215678294e+00
-2.600000000000000314e-04	9.386674031090545822e-02	3.350511975275827670e+00
-2.400000000000000332e-04	7.173113648139019249e-02	3.313468512813420919e+00
-2.200000000000000078e-04	1.270285960268279293e-02	3.239381587888607417e+00
-2.000000000000000096e-04	-2.787908075142854145e-02	3.172703355456275354e+00
-1.800000000000000113e-04	-1.311785652891664933e-01	3.087503391792739915e+00
-1.600000000000000131e-04	-1.938961094727930934e-01	3.009712120621685472e+00
-1.400000000000000148e-04	-3.119526632302078717e-01	2.905990425726946658e+00
-1.200000000000000166e-04	-4.078736131581073843e-01	2.780042653354763971e+00
-1.000000000000000048e-04	-5.480657707450374838e-01	2.665207919721302776e+00
-8.000000000000000654e-05	-6.624330571975330928e-01	2.531851454856638650e+00
-6.000000000000000830e-05	-7.694218090401901966e-01	2.402199336238215022e+00
-4.000000000000000327e-05	-8.505856897484128654e-01	2.283660256358513330e+00
-2.000000000000000164e-05	-9.501959069812315750e-01	2.168825522725052579e+00
0.000000000000000000e+00	-1.016602718469777455e+00	2.065103827830313321e+00
2.000000000000000164e-05	-1.123591470312434559e+00	1.965086479181815227e+00
4.000000000000000327e-05	-1.189998281800980440e+00	1.868773476779557852e+00
6.000000000000000830e-05	-1.252715825984606957e+00	1.765051781884818816e+00
8.000000000000000654e-05	-1.315433370168233695e+00	1.676147471975042658e+00
1.000000000000000048e-04	-1.381840181656779354e+00	1.609469239542710595e+00
1.200000000000000166e-04	-1.451936260450244376e+00	1.494634505909249622e+00
1.400000000000000148e-04	-1.488828933499436680e+00	1.424251927230676840e+00
1.600000000000000131e-04	-1.540478675768305550e+00	1.335347617320900682e+00
1.800000000000000113e-04	-1.595817685342093784e+00	1.253851999903605741e+00
2.000000000000000096e-04	-1.632710358391285865e+00	1.153834651255107424e+00
2.200000000000000078e-04	-1.643778160306043512e+00	1.109382496300219456e+00
2.400000000000000332e-04	-1.673292298745397311e+00	1.001956455159239923e+00
2.600000000000000314e-04	-1.702806437184750887e+00	9.612086464505924521e-01
2.800000000000000297e-04	-1.724942041014266181e+00	8.797130290332976221e-01
3.000000000000000279e-04	-1.758145446758539121e+00	8.278521815859281041e-01
3.200000000000000262e-04	-1.783970317892973556e+00	7.426522179223926656e-01
3.400000000000000244e-04	-1.798727387112650344e+00	6.796783317363011001e-01
3.600000000000000227e-04	-1.798727387112650344e+00	6.352261767814130211e-01
3.800000000000000209e-04	-1.813484456332327355e+00	5.685479443490808471e-01
4.000000000000000192e-04	-1.817173723637246496e+00	5.055740581629893926e-01
4.200000000000000174e-04	-1.813484456332327355e+00	4.574175569618606496e-01
4.400000000000000157e-04	-1.828241525552004143e+00	3.870349782832878116e-01
4.600000000000000139e-04	-1.817173723637246496e+00	3.314697845896776851e-01
4.800000000000000664e-04	-1.820862990942165638e+00	2.722002446498268946e-01
5.000000000000000104e-04	-1.820862990942165638e+00	2.203393972024574599e-01
5.200000000000000629e-04	-1.824552258247085001e+00	1.832959347400507089e-01
5.400000000000000069e-04	-1.813484456332327355e+00	1.351394335389219381e-01
5.600000000000000594e-04	-1.802416654417569708e+00	7.586989359907114761e-02
5.800000000000000034e-04	-1.813484456332327355e+00	2.771339239794236992e-02
6.000000000000000559e-04	-1.813484456332327355e+00	-2.785180129566775312e-02
6.199999999999999999e-04	-1.802416654417569708e+00	-7.230395625055585640e-02
6.400000000000000524e-04	-1.806105921722488850e+00	-1.389821886828880027e-01
6.600000000000001048e-04	-1.791348852502812061e+00	-1.649126124065727339e-01
6.800000000000000488e-04	-1.776591783283135051e+00	-2.056604211152201489e-01
7.000000000000001013e-04	-1.791348852502812061e+00	-2.575212685625896114e-01
7.200000000000000453e-04	-1.780281050588054415e+00	-3.019734235174776904e-01
7.400000000000000978e-04	-1.769213248673296768e+00	-3.130864622561997379e-01
7.600000000000000418e-04	-1.750766912148700616e+00	-3.723560021960505284e-01
7.800000000000000943e-04	-1.747077644843781474e+00	-4.168081571509386074e-01
8.000000000000000383e-04	-1.754456179453619979e+00	-4.723733508445487339e-01
8.200000000000000908e-04	-1.743388377538862333e+00	-5.094168133069554294e-01
8.400000000000000348e-04	-1.747077644843781474e+00	-5.390515832768808524e-01
8.600000000000000873e-04	-1.721252773709347039e+00	-6.020254694629723069e-01
8.800000000000000313e-04	-1.717563506404427676e+00	-6.020254694629723069e-01
9.000000000000000838e-04	-1.717563506404427676e+00	-6.761123943877858089e-01
9.200000000000000278e-04	-1.688049367965074099e+00	-7.057471643577112319e-01
9.400000000000000803e-04	-1.713874239099508534e+00	-7.316775880813959354e-01
9.600000000000001327e-04	-1.695427902574912382e+00	-7.687210505438026864e-01
9.800000000000001852e-04	-1.688049367965074099e+00	-8.057645130062094374e-01
1.000000000000000021e-03	-1.662224496830639664e+00	-8.502166679610975164e-01
1.020000000000000073e-03	-1.684360100660154735e+00	-8.687383991923008919e-01
1.040000000000000126e-03	-1.673292298745397311e+00	-9.057818616547076429e-01
1.060000000000000178e-03	-1.662224496830639664e+00	-9.465296703633551134e-01
1.080000000000000014e-03	-1.636399625696205007e+00	-9.502340166095958329e-01
1.100000000000000066e-03	-1.621642556476528219e+00	-9.946861715644839119e-01
1.120000000000000119e-03	-1.636399625696205007e+00	-1.028025287780649943e+00
1.140000000000000171e-03	-1.606885487256851430e+00	-1.053955711504334758e+00
1.160000000000000007e-03	-1.595817685342093784e+00	-1.098407866459222726e+00
1.180000000000000059e-03	-1.588439150732255278e+00	-1.120633943936666821e+00
1.200000000000000112e-03	-1.599506952647012925e+00	-1.161381752645314291e+00
1.220000000000000164e-03	-1.603196219951932067e+00	-1.176199137630276947e+00
1.240000000000000000e-03	-1.584749883427336137e+00	-1.220651292585165137e+00
1.260000000000000052e-03	-1.584749883427336137e+00	-1.242877370062609010e+00
1.280000000000000105e-03	-1.569992814207659348e+00	-1.265103447540053105e+00
1.300000000000000157e-03	-1.569992814207659348e+00	-1.291033871263737920e+00
1.320000000000000210e-03	-1.558925012292901702e+00	-1.316964294987422512e+00
1.340000000000000045e-03	-1.547857210378144055e+00	-1.328077333726144671e+00
1.360000000000000098e-03	-1.551546477683063197e+00	-1.387346873665995517e+00
1.380000000000000150e-03	-1.536789408463386408e+00	-1.394755566158476734e+00
1.400000000000000203e-03	-1.518343071938790256e+00	-1.416981643635920829e+00
1.420000000000000038e-03	-1.507275270024032610e+00	-1.461433798590809019e+00
1.440000000000000091e-03	-1.514653804633871115e+00	-1.491068568560734331e+00
1.460000000000000143e-03	-1.492518200804355821e+00	-1.494772914806975050e+00
1.480000000000000196e-03	-1.485139666194517316e+00	-1.531816377269381801e+00
1.500000000000000031e-03	-1.481450398889598175e+00	-1.561451147239307113e+00
1.520000000000000084e-03	-1.477761131584679033e+00	-1.583677224716751208e+00
1.540000000000000136e-03	-1.459314795060082881e+00	-1.594790263455473145e+00
1.560000000000000189e-03	-1.466693329669921386e+00	-1.635538072164120615e+00
1.580000000000000024e-03	-1.451936260450244376e+00	-1.665172842134045927e+00
1.600000000000000077e-03	-1.440868458535486729e+00	-1.668877188380286647e+00
1.620000000000000129e-03	-1.426111389315809941e+00	-1.702216304596452678e+00
1.640000000000000182e-03	-1.418732854705971658e+00	-1.720738035827656054e+00
1.660000000000000234e-03	-1.407665052791214011e+00	-1.750372805797581588e+00
1.680000000000000070e-03	-1.411354320096133153e+00	-1.765190190782544244e+00
1.700000000000000122e-03	-1.415043587401052294e+00	-1.791120614506229058e+00
1.720000000000000175e-03	-1.403975785486294647e+00	-1.809642345737432434e+00
1.740000000000000227e-03	-1.389218716266617859e+00	-1.820755384476154370e+00
1.760000000000000063e-03	-1.374461647046941071e+00	-1.842981461953598465e+00
1.780000000000000115e-03	-1.378150914351860212e+00	-1.876320578169764497e+00
1.800000000000000168e-03	-1.363393845132183424e+00	-1.887433616908486433e+00
1.820000000000000220e-03	-1.359704577827264060e+00	-1.898546655647208592e+00
1.840000000000000056e-03	-1.341258241302668131e+00	-1.920772733124652687e+00
1.860000000000000108e-03	-1.352326043217425777e+00	-1.946703156848337279e+00
1.880000000000000161e-03	-1.326501172082991342e+00	-1.954111849340818718e+00
1.900000000000000213e-03	-1.330190439387910484e+00	-1.980042273064503311e+00
1.920000000000000265e-03	-1.330190439387910484e+00	-1.987450965556984750e+00
1.940000000000000101e-03	-1.308054835558395190e+00	-2.013381389280669342e+00
1.960000000000000370e-03	-1.285919231728879897e+00	-2.020790081773150781e+00
1.979999999999999989e-03	-1.304365568253476049e+00	-2.065242236728038971e+00
2.000000000000000042e-03	-1.278540697119041392e+00	-2.054129197989317035e+00
2.020000000000000094e-03	-1.267472895204283967e+00	-2.087468314205482844e+00
2.040000000000000147e-03	-1.271162162509203108e+00	-2.113398737929167659e+00
2.060000000000000199e-03	-1.274851429814122250e+00	-2.124511776667889595e+00
2.080000000000000251e-03	-1.256405093289526320e+00	-2.165259585376537288e+00
2.100000000000000304e-03	-1.263783627899364603e+00	-2.150442200391574410e+00
2.120000000000000356e-03	-1.230580222155091663e+00	-2.154146546637814907e+00
2.139999999999999975e-03	-1.212133885630495733e+00	-2.180076970361499722e+00
2.160000000000000028e-03	-1.215823152935414875e+00	-2.213416086577665975e+00
2.180000000000000080e-03	-1.204755351020657228e+00	-2.228233471562628409e+00
2.200000000000000133e-03	-1.193687549105899581e+00	-2.239346510301350790e+00
2.220000000000000185e-03	-1.178930479886222793e+00	-2.268981280271276102e+00
2.240000000000000237e-03	-1.197376816410818723e+00	-2.268981280271276102e+00
2.260000000000000290e-03	-1.160484143361626641e+00	-2.287503011502479477e+00
2.280000000000000342e-03	-1.160484143361626641e+00	-2.302320396487441911e+00
2.300000000000000395e-03	-1.142037806837030711e+00	-2.320842127718645287e+00
2.320000000000000014e-03	-1.130970004922273064e+00	-2.335659512703608165e+00
2.340000000000000066e-03	-1.149416341446868994e+00	-2.343068205196089604e+00
2.360000000000000119e-03	-1.127280737617353701e+00	-2.354181243934811540e+00
2.380000000000000171e-03	-1.116212935702596054e+00	-2.376407321412255413e+00
2.400000000000000223e-03	-1.097766599178000124e+00	-2.391224706397218291e+00
2.420000000000000276e-03	-1.097766599178000124e+00	-2.402337745135940228e+00
2.440000000000000328e-03	-1.071941728043565689e+00	-2.417155130120903106e+00
2.460000000000000381e-03	-1.097766599178000124e+00	-2.424563822613384545e+00
2.480000000000000000e-03	-1.097766599178000124e+00	-2.457902938829550354e+00
2.500000000000000052e-03	-1.075630995348484831e+00	-2.480129016306994671e+00
2.520000000000000104e-03	-1.064563193433727184e+00	-2.472720323814513232e+00
2.540000000000000157e-03	-1.064563193433727184e+00	-2.498650747538198047e+00
2.560000000000000209e-03	-1.060873926128808042e+00	-2.502355093784438544e+00
2.580000000000000262e-03	-1.053495391518969537e+00	-2.528285517508123359e+00
2.600000000000000314e-03	-1.053495391518969537e+00	-2.506059440030679042e+00
2.620000000000000367e-03	-1.023981253079615961e+00	-2.561624633724289168e+00
2.640000000000000419e-03	-1.023981253079615961e+00	-2.561624633724289168e+00
2.660000000000000038e-03	-1.020291985774696597e+00	-2.569033326216770607e+00
2.680000000000000090e-03	-1.012913451164858314e+00	-2.591259403694214924e+00
2.700000000000000143e-03	-1.027670520384535102e+00	-2.583850711201733485e+00
2.720000000000000195e-03	-1.001845649250100667e+00	-2.602372442432936861e+00
2.740000000000000248e-03	-9.833993127255045152e-01	-2.632007212402862173e+00
2.760000000000000300e-03	-9.686422435058276159e-01	-2.650528943634065548e+00
2.780000000000000353e-03	-9.760207781156661211e-01	-2.646824597387825051e+00
2.800000000000000405e-03	-9.465066396763124335e-01	-2.646824597387825051e+00
2.820000000000000024e-03	-9.760207781156661211e-01	-2.669050674865268924e+00
2.840000000000000076e-03	-9.649529762009084743e-01	-2.691276752342712797e+00
2.860000000000000129e-03	-9.612637088959892218e-01	-2.706094137327675675e+00
2.880000000000000181e-03	-9.354388377615547867e-01	-2.720911522312638553e+00
2.900000000000000234e-03	-9.243710358467971400e-01	-2.724615868558879050e+00
2.920000000000000286e-03	-9.243710358467971400e-01	-2.735728907297600987e+00
2.940000000000000339e-03	-9.022354320172818465e-01	-2.739433253543841928e+00
2.960000000000000391e-03	-8.948568974074434523e-01	-2.757954984775045304e+00
2.980000000000000444e-03	-8.985461647123625939e-01	-2.761659331021285801e+00
3.000000000000000062e-03	-8.837890954926858056e-01	-2.776476716006248679e+00
3.020000000000000115e-03	-8.874783627976049472e-01	-2.783885408498729674e+00
3.040000000000000167e-03	-8.800998281877665530e-01	-2.787589754744970616e+00
3.060000000000000220e-03	-8.653427589680897647e-01	-2.813520178468655430e+00
3.080000000000000272e-03	-8.468964224434936128e-01	-2.820928870961136425e+00
3.100000000000000325e-03	-8.432071551385744712e-01	-2.828337563453617864e+00
3.120000000000000377e-03	-8.468964224434936128e-01	-2.850563640931062181e+00
3.140000000000000430e-03	-8.505856897484128654e-01	-2.869085372162265557e+00
3.160000000000000048e-03	-8.136930166992207836e-01	-2.869085372162265557e+00
3.180000000000000101e-03	-8.358286205287360771e-01	-2.883902757147227991e+00
3.200000000000000153e-03	-8.173822840041399251e-01	-2.902424488378431366e+00
3.220000000000000206e-03	-7.952466801746247427e-01	-2.887607103393468932e+00
3.240000000000000258e-03	-8.026252147844631368e-01	-2.902424488378431366e+00
3.260000000000000311e-03	-7.989359474795438842e-01	-2.924650565855875683e+00
3.280000000000000363e-03	-8.136930166992207836e-01	-2.917241873363394244e+00
3.300000000000000416e-03	-7.804896109549478433e-01	-2.920946219609634742e+00
3.320000000000000468e-03	-7.952466801746247427e-01	-2.972807067057004371e+00
3.340000000000000087e-03	-7.989359474795438842e-01	-2.943172297087079059e+00
3.360000000000000139e-03	-7.657325417352709440e-01	-2.957989682072041493e+00
3.380000000000000192e-03	-7.915574128697054901e-01	-2.983920105795726307e+00
3.400000000000000244e-03	-7.657325417352709440e-01	-2.987624452041966805e+00
3.420000000000000297e-03	-7.546647398205134083e-01	-2.995033144534448244e+00
3.440000000000000349e-03	-7.509754725155941557e-01	-3.006146183273170180e+00
3.460000000000000402e-03	-7.362184032959172564e-01	-3.002441837026929683e+00
3.480000000000000454e-03	-7.435969379057557616e-01	-3.039485299489336434e+00
3.500000000000000073e-03	-7.362184032959172564e-01	-3.032076606996854995e+00
3.520000000000000125e-03	-7.472862052106749031e-01	-3.046893991981817873e+00
3.540000000000000178e-03	-7.362184032959172564e-01	-3.046893991981817873e+00
3.560000000000000230e-03	-7.251506013811596096e-01	-3.043189645735576931e+00
3.580000000000000283e-03	-7.288398686860788622e-01	-3.061711376966780307e+00
3.600000000000000335e-03	-7.067042648565635687e-01	-3.072824415705502688e+00
3.620000000000000388e-03	-6.956364629418059220e-01	-3.091346146936706063e+00
3.640000000000000440e-03	-6.993257302467251746e-01	-3.087641800690465121e+00
3.660000000000000493e-03	-6.845686610270482753e-01	-3.109867878167909439e+00
3.680000000000000111e-03	-6.845686610270482753e-01	-3.098754839429187058e+00
3.700000000000000164e-03	-6.956364629418059220e-01	-3.128389609399112814e+00
3.720000000000000216e-03	-6.808793937221291337e-01	-3.143206994384075248e+00
3.740000000000000269e-03	-6.698115918073714870e-01	-3.139502648137834750e+00
3.760000000000000321e-03	-6.698115918073714870e-01	-3.146911340630316190e+00
3.780000000000000374e-03	-6.402974533680177993e-01	-3.158024379369038126e+00
3.800000000000000426e-03	-6.513652552827754461e-01	-3.158024379369038126e+00
3.820000000000000479e-03	-6.513652552827754461e-01	-3.183954803092722496e+00
3.840000000000000531e-03	-6.698115918073714870e-01	-3.176546110600241501e+00
3.860000000000000150e-03	-6.439867206729369409e-01	-3.191363495585203935e+00
3.880000000000000202e-03	-6.476759879778561935e-01	-3.202476534323925872e+00
3.900000000000000255e-03	-6.439867206729369409e-01	-3.206180880570166813e+00
3.920000000000000741e-03	-6.255403841483409000e-01	-3.220998265555129247e+00
3.939999999999999926e-03	-6.402974533680177993e-01	-3.224702611801370189e+00
3.959999999999999978e-03	-6.218511168434217584e-01	-3.239519996786332623e+00
3.980000000000000031e-03	-6.070940476237448591e-01	-3.232111304293851628e+00
4.000000000000000083e-03	-6.181618495385025058e-01	-3.243224343032573564e+00
4.020000000000000136e-03	-5.923369784040680708e-01	-3.276563459248739374e+00
4.040000000000000188e-03	-5.960262457089872123e-01	-3.258041728017535998e+00
4.060000000000000241e-03	-5.702013745745527773e-01	-3.272859113002498876e+00
4.080000000000000293e-03	-5.886477110991488182e-01	-3.269154766756258379e+00
4.100000000000000346e-03	-5.923369784040680708e-01	-3.280267805494980315e+00
4.120000000000000398e-03	-5.665121072696335247e-01	-3.280267805494980315e+00
4.140000000000000450e-03	-5.775799091843911715e-01	-3.298789536726183691e+00
4.160000000000000503e-03	-5.665121072696335247e-01	-3.306198229218665130e+00
4.180000000000000555e-03	-5.554443053548758780e-01	-3.317311267957387066e+00
4.200000000000000608e-03	-5.849584437942295656e-01	-3.317311267957387066e+00
4.220000000000000660e-03	-5.591335726597951306e-01	-3.324719960449868505e+00
4.240000000000000713e-03	-5.406872361351990897e-01	-3.324719960449868505e+00
4.260000000000000765e-03	-5.480657707450374838e-01	-3.343241691681071881e+00
4.279999999999999950e-03	-5.554443053548758780e-01	-3.335832999188590442e+00
4.300000000000000003e-03	-5.296194342204414429e-01	-3.361763422912275256e+00
4.320000000000000055e-03	-5.443765034401182312e-01	-3.376580807897237690e+00
4.340000000000000108e-03	-5.369979688302798371e-01	-3.380285154143478632e+00
4.360000000000000160e-03	-5.259301669155221903e-01	-3.376580807897237690e+00
4.380000000000000213e-03	-5.185516323056837962e-01	-3.383989500389719129e+00
4.400000000000000265e-03	-5.296194342204414429e-01	-3.376580807897237690e+00
4.420000000000000318e-03	-5.296194342204414429e-01	-3.383989500389719129e+00
4.440000000000000370e-03	-5.001052957810877553e-01	-3.387693846635959627e+00
4.460000000000000422e-03	-5.333087015253605845e-01	-3.409919924113403944e+00
4.480000000000000475e-03	-5.111730976958454020e-01	-3.421032962852125880e+00
4.500000000000000527e-03	-4.816589592564916589e-01	-3.413624270359644441e+00
4.520000000000000580e-03	-5.001052957810877553e-01	-3.417328616605885383e+00
4.540000000000000632e-03	-4.853482265614108560e-01	-3.443259040329569753e+00
4.560000000000000685e-03	-4.853482265614108560e-01	-3.450667732822051192e+00
4.580000000000000737e-03	-5.001052957810877553e-01	-3.454372079068292134e+00
4.600000000000000790e-03	-4.779696919515724618e-01	-3.480302502791976504e+00
4.619999999999999975e-03	-4.816589592564916589e-01	-3.458076425314532631e+00
4.640000000000000027e-03	-4.779696919515724618e-01	-3.472893810299495509e+00
4.660000000000000080e-03	-4.632126227318955625e-01	-3.472893810299495509e+00
4.680000000000000132e-03	-4.669018900368148151e-01	-3.465485117807014070e+00
4.700000000000000185e-03	-4.669018900368148151e-01	-3.484006849038217446e+00
4.720000000000000237e-03	-4.779696919515724618e-01	-3.495119887776939382e+00
4.740000000000000289e-03	-4.669018900368148151e-01	-3.487711195284457943e+00
4.760000000000000342e-03	-4.484555535122187186e-01	-3.491415541530698885e+00
4.780000000000000394e-03	-4.336984842925418748e-01	-3.506232926515661319e+00
4.800000000000000447e-03	-4.558340881220571683e-01	-3.513641619008142758e+00
4.820000000000000499e-03	-4.484555535122187186e-01	-3.528459003993105636e+00
4.840000000000000552e-03	-4.521448208171379712e-01	-3.535867696485586631e+00
4.860000000000000604e-03	-4.336984842925418748e-01	-3.539572042731827572e+00
4.880000000000000657e-03	-4.300092169876226778e-01	-3.532163350239346133e+00
4.900000000000000709e-03	-4.226306823777842281e-01	-3.539572042731827572e+00
4.920000000000000762e-03	-4.263199496827034807e-01	-3.543276388978068070e+00
4.940000000000000814e-03	-4.115628804630266369e-01	-3.539572042731827572e+00
4.959999999999999999e-03	-4.115628804630266369e-01	-3.558093773963030948e+00
4.980000000000000052e-03	-4.041843458531881872e-01	-3.543276388978068070e+00
5.000000000000000104e-03	-3.931165439384305405e-01	-3.554389427716790006e+00
5.020000000000000157e-03	-4.152521477679458339e-01	-3.565502466455512387e+00
5.040000000000000209e-03	-4.041843458531881872e-01	-3.576615505194234323e+00
5.060000000000000261e-03	-3.894272766335113434e-01	-3.580319851440474821e+00
5.080000000000000314e-03	-3.783594747187536966e-01	-3.572911158947993382e+00
5.100000000000000366e-03	-3.894272766335113434e-01	-3.598841582671678196e+00
5.120000000000000419e-03	-3.672916728039960499e-01	-3.558093773963030948e+00
5.140000000000000471e-03	-3.488453362794000090e-01	-3.558093773963030948e+00
5.160000000000000524e-03	-3.414668016695615593e-01	-3.539572042731827572e+00
5.180000000000000576e-03	-3.119526632302078717e-01	-3.528459003993105636e+00
5.200000000000000629e-03	-2.971955940105310279e-01	-3.502528580269420821e+00
5.220000000000000681e-03	-2.824385247908541841e-01	-3.498824234023179880e+00
5.240000000000000734e-03	-2.492351190465812993e-01	-3.472893810299495509e+00
5.260000000000000786e-03	-2.160317133023083591e-01	-3.469189464053254568e+00
5.280000000000000838e-03	-1.828283075580354466e-01	-3.421032962852125880e+00
5.300000000000000024e-03	-1.459356345088433371e-01	-3.380285154143478632e+00
5.320000000000000076e-03	-8.321809032521672311e-02	-3.332128652942349500e+00
5.340000000000000129e-03	-4.632541727602459969e-02	-3.295085190479942749e+00
5.360000000000000181e-03	2.745992882235964369e-02	-3.224702611801370189e+00
5.380000000000000233e-03	1.012452749207438940e-01	-3.139502648137834750e+00
5.400000000000000286e-03	1.824091556289665628e-01	-3.058007030720539809e+00
5.420000000000000338e-03	2.746408382519468505e-01	-2.972807067057004371e+00
5.440000000000000391e-03	3.558047189601695193e-01	-2.846859294684821240e+00
5.460000000000000443e-03	4.959968765470996188e-01	-2.713502829820157114e+00
5.480000000000000496e-03	6.177426976094335664e-01	-2.576442018709252046e+00
5.500000000000000548e-03	7.062851129274947404e-01	-2.469015977568272291e+00
5.520000000000000601e-03	8.058953301603134500e-01	-2.361589936427292979e+00
5.540000000000000653e-03	9.202626166128090590e-01	-2.235642164055109848e+00
5.560000000000000706e-03	1.001426497321031839e+00	-2.113398737929167659e+00
5.580000000000000758e-03	1.097347447248931296e+00	-2.024494428019391279e+00
5.600000000000000810e-03	1.167443526042396318e+00	-1.902251001893449311e+00
5.620000000000000863e-03	1.226471802921103693e+00	-1.820755384476154370e+00
5.640000000000000048e-03	1.307635683629326362e+00	-1.713329343335174837e+00
5.660000000000000100e-03	1.362974693203114374e+00	-1.617016340932917240e+00
5.680000000000000153e-03	1.436760039301498759e+00	-1.524407684776900362e+00
5.700000000000000205e-03	1.492099048875286993e+00	-1.450320759852086860e+00
5.720000000000000258e-03	1.540059523839236721e+00	-1.376233834927273358e+00
5.740000000000000310e-03	1.580641464193347945e+00	-1.268807793786293825e+00
5.760000000000000363e-03	1.621223404547459390e+00	-1.224355638831405635e+00
5.780000000000000415e-03	1.650737542986812967e+00	-1.142860021414110916e+00
5.800000000000000468e-03	1.676562414121247624e+00	-1.057660057750575255e+00
5.820000000000000520e-03	1.720833621780277989e+00	-9.983905178107246314e-01
5.840000000000000573e-03	1.731901423695035636e+00	-9.020775154084670344e-01
5.860000000000000625e-03	1.750347760219631787e+00	-8.391036292223755799e-01
5.880000000000000678e-03	1.790929700573743011e+00	-7.946514742674873899e-01
5.900000000000000730e-03	1.798308235183581516e+00	-7.131558568501925599e-01
5.920000000000000782e-03	1.816754571708177668e+00	-6.538863169103418249e-01
5.940000000000000835e-03	1.798308235183581516e+00	-5.909124307242503704e-01
5.960000000000000887e-03	1.831511640927854456e+00	-5.353472370306402439e-01
5.980000000000000072e-03	1.827822373622935315e+00	-4.797820433370300619e-01
6.000000000000000125e-03	1.820443839013096810e+00	-4.168081571509386074e-01
6.020000000000000177e-03	1.838890175537692961e+00	-3.612429634573284809e-01
6.040000000000000230e-03	1.816754571708177668e+00	-3.056777697637183544e-01
6.060000000000000282e-03	1.835200908232773598e+00	-2.723386535475522674e-01
6.080000000000000335e-03	1.820443839013096810e+00	-1.871386898840167734e-01
6.100000000000000387e-03	1.835200908232773598e+00	-1.500952274216100224e-01
6.120000000000000440e-03	1.831511640927854456e+00	-1.056430724667219295e-01
6.140000000000000492e-03	1.831511640927854456e+00	-3.896484003438977634e-02
6.160000000000000545e-03	1.820443839013096810e+00	2.030469990546102110e-02
6.180000000000000597e-03	1.831511640927854456e+00	5.734816236786776517e-02
6.200000000000000649e-03	1.809376037098339163e+00	1.018003173227558650e-01
6.220000000000000702e-03	1.813065304403258304e+00	1.499568185238846496e-01
6.240000000000000754e-03	1.813065304403258304e+00	1.981133197250134204e-01
6.260000000000000807e-03	1.816754571708177668e+00	2.240437434486981239e-01
6.280000000000000859e-03	1.798308235183581516e+00	2.944263221272709341e-01
6.300000000000000912e-03	1.783551165963904728e+00	3.129480533584743096e-01
6.320000000000000097e-03	1.787240433268823869e+00	3.574002083133624441e-01
6.340000000000000149e-03	1.779861898658985364e+00	3.870349782832878116e-01
6.360000000000000202e-03	1.754037027524550929e+00	4.537132107156199856e-01
6.380000000000000254e-03	1.765104829439308576e+00	4.759392881930640251e-01
6.400000000000000307e-03	1.757726294829470293e+00	5.315044818866740961e-01
6.420000000000000359e-03	1.735590690999954999e+00	5.685479443490808471e-01
6.440000000000000412e-03	1.754037027524550929e+00	6.092957530577283176e-01
6.460000000000000464e-03	1.724522889085197352e+00	6.611566005050977246e-01
6.480000000000000517e-03	1.720833621780277989e+00	6.907913704750231476e-01
6.500000000000000569e-03	1.706076552560601201e+00	7.241304866911892901e-01
6.520000000000000621e-03	1.698698017950762695e+00	7.574696029073553216e-01
6.540000000000000674e-03	1.691319483340924412e+00	7.796956803847994166e-01
6.560000000000000726e-03	1.691319483340924412e+00	8.204434890934467761e-01
6.580000000000000779e-03	1.676562414121247624e+00	8.537826053096128076e-01
6.600000000000000831e-03	1.665494612206489977e+00	8.760086827870569026e-01
6.620000000000000884e-03	1.658116077596651472e+00	9.278695302344263096e-01
6.640000000000000936e-03	1.661805344901570614e+00	9.575043002043517326e-01
6.660000000000000121e-03	1.628601939157297673e+00	9.834347239280364361e-01
6.680000000000000174e-03	1.635980473767136179e+00	1.031591225129165235e+00
6.700000000000000226e-03	1.635980473767136179e+00	1.061225995099090547e+00
6.720000000000000279e-03	1.624912671852378532e+00	1.094565111315256800e+00
6.740000000000000331e-03	1.628601939157297673e+00	1.120495535038941393e+00
6.760000000000000384e-03	1.602777068022863238e+00	1.150130305008866927e+00
6.780000000000000436e-03	1.610155602632701743e+00	1.176060728732551519e+00
6.800000000000000488e-03	1.591709266108105592e+00	1.209399844948717551e+00
6.820000000000000541e-03	1.591709266108105592e+00	1.224217229933680429e+00
6.840000000000000593e-03	1.558505860363832651e+00	1.253851999903605741e+00
6.860000000000000646e-03	1.576952196888428803e+00	1.294599808612253211e+00
6.880000000000000698e-03	1.562195127668752015e+00	1.327938924828419243e+00
6.900000000000000751e-03	1.543748791144155863e+00	1.350165002305863338e+00
6.920000000000000803e-03	1.551127325753994368e+00	1.372391079783307433e+00
6.940000000000000856e-03	1.540059523839236721e+00	1.402025849753232745e+00
6.960000000000000908e-03	1.551127325753994368e+00	1.446478004708120935e+00
6.980000000000000961e-03	1.521613187314640570e+00	1.439069312215639496e+00
7.000000000000000146e-03	1.525302454619559711e+00	1.476112774678046247e+00
7.020000000000000198e-03	1.510545385399882923e+00	1.516860583386693717e+00
7.040000000000000251e-03	1.510545385399882923e+00	1.531677968371656373e+00
7.060000000000000303e-03	1.499477583485125276e+00	1.561312738341581685e+00
7.080000000000000356e-03	1.492099048875286993e+00	1.579834469572785061e+00
7.100000000000000408e-03	1.492099048875286993e+00	1.594651854557747717e+00
7.120000000000000460e-03	1.466274177740852336e+00	1.605764893296469875e+00
7.140000000000000513e-03	1.440449306606417901e+00	1.642808355758876626e+00
7.160000000000000565e-03	1.451517108521175548e+00	1.672443125728801938e+00
7.180000000000000618e-03	1.433070771996579618e+00	1.687260510713764594e+00
7.200000000000000670e-03	1.425692237386741112e+00	1.716895280683690128e+00
7.220000000000000723e-03	1.425692237386741112e+00	1.735417011914893504e+00
7.240000000000000775e-03	1.429381504691660254e+00	1.757643089392337599e+00
7.260000000000000828e-03	1.429381504691660254e+00	1.776164820623540974e+00
7.280000000000000880e-03	1.407245900862144961e+00	1.802095244347225567e+00
7.300000000000000933e-03	1.385110297032629667e+00	1.820616975578428942e+00
7.320000000000000985e-03	1.396178098947387314e+00	1.842843053055873037e+00
7.340000000000000170e-03	1.377731762422791384e+00	1.872477823025798349e+00
7.360000000000000223e-03	1.377731762422791384e+00	1.883590861764520508e+00
7.380000000000000275e-03	1.362974693203114374e+00	1.898408246749483164e+00
7.400000000000000328e-03	1.362974693203114374e+00	1.894703900503242444e+00
7.420000000000000380e-03	1.355596158593276090e+00	1.928043016719408476e+00
7.440000000000000432e-03	1.340839089373599302e+00	1.950269094196852571e+00
7.460000000000000485e-03	1.333460554763760797e+00	1.968790825428055946e+00
7.480000000000000537e-03	1.333460554763760797e+00	1.987312556659259322e+00
7.500000000000000590e-03	1.300257149019487857e+00	2.009538634136703195e+00
7.520000000000000642e-03	1.318703485544084009e+00	2.028060365367906570e+00
7.540000000000000695e-03	1.315014218239164645e+00	2.046582096599109946e+00
7.560000000000000747e-03	1.303946416324406998e+00	2.057695135337832326e+00
7.580000000000000800e-03	1.270743010580134280e+00	2.072512520322794760e+00
7.600000000000000852e-03	1.267053743275214917e+00	2.116964675277682950e+00
7.620000000000000905e-03	1.278121545189972563e+00	2.116964675277682950e+00
7.640000000000000957e-03	1.259675208665376633e+00	2.120669021523923448e+00
7.660000000000001009e-03	1.244918139445699623e+00	2.139190752755126823e+00
7.680000000000001062e-03	1.241228872140780481e+00	2.198460292694977891e+00
7.700000000000000247e-03	1.222782535616184330e+00	2.168825522725052579e+00
7.720000000000000299e-03	1.219093268311265188e+00	2.205868985187459330e+00
7.740000000000000352e-03	1.211714733701426683e+00	2.228095062664903203e+00
7.760000000000000404e-03	1.200646931786669036e+00	2.235503755157384642e+00
7.780000000000000457e-03	1.230161070226022835e+00	2.265138525127309954e+00
7.800000000000000509e-03	1.200646931786669036e+00	2.268842871373550452e+00
7.820000000000000562e-03	1.185889862566992248e+00	2.276251563866031891e+00
7.840000000000001482e-03	1.178511327957153965e+00	2.305886333835957203e+00
7.860000000000000667e-03	1.148997189517800166e+00	2.324408065067160578e+00
7.879999999999999852e-03	1.152686456822719308e+00	2.328112411313401520e+00
7.900000000000000772e-03	1.145307922212881024e+00	2.342929796298363954e+00
7.919999999999999957e-03	1.119483051078446367e+00	2.350338488790845393e+00
7.940000000000000877e-03	1.130550852993204014e+00	2.372564566268289710e+00
7.960000000000000062e-03	1.130550852993204014e+00	2.394790643745733583e+00
7.980000000000000981e-03	1.112104516468608084e+00	2.417016721223177456e+00
8.000000000000000167e-03	1.108415249163688943e+00	2.428129759961899836e+00
8.020000000000001086e-03	1.089968912639092791e+00	2.431834106208140334e+00
8.040000000000000271e-03	1.093658179944011932e+00	2.454060183685584207e+00
8.060000000000001191e-03	1.089968912639092791e+00	2.472581914916787582e+00
8.080000000000000376e-03	1.064144041504658356e+00	2.487399299901750460e+00
8.100000000000001296e-03	1.060454774199738992e+00	2.494807992394231899e+00
8.120000000000000481e-03	1.064144041504658356e+00	2.509625377379194333e+00
8.140000000000001401e-03	1.064144041504658356e+00	2.517034069871675772e+00
8.160000000000000586e-03	1.049386972284981345e+00	2.535555801102879148e+00
8.180000000000001506e-03	1.034629903065304557e+00	2.535555801102879148e+00
8.200000000000000691e-03	1.012494299235789263e+00	2.557781878580323465e+00
8.219999999999999876e-03	1.034629903065304557e+00	2.568894917319045401e+00
8.240000000000000796e-03	1.012494299235789263e+00	2.580007956057767338e+00
8.259999999999999981e-03	9.940479627111932226e-01	2.583712302304007835e+00
8.280000000000000901e-03	1.005115764625950980e+00	2.580007956057767338e+00
8.300000000000000086e-03	9.792908934915164343e-01	2.617051418520174089e+00
8.320000000000001006e-03	9.903586954062740810e-01	2.628164457258896025e+00
8.340000000000000191e-03	9.571552896620011408e-01	2.657799227228821337e+00
8.360000000000001111e-03	9.792908934915164343e-01	2.654094880982580840e+00
8.380000000000000296e-03	9.719123588816779291e-01	2.668912265967543718e+00
8.400000000000001216e-03	9.460874877472434941e-01	2.672616612213784215e+00
8.420000000000000401e-03	9.350196858324858473e-01	2.702251382183709527e+00
8.440000000000001321e-03	9.350196858324858473e-01	2.698547035937469030e+00
8.460000000000000506e-03	9.387089531374050999e-01	2.713364420922431464e+00
8.480000000000001426e-03	9.313304185275665947e-01	2.739294844646116278e+00
8.500000000000000611e-03	9.128840820029705538e-01	2.750407883384838215e+00
8.520000000000001530e-03	9.202626166128090590e-01	2.750407883384838215e+00
8.540000000000000716e-03	9.091948146980514123e-01	2.768929614616041590e+00
8.559999999999999901e-03	8.981270127832937655e-01	2.776338307108523029e+00
8.580000000000000820e-03	8.870592108685361188e-01	2.772633960862282532e+00
8.600000000000000006e-03	8.907484781734552604e-01	2.791155692093485907e+00
8.620000000000000925e-03	8.796806762586977246e-01	2.809677423324689283e+00
8.640000000000000110e-03	8.796806762586977246e-01	2.802268730832207844e+00
8.660000000000001030e-03	8.649236070390208253e-01	2.813381769570929780e+00
8.680000000000000215e-03	8.759914089537784720e-01	2.839312193294614595e+00
8.700000000000001135e-03	8.317202012947478851e-01	2.843016539540855092e+00
8.720000000000000320e-03	8.427880032095055318e-01	2.861538270772058468e+00
8.740000000000001240e-03	8.354094685996671377e-01	2.880060002003261843e+00
8.760000000000000425e-03	8.464772705144247844e-01	2.894877386988224721e+00
8.780000000000001345e-03	8.206523993799902383e-01	2.887468694495743282e+00
8.800000000000000530e-03	8.243416666849094909e-01	2.902286079480706160e+00
8.820000000000001450e-03	8.095845974652325916e-01	2.928216503204390975e+00
8.840000000000000635e-03	8.095845974652325916e-01	2.935625195696871970e+00
8.860000000000001555e-03	8.206523993799902383e-01	2.943033888189353409e+00
8.880000000000000740e-03	7.874489936357174091e-01	2.950442580681834848e+00
8.899999999999999925e-03	7.800704590258789040e-01	2.961555619420556784e+00
8.920000000000000845e-03	7.616241225012828631e-01	2.980077350651760160e+00
8.940000000000000030e-03	7.763811917209597624e-01	2.968964311913038223e+00
8.960000000000000950e-03	7.726919244160405098e-01	2.980077350651760160e+00
8.980000000000000135e-03	7.690026571111212572e-01	3.002303428129204477e+00
9.000000000000001055e-03	7.763811917209597624e-01	2.998599081882963535e+00
9.020000000000000240e-03	7.468670532816060748e-01	3.020825159360407852e+00
9.040000000000001160e-03	7.505563205865252163e-01	3.020825159360407852e+00
9.060000000000000345e-03	7.431777859766868222e-01	3.031938198099129789e+00
9.080000000000001265e-03	7.542455878914444689e-01	3.039346890591611228e+00
9.100000000000000450e-03	7.579348551963637215e-01	3.043051236837851725e+00
9.120000000000001369e-03	7.357992513668484280e-01	3.068981660561536540e+00
9.140000000000000555e-03	7.247314494520907813e-01	3.068981660561536540e+00
9.160000000000001474e-03	7.247314494520907813e-01	3.087503391792739915e+00
9.180000000000000659e-03	7.062851129274947404e-01	3.080094699300258476e+00
9.200000000000001579e-03	7.025958456225754878e-01	3.109729469270183788e+00
9.220000000000000764e-03	6.952173110127370936e-01	3.113433815516424730e+00
9.239999999999999949e-03	6.952173110127370936e-01	3.102320776777702349e+00
9.260000000000000869e-03	7.025958456225754878e-01	3.128251200501387164e+00
9.280000000000000054e-03	6.952173110127370936e-01	3.131955546747628105e+00
9.300000000000000974e-03	6.841495090979794469e-01	3.120842508008905725e+00
9.320000000000000159e-03	6.841495090979794469e-01	3.135659892993868603e+00
9.340000000000001079e-03	6.583246379635449008e-01	3.172703355456275354e+00
9.360000000000000264e-03	6.878387764028985885e-01	3.154181624225071978e+00
9.380000000000001184e-03	6.324997668291104658e-01	3.191225086687478729e+00
9.400000000000000369e-03	6.435675687438681125e-01	3.194929432933719227e+00
9.420000000000001289e-03	6.435675687438681125e-01	3.209746817918682105e+00
9.440000000000000474e-03	6.398783014389488599e-01	3.191225086687478729e+00
9.460000000000001394e-03	6.583246379635449008e-01	3.202338125426200666e+00
9.480000000000000579e-03	6.472568360487872541e-01	3.213451164164922602e+00
9.500000000000001499e-03	6.509461033537065067e-01	3.235677241642366919e+00
9.520000000000000684e-03	6.398783014389488599e-01	3.231972895396125978e+00
9.540000000000001604e-03	6.324997668291104658e-01	3.254198972873570295e+00
9.560000000000000789e-03	6.398783014389488599e-01	3.239381587888607417e+00
9.579999999999999974e-03	5.992963610848375255e-01	3.257903319119810792e+00
9.600000000000000894e-03	6.066748956946759197e-01	3.250494626627329353e+00
9.620000000000000079e-03	6.103641629995951723e-01	3.261607665366051290e+00
9.640000000000000999e-03	5.845392918651607372e-01	3.276425050351014168e+00
9.660000000000000184e-03	5.992963610848375255e-01	3.294946781582217543e+00
9.680000000000001104e-03	5.956070937799183840e-01	3.298651127828458041e+00
9.700000000000000289e-03	5.734714899504030905e-01	3.309764166567180421e+00
9.720000000000001208e-03	5.660929553405645853e-01	3.309764166567180421e+00
9.740000000000000394e-03	5.734714899504030905e-01	3.317172859059661416e+00
9.760000000000001313e-03	5.587144207307261912e-01	3.331990244044624294e+00
9.780000000000000498e-03	5.808500245602414847e-01	3.320877205305902358e+00
9.800000000000001418e-03	5.550251534258070496e-01	3.317172859059661416e+00
9.820000000000000603e-03	5.513358861208877970e-01	3.354216321522068167e+00
9.840000000000001523e-03	5.660929553405645853e-01	3.331990244044624294e+00
9.860000000000000708e-03	5.734714899504030905e-01	3.372738052753271543e+00
9.880000000000001628e-03	5.513358861208877970e-01	3.357920667768309109e+00
9.900000000000000813e-03	5.365788169012108977e-01	3.354216321522068167e+00
9.919999999999999998e-03	5.218217476815341094e-01	3.383851091491993923e+00
9.940000000000000918e-03	5.218217476815341094e-01	3.387555437738234421e+00
9.960000000000000103e-03	5.144432130716957152e-01	3.387555437738234421e+00
9.980000000000001023e-03	5.328895495962917561e-01	3.391259783984474918e+00
