-5.122511137916964906e-03 -1.741758920757723690e-03
2.092152439086915339e-02 -3.219636487338252656e-04
4.360503920626352531e-02 -5.023611656498028991e-04
6.913769114822918005e-02 -1.564702098599448764e-03
9.346493892126082892e-02 -1.598109046176481810e-03
1.191071730604022633e-01 -9.834212107590768054e-04
1.429230372466133991e-01 -2.186071323532261246e-03
1.681634699961102319e-01 -1.036872326882329462e-03
1.953763822947716666e-01 -2.643746505337611803e-03
2.209090342367374116e-01 -2.760670821857226162e-03
2.414739599067325382e-01 -2.105894649347381936e-03
2.696365845809178263e-01 -2.156005070712931071e-03
2.935620309643048320e-01 -2.617020947275985367e-03
3.188024637138015538e-01 -3.271797119785831327e-03
3.447003896463532446e-01 -4.127014977757873827e-03
3.699408223958500774e-01 -2.914342780711577739e-03
3.941584879717059953e-01 -3.913210513264862335e-03
4.212618180731915740e-01 -4.858627129694893625e-03
4.449315726631682399e-01 -4.471106537801312897e-03
4.702450602107822175e-01 -5.319643006257948788e-03
4.948279997772242478e-01 -5.065750204672496773e-03
5.232828436438783370e-01 -4.975551446214508851e-03
5.476831462150272278e-01 -4.561305296259300819e-03
5.705858254247730965e-01 -5.613624144935837855e-03
5.949130731978048425e-01 -5.085794373218717468e-03
6.205918347360048770e-01 -5.981100568283197021e-03
6.429100755608131434e-01 -5.767296103790187263e-03
6.697577138688888265e-01 -7.060144975021363095e-03
6.962400781863781196e-01 -7.514479462069010782e-03
7.223571685132813558e-01 -7.183750681056384063e-03
7.476706560608954444e-01 -7.808460600746901584e-03
7.715230476461650833e-01 -7.073507754052177181e-03
7.954850214286106613e-01 -7.547886409646041225e-03
8.222596049385688666e-01 -8.055672012816943520e-03
8.458197773313698153e-01 -8.042309233786130301e-03
8.711332648789840150e-01 -9.014451408277786293e-03
8.942551084830812069e-01 -9.726019391668588865e-03
9.191302672419919828e-01 -8.510006499864589471e-03
9.461605425453608609e-01 -1.037411417466302908e-02
9.712913930976814214e-01 -1.093201019919947531e-02
9.959839148612994464e-01 -1.051108265972886154e-02
1.019471032455983028e+00 -1.129280523303143394e-02
1.044200081618659404e+00 -1.027055263717422361e-02
1.070938137729559037e+00 -1.054114891254819344e-02
1.098443269220689578e+00 -1.128278314875832099e-02
1.119738742871856596e+00 -1.248543326153150543e-02
1.147937894945100457e+00 -1.163355609831717014e-02
1.170621409760494780e+00 -1.142643302333956612e-02
1.193743253364592638e+00 -1.319031985540689705e-02
1.222161569832188155e+00 -1.243866353492366177e-02
1.246488817605220012e+00 -1.292306427479063789e-02
1.272532853134005659e+00 -1.316693499210297609e-02
1.296348717320217281e+00 -1.432281537826831340e-02
1.323488574820761432e+00 -1.380500769082430509e-02
1.347194856809796670e+00 -1.357784044730047865e-02
1.370864611399772892e+00 -1.460677443267309125e-02
1.397675722308790558e+00 -1.436624441011845332e-02
1.422550881067700779e+00 -1.480053472861988378e-02
1.446878128840732414e+00 -1.637400195949813286e-02
1.470328719036357645e+00 -1.549205854346446393e-02
1.494509857213154991e+00 -1.656108086592951792e-02
1.520773057136292739e+00 -1.580942454544627743e-02
1.544844613115914145e+00 -1.741295802914386015e-02
1.570121573264469106e+00 -1.810782253874614403e-02
1.594120074445974256e+00 -1.757665207227132251e-02
1.620638966162521788e+00 -1.741963941865926763e-02
1.644272193353439437e+00 -1.871916967940584486e-02
1.669914427492581233e+00 -1.813120740205006673e-02
1.694387784861846935e+00 -1.904655776566076611e-02
1.719335998418875411e+00 -1.964788282204735920e-02
1.746220164126009555e+00 -1.949421086319300805e-02
1.770876158490568564e+00 -1.932383543055013822e-02
1.796080063841006380e+00 -1.939733071521961005e-02
1.820663003407448466e+00 -1.977482922284008390e-02
1.844624977189894155e+00 -2.124807561098723124e-02
1.869354026352570530e+00 -2.155207883393823673e-02
1.895690281073824979e+00 -2.193291803631641432e-02
1.921369042612026234e+00 -2.103761184125192002e-02
1.947486132938928582e+00 -2.159216717103067465e-02
1.970571449143967868e+00 -2.238391182860635653e-02
1.996323265480285380e+00 -2.233714210199850767e-02
2.021125369441078234e+00 -2.238057113384864585e-02
2.047826898152919739e+00 -2.239727460763716801e-02
2.071167906151368587e+00 -2.283824631565400248e-02
2.096079592309338047e+00 -2.345627484582911079e-02
2.120224203087076820e+00 -2.458877036869052540e-02
2.145829909827159820e+00 -2.348968179340614124e-02
2.172969767327703750e+00 -2.401751156512326249e-02
2.195141898556277837e+00 -2.422129394534316971e-02
2.220236221709539937e+00 -2.567115547018639782e-02
2.244599996881630588e+00 -2.622571079996512816e-02
2.269694320034893131e+00 -2.642949318018503191e-02
2.295153917178741398e+00 -2.623239218948054258e-02
2.320869206115999894e+00 -2.664329764467804687e-02
2.345013816893738667e+00 -2.648294429630829172e-02
2.375221975915205341e+00 -2.637604206406178250e-02
2.395238990599321660e+00 -2.680365099304780202e-02
2.422963286484804080e+00 -2.675688126643995315e-02
2.445500691703963447e+00 -2.857087851987284363e-02
2.474211227364028431e+00 -2.842722864529160717e-02
2.497734872357770364e+00 -2.852410879326499477e-02
