-6.547079701202601978e-03 -6.526924297464509542e-04
2.019097640969703608e-02 -7.762981357814726811e-04
4.506613516860775992e-02 -1.243995401859933261e-03
7.034309531716316510e-02 -1.180522201463570908e-03
9.401284990713992817e-02 -2.025717975162502626e-03
1.190706456613436492e-01 -1.741758920757723690e-03
1.461739757628293113e-01 -6.493517349887476496e-04
1.703916413386851458e-01 -9.433328736666372590e-04
1.949745809051270373e-01 -2.383172314236755782e-03
2.205437602461512436e-01 -2.363128145690535521e-03
2.422410352869633632e-01 -2.530162883575700315e-03
2.708785161489104532e-01 -1.691648499392173904e-03
2.942195241473596901e-01 -2.623702336791392409e-03
3.193503746996806392e-01 -1.998992417100876624e-03
3.473668897776315267e-01 -2.386513008994458653e-03
3.705252607807877907e-01 -3.699406048771852144e-03
3.966058237086324545e-01 -3.368677267759226726e-03
4.214809824675432859e-01 -3.746175775379697107e-03
4.478902919869154342e-01 -3.021245012958083485e-03
4.704276972060752460e-01 -3.037948486746600441e-03
4.958142395518065348e-01 -4.187147483396531575e-03
5.212373092965963961e-01 -4.638141275686476390e-03
5.469160708347965416e-01 -4.638141275686477258e-03
5.722295583824105192e-01 -3.826352449564576850e-03
5.943651622119257016e-01 -5.065750204672498508e-03
6.228930608766971577e-01 -5.603602060662728375e-03
6.466723976638495408e-01 -4.678229612778916045e-03
6.717301934180535117e-01 -5.904264588856023184e-03
6.984317221298943501e-01 -5.092475762734124077e-03
7.179008258281311949e-01 -4.962188667183695633e-03
7.486203684364189925e-01 -6.164838779956882675e-03
7.715595750452236556e-01 -5.446589407050672627e-03
7.962520968088412365e-01 -6.659261604096967414e-03
8.199583787978765859e-01 -6.381983939207594436e-03
8.466964349087764408e-01 -6.208267811807022599e-03
8.712063196771009377e-01 -6.508930340000321745e-03
8.953874578538980611e-01 -7.040100806475144135e-03
9.205913632043365435e-01 -6.675965077885484371e-03
9.455761041604229256e-01 -7.320719166122219984e-03
9.725698520647328982e-01 -7.517820156826713653e-03
9.966779354434127658e-01 -7.601337525769298435e-03
1.022721970972199079e+00 -8.055672012816945254e-03
1.047377965336758310e+00 -8.677041237749755567e-03
1.071266884321086410e+00 -8.322927593433204416e-03
1.095265385502590672e+00 -9.128035030039697781e-03
1.119811797669974185e+00 -9.472126590083139452e-03
1.147243874362986915e+00 -9.685931054576149210e-03
1.168429765816978438e+00 -1.017033179444312534e-02
1.197943904256332015e+00 -9.746063560214809560e-03
1.221832823240660781e+00 -1.056453377585211441e-02
1.249593646525201107e+00 -1.039415834320924804e-02
1.272131051744360919e+00 -1.100884617862665261e-02
1.296348717320216837e+00 -1.120260647457344341e-02
1.322721499440530302e+00 -1.059794072342914659e-02
1.346829582819210502e+00 -1.104559382096138853e-02
1.372289179963058992e+00 -1.150995039228214743e-02
1.396652955135149421e+00 -1.124269481166588654e-02
1.422295189274290772e+00 -1.244534492443906751e-02
1.445964943864266994e+00 -1.273264467360155083e-02
1.471424541008116371e+00 -1.132955287536616985e-02
1.497176357344432995e+00 -1.294310844333685512e-02
1.519165851577713555e+00 -1.228499157606930715e-02
1.545027250111206785e+00 -1.261572035708193561e-02
1.570706011649407152e+00 -1.264578660990126405e-02
1.597115321168779634e+00 -1.359120322633129187e-02
1.621186877148400596e+00 -1.345423474126545595e-02
1.644966213935553201e+00 -1.446646525284955506e-02
1.668818605520823395e+00 -1.414575855611003782e-02
1.694899168448667837e+00 -1.495086599271652945e-02
1.720943203977453928e+00 -1.519807740478657659e-02
1.745891417534481738e+00 -1.523816574187901451e-02
1.770656994096216241e+00 -1.470031388588878205e-02
1.799440584554398592e+00 -1.553548757531460385e-02
1.821320496590503435e+00 -1.608336151557794927e-02
1.845355525171066047e+00 -1.509117517254006911e-02
1.872933711460313511e+00 -1.594639303051211682e-02
1.897735815421107475e+00 -1.600318484139306302e-02
1.922684028978134840e+00 -1.646754141271383060e-02
1.946207673971877661e+00 -1.726596745980491648e-02
1.970754086139260730e+00 -1.721585703843936388e-02
1.998551436822860294e+00 -1.785392973716069462e-02
2.020577458455199427e+00 -1.788733668473772853e-02
2.045744836406579115e+00 -1.700205257394635239e-02
2.072300255522185886e+00 -1.731941857592816936e-02
2.096262229304631131e+00 -1.719247217513544465e-02
2.120224203087076820e+00 -1.863565231046326182e-02
2.146304766014921483e+00 -1.842518854072795406e-02
2.173261986520172329e+00 -1.789401807425313254e-02
2.198465891870610811e+00 -1.957772823213558416e-02
2.221003297089770623e+00 -1.921693319830363247e-02
2.246426366834560984e+00 -1.955434336883166493e-02
2.272433874964288059e+00 -2.008551383530648993e-02
2.296651540540143976e+00 -2.045967164816925657e-02
2.321928500688699160e+00 -1.973140019098994224e-02
2.347168933438196436e+00 -1.976814783332467296e-02
2.374053099145329693e+00 -2.056657388041576925e-02
2.398928257904241690e+00 -2.010221730909500862e-02
2.422524957696100323e+00 -2.128148255856426863e-02
2.448532465825827842e+00 -2.130486742186819132e-02
2.473078877993211577e+00 -2.157546369724215943e-02
2.499707351906935049e+00 -2.191621456252789216e-02
