-3.953634368041571319e-03 -1.849951636679902933e-04
2.041014080404867509e-02 -2.484683640643528361e-04
4.641764893377618717e-02 -6.426703454733409321e-04
7.136586249080413558e-02 -7.094842406274068066e-04
9.624102124971486982e-02 -1.117049001067208338e-03
1.229790773606145027e-01 -8.631561994817581662e-04
1.467584141477670245e-01 -1.634856688511218377e-03
1.718892647000880292e-01 -9.667177369705602825e-04
1.966183138627642657e-01 -9.834212107590768054e-04
2.193748834762758726e-01 -2.002333111858579928e-03
2.464051587796443898e-01 -2.302995640051876472e-03
2.704767147592657683e-01 -2.349765366659722302e-03
2.972147708701654012e-01 -2.289632861021063254e-03
3.249025393565888042e-01 -1.531295151022416152e-03
3.475495267729244997e-01 -2.804099853707370422e-03
3.727534321233626491e-01 -2.082509786043459238e-03
3.967884607039254830e-01 -1.801891426396382305e-03
4.220654208524809992e-01 -3.408765604851665947e-03
4.489130591605564047e-01 -2.560229136395029189e-03
4.699528410183133609e-01 -3.372017962516929163e-03
4.973118629132093349e-01 -2.449986209390821439e-03
5.203241243201311983e-01 -3.191620445600951150e-03
5.474639818206754605e-01 -2.787396379918853032e-03
5.713894282040625772e-01 -3.315226151635973419e-03
5.970316623432039282e-01 -4.130355672515575831e-03
6.220894580974077881e-01 -4.805176013571640752e-03
6.460149044807945717e-01 -3.943276766084191642e-03
6.735930907700423687e-01 -3.792945501987544238e-03
6.970802083647259506e-01 -4.631459886171069781e-03
7.202020519688235867e-01 -3.873122176172423114e-03
7.466478888872544184e-01 -4.407633337404949676e-03
7.718517942376926788e-01 -4.601393633351739607e-03
7.981515215598889990e-01 -4.811857403087047361e-03
8.202871253894040704e-01 -5.035683951853169200e-03
8.481575308711208905e-01 -4.771769065994608573e-03
8.715715936676869946e-01 -4.788472539783124662e-03
8.980539579851763987e-01 -6.315170044053528345e-03
9.239153565186698502e-01 -5.907605283613728657e-03
9.474755289114704659e-01 -6.251696843657164257e-03
9.697572423372202710e-01 -6.265059622687978343e-03
9.974815382227021354e-01 -6.916495100440122300e-03
1.019909361244686563e+00 -7.063485669779065099e-03
1.044638410407362716e+00 -5.767296103790187263e-03
1.070536336339914296e+00 -6.716053414977924026e-03
1.097603139042341525e+00 -7.200454154844901887e-03
1.122551352599369556e+00 -7.140321649206240670e-03
1.145015703020412223e+00 -7.280630829029781197e-03
1.172411252314366381e+00 -7.437643482641835210e-03
1.196628917890222743e+00 -7.427621398368724863e-03
1.222636426019950040e+00 -8.232728834975217361e-03
1.249447536928966818e+00 -7.718261842288911059e-03
1.274249640889760338e+00 -8.389741488587270507e-03
1.296166080324924197e+00 -7.618040999557809320e-03
1.321443040473479158e+00 -8.777262080480853837e-03
1.347267911607914037e+00 -8.827372501846402972e-03
1.373421529333875624e+00 -8.503325110349181995e-03
1.396689482534208215e+00 -8.356334541010240063e-03
1.421856860485587681e+00 -8.793965554269369059e-03
1.445051758887802240e+00 -9.425356863475290586e-03
1.472739527374225421e+00 -9.141397809070510999e-03
1.496920665551022989e+00 -9.111331556251182559e-03
1.522197625699578616e+00 -9.973230803738630801e-03
1.547912914636837112e+00 -9.328476715501894320e-03
1.573226402184450867e+00 -1.028725611096274230e-02
1.598868636323592662e+00 -1.011353998356216873e-02
1.620675493561579916e+00 -1.053112682827507876e-02
1.646536892095073368e+00 -1.030061888999355205e-02
1.672544400224801109e+00 -1.078167893510282617e-02
1.694606949256198813e+00 -1.152999456082836639e-02
1.719920436803813013e+00 -1.069148017664483565e-02
1.745927944933540532e+00 -1.170371068822893476e-02
1.773761823016198225e+00 -1.108902285281152846e-02
1.799257947559105064e+00 -1.152999456082836466e-02
1.821101332196151334e+00 -1.142309232858185891e-02
1.847729806109875472e+00 -1.133623426488157386e-02
1.871034286709266192e+00 -1.260903896756652813e-02
1.897041794838993711e+00 -1.227496949179619594e-02
1.921332515212966774e+00 -1.229835435510012211e-02
1.947011276751166475e+00 -1.296983400139848329e-02
1.971484634120432844e+00 -1.326381514007636889e-02
1.996286738081225920e+00 -1.375155657470104875e-02
2.022148136614719593e+00 -1.320368263443771201e-02
2.046840658378336730e+00 -1.313018734976823844e-02
2.070875686958899564e+00 -1.327383722434948010e-02
2.096481393698982565e+00 -1.384175533315903928e-02
2.121612244251303903e+00 -1.361458808963521804e-02
2.149007793545258505e+00 -1.403217493434812287e-02
2.175270993468395808e+00 -1.455666401130754732e-02
2.198904220659314124e+00 -1.483394167619691596e-02
2.220345803906715876e+00 -1.415578064038314730e-02
2.246499421632678128e+00 -1.460009304315768724e-02
2.271630272184998578e+00 -1.458673026412687576e-02
2.295226971976858099e+00 -1.560230147046867341e-02
2.323206959655750747e+00 -1.539851909024877660e-02
2.348374337607129991e+00 -1.532836450033700504e-02
2.371642290807462583e+00 -1.512792281487480330e-02
2.396700086561666332e+00 -1.542524464831040477e-02
2.421246498729049179e+00 -1.617021957927823259e-02
2.446888732868190974e+00 -1.531166102654848808e-02
2.472092638218628569e+00 -1.530497963703308234e-02
2.496785159982246594e+00 -1.602991039945469987e-02
