-8.122780490014495361e-04 -1.374282497410361922e-03
2.041014080404867162e-02 -1.421052224018207752e-03
4.711166951588969393e-02 -9.433328736666373674e-04
7.034309531716317898e-02 -4.388879652534401665e-04
9.613143905253906940e-02 -1.544657930053229588e-03
1.215910361963874614e-01 -1.254017486133043174e-03
1.474889621289391384e-01 -7.863202200545823780e-04
1.698802577518647161e-01 -1.090323443005581901e-03
1.950111083041855820e-01 -1.514591677233899630e-03
2.204341780489754432e-01 -1.120389695824911208e-03
2.445422614276555051e-01 -1.838639068731119305e-03
2.710246257451448537e-01 -1.107026916794099074e-03
2.952788187200592329e-01 -1.243995401859933694e-03
3.218707652347245207e-01 -1.998992417100877057e-03
3.470746705851626146e-01 -1.631515993753514856e-03
3.726803773252455598e-01 -2.987838065381050873e-03
3.958387483284018238e-01 -2.460008293663930919e-03
4.229420784298875136e-01 -2.246203829170920294e-03
4.481094563812672016e-01 -2.019036585647096885e-03
4.703911698070166736e-01 -2.239522439655513251e-03
4.963621505376855647e-01 -1.945541300977623967e-03
5.219313298787099376e-01 -2.730604569037896421e-03
5.470256530319722588e-01 -2.590295389214358496e-03
5.718277569927658899e-01 -2.593636083972063102e-03
5.969220801460281001e-01 -3.355314488728413508e-03
6.225277868861109898e-01 -2.610339557760579191e-03
6.455035208939741143e-01 -3.178257666570137498e-03
6.740679469578040317e-01 -2.717241790007082769e-03
6.965322973788468097e-01 -3.204983224631764369e-03
7.205307985603510712e-01 -3.308544762120566377e-03
7.454790121173789919e-01 -3.572459647979125703e-03
7.733494175990953678e-01 -3.746175775379697974e-03
7.967634803956616940e-01 -3.859759397141608595e-03
8.234284817084444041e-01 -4.581349464805520647e-03
8.469521267021866695e-01 -4.367545000312510022e-03
8.728135252356797880e-01 -4.431018200708871507e-03
8.963371702294218313e-01 -4.681570307536618049e-03
9.197512330259886015e-01 -4.187147483396532442e-03
9.480964946954669736e-01 -4.701614476082838744e-03
9.732273452477877562e-01 -5.152608268372781825e-03
9.955455860725959116e-01 -4.554623906743894210e-03
1.023415991554312621e+00 -5.319643006257946186e-03
1.046976163947113347e+00 -4.905396856302738154e-03
1.070207589748386701e+00 -5.012299088549244767e-03
1.094571364920477130e+00 -5.246147721588474352e-03
1.120030962064325841e+00 -5.343027869561870619e-03
1.146440271583697879e+00 -5.610283450178134117e-03
1.172520834511542098e+00 -5.459952186081484110e-03
1.196628917890222521e+00 -5.309620921984837573e-03
1.222271152029363650e+00 -6.131431832379847895e-03
1.249118790337439444e+00 -5.626986923966648471e-03
1.271473558561306394e+00 -6.452138529119362531e-03
1.297809813282561509e+00 -6.415390886784626615e-03
1.323159828229234281e+00 -6.228311980353241559e-03
1.345587651251218153e+00 -5.730548461455450479e-03
1.374298186911282027e+00 -6.498908255727208795e-03
1.396945174327618666e+00 -6.525633813788834364e-03
1.421455059095943163e+00 -6.809592868193614819e-03
1.447864368615314534e+00 -6.609151182731417412e-03
1.471716760200585172e+00 -6.629195351277637240e-03
1.498527871109601728e+00 -6.645898825066154196e-03
1.520846111934410327e+00 -7.177069291540976587e-03
1.545538633698027242e+00 -7.721602537046612195e-03
1.572715018597630632e+00 -6.632536046035341845e-03
1.597261430765013701e+00 -7.544545714888339222e-03
1.620931185354990145e+00 -7.126958870175429187e-03
1.646281200301662917e+00 -8.299542730129281717e-03
1.671485105652101621e+00 -8.236069529732919364e-03
1.697383031584652979e+00 -8.626930816384204698e-03
1.721965971151094843e+00 -7.935407001539624555e-03
1.746731547712830013e+00 -8.449873994225930857e-03
1.774273206603018904e+00 -8.028946454755317083e-03
1.795532152855127572e+00 -8.586842479291766778e-03
1.822160626768851266e+00 -8.757217911934633142e-03
1.846597456739058396e+00 -8.860779449423435150e-03
1.871436088098910488e+00 -9.154760588101325952e-03
1.896493883853114459e+00 -8.570139005503249821e-03
1.919360035663802089e+00 -9.057880440127929686e-03
1.946426838366229095e+00 -9.792833286822653222e-03
1.970279229951498623e+00 -9.355202273563522491e-03
1.995263970907585449e+00 -9.699293833606960694e-03
2.019225944690031138e+00 -1.018703526823164229e-02
2.045014288425407223e+00 -1.001665983558877419e-02
2.071934981531599274e+00 -9.211552398982280829e-03
2.096992777285803022e+00 -9.726019391668587130e-03
2.120443367481428254e+00 -9.876350655765236269e-03
2.144843670052577256e+00 -1.010017720453135377e-02
2.173042822125820894e+00 -1.083513005122608078e-02
2.196383830124270631e+00 -1.033068514281288396e-02
2.223267995831404775e+00 -1.080506379840675060e-02
2.246572476430795273e+00 -1.045429084884790145e-02
2.272214710569936624e+00 -1.101552756814205662e-02
2.300012061253536189e+00 -1.079504171413364112e-02
2.321891973289639921e+00 -1.047433501739412388e-02
2.344940762095621523e+00 -1.156006081364769310e-02
2.369852448253590538e+00 -1.143979580237037587e-02
2.400352826467526679e+00 -1.148990622373592674e-02
2.423511197470682887e+00 -1.154669803461687988e-02
2.448459411027710697e+00 -1.145315858140118735e-02
2.472677076603566615e+00 -1.185070125756787843e-02
2.497479180564360135e+00 -1.180059083620233103e-02
