-1.871572621701025028e-03 -1.651560162299734033e-03
2.219998335792036995e-02 -1.120389695824911859e-03
4.758652570365157902e-02 -1.056916495428549072e-03
7.114669809645249310e-02 -1.280743044194669611e-03
9.678893223559398296e-02 -1.447777782079834189e-03
1.215910361963874892e-01 -9.433328736666373674e-04
1.474889621289391384e-01 -8.264085571470221412e-04
1.697341481556302045e-01 -1.491206813929976715e-03
1.969835878533503781e-01 -1.684967109876767295e-03
2.189000272885140153e-01 -1.157137338159647125e-03
2.444692066295383326e-01 -1.337534855075625138e-03
2.712803175385550825e-01 -1.474503340141459975e-03
2.961189488984071749e-01 -1.902112269127481442e-03
3.241719913754166904e-01 -8.865410627856812982e-04
3.461249582096389554e-01 -1.407689444987394317e-03
3.711462265647840764e-01 -1.895430879612075049e-03
3.982860840653283385e-01 -2.229500355382403771e-03
4.225037496411842008e-01 -2.343083977144315259e-03
4.463926686255126342e-01 -2.109235344105085674e-03
4.714139369806576441e-01 -2.503437325514073445e-03
4.943166161904037348e-01 -2.279610776747952906e-03
5.233193710429369094e-01 -2.199434102563074030e-03
5.473909270225583157e-01 -2.219478271109294291e-03
5.732523255560514341e-01 -2.012355196131689842e-03
5.960454225686215857e-01 -2.182730628774557508e-03
6.226373690832869290e-01 -2.586954694456656059e-03
6.480969662271349740e-01 -2.546866357364217272e-03
6.695020220754784868e-01 -2.409897872298381351e-03
6.957286945995573291e-01 -3.118125160931479751e-03
7.233434082878639204e-01 -2.690516231945457200e-03
7.478167656571297339e-01 -2.540184967848809795e-03
7.707559722659343970e-01 -3.268456425028127155e-03
7.979323571655374536e-01 -3.044629876262007050e-03
8.224057145348034892e-01 -3.645954932648598403e-03
8.436281333878534738e-01 -3.211664614147170978e-03
8.725578334422694482e-01 -3.936595376568785901e-03
8.978347935908249644e-01 -3.315226151635972986e-03
9.210296919930399673e-01 -3.823011754806874413e-03
9.455395767613644642e-01 -4.110311503969356003e-03
9.722411054732053026e-01 -3.909869818507158597e-03
9.960934970584753856e-01 -4.130355672515575831e-03
1.019909361244686563e+00 -3.572459647979126570e-03
1.044674937806421511e+00 -3.662658406437115793e-03
1.071778267907907090e+00 -4.110311503969356871e-03
1.093767762141187871e+00 -3.736153691106587627e-03
1.121017201838907962e+00 -5.008958393791541897e-03
1.144906120823236284e+00 -4.213873041458158879e-03
1.170913628952963581e+00 -4.294049715643037321e-03
1.198272650847859611e+00 -4.818538792602453970e-03
1.221065747860430095e+00 -4.143718451546389916e-03
1.248826571144970643e+00 -4.347500831766289327e-03
1.274541860082228917e+00 -4.584690159563223517e-03
1.297554121489151280e+00 -4.584690159563223517e-03
1.324036485806640462e+00 -4.988914225245322069e-03
1.345149322462514618e+00 -5.366412732865793317e-03
1.371777796376238534e+00 -4.882011992998817190e-03
1.397200866121028895e+00 -5.603602060662726640e-03
1.420578401518536538e+00 -5.429885933262155670e-03
1.446805074042615491e+00 -4.962188667183695633e-03
1.470693993026943813e+00 -5.967737789252386404e-03
1.498272179316191499e+00 -5.994463347314011974e-03
1.523585666863805255e+00 -5.406501069958233839e-03
1.545830852890496043e+00 -5.700482208636123774e-03
1.571217395236227610e+00 -5.810725135640331523e-03
1.598539889732065067e+00 -6.041233073921858238e-03
1.622173116922983382e+00 -5.733889156213154217e-03
1.644929686536494629e+00 -6.645898825066153329e-03
1.671996489238922079e+00 -6.345236296872858520e-03
1.697127339791242528e+00 -6.759482446828064817e-03
1.721271950568981302e+00 -6.726075499251033506e-03
1.746000999731657677e+00 -6.415390886784626615e-03
1.771971980462326623e+00 -6.782867310131988382e-03
1.796080063841006602e+00 -7.247223881452746416e-03
1.822379791163202478e+00 -7.240542491937338940e-03
1.847072312926820947e+00 -7.601337525769294098e-03
1.872312745676317336e+00 -7.544545714888338354e-03
1.894777096097360225e+00 -6.903132321409306479e-03
1.923999015344245000e+00 -7.805119905989195243e-03
1.948910701502214016e+00 -7.427621398368723128e-03
1.972909202683718721e+00 -7.370829587487766517e-03
1.997784361442629164e+00 -7.437643482641832608e-03
2.022257718811895533e+00 -8.403104267618085460e-03
2.048849665326560654e+00 -7.728283926562017937e-03
2.069743337588083154e+00 -8.663678458718942349e-03
2.095896955314045407e+00 -7.925384917266513340e-03
2.120479894880487048e+00 -7.574611967707666794e-03
2.148569464756555192e+00 -8.038968539028426563e-03
2.172385328942766147e+00 -8.473258857529851820e-03
2.197881453485673209e+00 -8.139189381759523098e-03
2.222793139643642668e+00 -8.222706750702104411e-03
2.249165921763956355e+00 -8.606886647837985738e-03
2.271885963978409251e+00 -8.737173743388412447e-03
2.298660547488367456e+00 -8.944296818366016463e-03
2.324850692613388059e+00 -8.322927593433204416e-03
2.348118645813720207e+00 -8.680381932507457571e-03
2.373176441567923511e+00 -8.563457615987842345e-03
2.396882723556958972e+00 -9.589050906602752944e-03
2.423584252268800476e+00 -9.371905747352039448e-03
2.445719856098314882e+00 -9.118012945766588301e-03
2.473151932791328722e+00 -9.645842717483709555e-03
2.497296543569067051e+00 -9.338498799775007270e-03
