-5.633894724737449275e-03 -1.611471825207295245e-03
-3.588360377455510064e-03 -1.614812519964998116e-03
-2.456011006638721822e-03 -9.333107893935273453e-04
-1.871572621701025245e-03 -6.593738192618574549e-04
-3.953634368041571319e-03 -1.190544285736680388e-03
-2.565593203814539591e-03 -7.328691039313297217e-04
-4.063216565217389088e-03 -1.521273066749306239e-03
-3.661415175572722489e-03 -1.180522201463570691e-03
-4.282380959569024627e-03 -1.541317235295525849e-03
-5.122511137916964039e-03 -8.731782837548679715e-04
-4.391963156744843264e-03 -7.495725777198466782e-04
-3.661415175572722489e-03 -1.200566370009790952e-03
-3.734469973689932745e-03 -1.187203590978977300e-03
-2.492538405697328468e-03 -8.798596732702745806e-04
-2.492538405697328034e-03 -1.517932371991602934e-03
-6.474024903085388687e-03 -5.190646394383192051e-04
-4.099743964275995300e-03 -1.046894411155438942e-03
-2.967394593459207058e-03 -7.796388305391758772e-04
-3.332668584045268313e-03 -1.340875549833328876e-03
-3.478778180279691861e-03 -1.387645276441174707e-03
-2.894339795341994634e-03 -7.696167462660661804e-04
-4.245853560510418415e-03 -8.832003680279775599e-04
-3.478778180279691861e-03 -1.046894411155439159e-03
-2.309901410404297840e-03 -1.127071085340318034e-03
-6.296410537084190170e-04 -1.401008055471987925e-03
-4.104766593567826111e-04 -8.397713361778350342e-04
1.452420692632125972e-03 -1.444437087322130667e-03
5.616544185313218120e-03 -1.220610538556010346e-03
1.266633220362418759e-02 -1.223951233313713650e-03
1.778016807182903822e-02 -9.466735684243405636e-04
2.252872994944782672e-02 -1.407689444987394751e-03
3.418097024914316245e-02 -1.080301358732472204e-03
4.002535409852012865e-02 -1.130411780098021773e-03
5.083746421986752584e-02 -1.471162645383757104e-03
5.916571120522971794e-02 -8.731782837548678631e-04
7.103711589927669268e-02 -1.123730390582614947e-03
8.203186301591708363e-02 -1.053575800670845768e-03
9.207689775703380153e-02 -2.518090588220560865e-04
1.050075970237803191e-01 -1.190544285736680604e-03
1.179017688914682782e-01 -1.661582246572845031e-03
1.309785777544492102e-01 -1.621493909480405159e-03
1.447494071995436837e-01 -5.925599241077916888e-04
1.559267913114771309e-01 -7.529132724775495491e-04
1.706108057330368022e-01 -1.080301358732471554e-03
1.844546899762485037e-01 -1.220610538556010346e-03
1.965452590646470377e-01 -9.399921789089339544e-04
2.097316501248038534e-01 -1.143774559128834557e-03
2.262420344992938925e-01 -5.424495027422422287e-04
2.385882953811027940e-01 -1.928837827189107661e-03
2.549160427602996659e-01 -1.173840811948164082e-03
2.675910502336359409e-01 -1.070279274459362290e-03
2.844667085987118704e-01 -8.999038418164944080e-04
3.019998601468427690e-01 -7.562539672352528537e-04
3.163916553759335559e-01 -7.930016095699894208e-04
3.330481493466579956e-01 -9.132666208473078431e-04
3.452117732331737021e-01 -6.192854821694179085e-04
3.581424724999203169e-01 -7.996829990853959215e-04
3.746893842734688729e-01 -3.954589334032978035e-04
3.932087755961820585e-01 -8.097050833585058352e-04
4.059568378676356448e-01 -1.070279274459362074e-03
4.206773796882538607e-01 -1.547998624810932458e-03
4.394159354053188693e-01 -5.691750608038684484e-04
4.526753812635928576e-01 -1.648219467542031162e-03
4.677977244738556473e-01 -1.110367611551801728e-03
4.837967252615252289e-01 -7.829795252968791818e-04
5.004897466313081855e-01 -1.053575800670845768e-03
5.174019323954427430e-01 -9.099259260896042133e-04
5.329260769953503285e-01 -8.932224523010877989e-04
5.478292558112616284e-01 -6.359889559579344313e-04
5.634629826083450421e-01 5.887555364434988309e-05
5.777451956402598343e-01 -1.918815742915997531e-03
5.947669636015703309e-01 -1.257358180890747129e-03
6.132863549242835166e-01 -1.451118476837537060e-03
6.268014925759679556e-01 -1.578064877630262200e-03
6.439693701335128528e-01 -1.177181506705867603e-03
6.602605901136512356e-01 -1.300787212740889438e-03
6.769536114834340257e-01 -1.801891426396382738e-03
6.927334478767518400e-01 -9.767398212436701962e-04
7.082941198757179979e-01 -1.337534855075625572e-03
7.230146616963364359e-01 -1.621493909480405810e-03
7.402921214510568282e-01 -5.190646394383193135e-04
7.564737592340196048e-01 -6.059227031386046902e-04
7.752123149510844469e-01 -1.233973317586823781e-03
7.910652061425192949e-01 -6.259668716848246261e-04
8.065893507424267694e-01 -9.566956526974497183e-04
8.253644338585505169e-01 -1.040213021640032766e-03
8.408885784584582135e-01 -7.696167462660667225e-04
8.578372916216511213e-01 -1.080301358732471987e-03
8.728865800337969327e-01 -2.985787854299020252e-04
8.888490534224074979e-01 -1.013487463578406113e-03
9.056151295903078768e-01 -1.010146768820703242e-03
9.196051234297540899e-01 -1.070279274459362074e-03
9.397682477101048093e-01 -8.297492519047253373e-04
9.536851867514335446e-01 -1.220610538556010346e-03
9.725333246656743258e-01 -1.517932371991603585e-03
9.870712294909994577e-01 -7.930016095699890955e-04
1.005992422203357384e+00 -7.963423043276922917e-04
1.021297402408913646e+00 -9.199480103627139102e-04
1.037223348398465639e+00 -1.284083738952372915e-03
1.055194828735299684e+00 -9.867619055167798931e-04
1.072180069297551386e+00 -1.431074308291317449e-03
