-1.211749892302172414e-02 1.320464562506779016e-02
-1.109055144881638394e-02 5.809263876753027050e-02
-1.013695736562571226e-02 1.080582389720364800e-01
-8.669889545332380015e-03 1.595558997867218831e-01
-6.836054769965707774e-03 2.067053071489459715e-01
-8.706566240839713408e-03 2.572668415649418949e-01
-7.239498420546374227e-03 3.059884200511732155e-01
-6.799378074458373514e-03 3.550063980304378197e-01
-7.349528507068373538e-03 4.059278317648656320e-01
-1.013695736562571573e-02 4.606572220847606758e-01
-7.092791638517039789e-03 5.079843396594698746e-01
-5.185603472135701629e-03 5.549508114335034437e-01
-4.048625911408368187e-03 6.042216445736524610e-01
-4.635453039525702472e-03 6.529150562619541187e-01
-3.828565738364367397e-03 7.032465276428411238e-01
-6.432611119385040453e-03 7.573176782974379018e-01
-4.928866603584369614e-03 8.063678540787476701e-01
-2.104761049519696635e-03 8.540976688217940538e-01
-4.085302606915700713e-03 9.037099387516123183e-01
-5.515693731701703031e-03 9.548906473942200268e-01
-2.544881395607697348e-03 1.003240830735467437e+00
-7.110466202410268416e-04 1.048636922942878691e+00
-8.944300977776940224e-04 1.100871850078928516e+00
-2.068084354012363242e-03 1.154206630190852678e+00
-8.577534022703606296e-04 1.200883719404943317e+00
1.636261892228311598e-03 1.250477775168016725e+00
-3.076029696603593041e-04 1.300820443782558566e+00
8.293745910669764144e-04 1.348739763157539073e+00
1.122788155125643882e-03 1.398269721909419117e+00
-1.151166966329028206e-03 1.451864672708215398e+00
1.122788155125643665e-03 1.497624247348827708e+00
2.333119106867646928e-03 1.546858254497020857e+00
2.589855975418980678e-03 1.596497944742525377e+00
2.406472497882313280e-03 1.646541227935059082e+00
3.159008539643088070e-04 1.698345589697739300e+00
3.396743276580316186e-03 1.744357571609890245e+00
4.313660664263650572e-03 1.795455670481661992e+00
4.790457705858985546e-03 1.843889060779540401e+00
3.029976321506981391e-03 1.896459154254413360e+00
3.470096667594982105e-03 1.947266974787549954e+00
3.470096667594982538e-03 1.997419093695016024e+00
3.836863622668316466e-03 2.045670294886947183e+00
5.340608138468985570e-03 2.091250367757689688e+00
8.678187429636328651e-03 2.143397907636544808e+00
6.294202221659656385e-03 2.192098634850834227e+00
7.761270041952992964e-03 2.242756165487171494e+00
7.357826391372323908e-03 2.288891912759126512e+00
6.917706045284324062e-03 2.342150652143959011e+00
7.687916650938326178e-03 2.393139766004350300e+00
8.788217516158325360e-03 2.439817303107786550e+00
1.029196203195899967e-02 2.488977061086272702e+00
9.338367948768326252e-03 2.540703739860925570e+00
1.062205229152499673e-02 2.590083558012455711e+00
1.007190185891499758e-02 2.640164861568535581e+00
1.230918028486233280e-02 2.688152756848172231e+00
9.338367948768329721e-03 2.741385270288906995e+00
1.054869890051033342e-02 2.788062359502998966e+00
1.084211246456900056e-02 2.836898297672765246e+00
7.651239955430990183e-03 2.894186248187698318e+00
1.410633836472167425e-02 2.933098179409196149e+00
1.175902985225233538e-02 2.987825778171707025e+00
1.238253367587700306e-02 3.035564550701676634e+00
1.150229298370100163e-02 3.086925656892846259e+00
1.597684983559567728e-02 3.135890684863691380e+00
1.315274428153100431e-02 3.186273463992061572e+00
1.318942097703833423e-02 3.234343371856739147e+00
1.502325575240500907e-02 3.282771238186013463e+00
1.494990236139034229e-02 3.332704491292025839e+00
1.616023331313234251e-02 3.382486409426097573e+00
1.417969175573633930e-02 3.436153220651422036e+00
1.751727104690367978e-02 3.480849171122320396e+00
1.704047400530834394e-02 3.532427799446906214e+00
1.832415834806501442e-02 3.581478871006908093e+00
1.814077487052834919e-02 3.631887428190028189e+00
1.795739139299167703e-02 3.679373793448459828e+00
1.876427869415301514e-02 3.730326230613343341e+00
1.891098547618234871e-02 3.779491512560433364e+00
2.107491051111501715e-02 3.828283309212255237e+00
1.836083504357234261e-02 3.878848277446571124e+00
2.125829398865168238e-02 3.925993355211783165e+00
2.140500077068102289e-02 3.974318506980524468e+00
2.221188807184236100e-02 4.027243423694571334e+00
2.694318179228837387e-02 4.072372029689123707e+00
2.342221902358436122e-02 4.128236755308810402e+00
2.155170755271035993e-02 4.178213851339867446e+00
2.162506094372502671e-02 4.227087212687385964e+00
2.437581310677503291e-02 4.275474819206384502e+00
2.334886563256969444e-02 4.328114981550400309e+00
2.114826390212968740e-02 4.380650339183598696e+00
2.492596353938503553e-02 4.423956456932885750e+00
2.532940718996569071e-02 4.473266803401069858e+00
2.650306144620036969e-02 4.521624302268303808e+00
2.716324196533237076e-02 4.569983891285820832e+00
2.551279066750236635e-02 4.624635598617688359e+00
2.492596353938502859e-02 4.672160133536114479e+00
2.896040004519170527e-02 4.721273062660579889e+00
2.822686613504503741e-02 4.771099420905493105e+00
2.800680596200103706e-02 4.819681757432132230e+00
3.039079116997770932e-02 4.868764877497731014e+00
2.635635466417103612e-02 4.920978953361839103e+00
3.141773864418304779e-02 4.967603839049754555e+00
