-7.349528507068376140e-03 7.450435434532078766e-03
1.054869890051033168e-02 3.718393639937567219e-02
3.391175393868171156e-02 6.291370569597087847e-02
6.849787780209713739e-02 7.921024872119362958e-02
1.122164988468385693e-01 8.732400694061417945e-02
1.571087741478146282e-01 9.265690534522150190e-02
2.024411697948787503e-01 9.495623807057962384e-02
2.540086036781895595e-01 9.412536147967270894e-02
3.014315709691716694e-01 9.765811587544603878e-02
3.495147187792858046e-01 9.906959378974311559e-02
4.002019119704205430e-01 9.835188251078136323e-02
4.492019771682180251e-01 9.837158684963326349e-02
5.004759974874699591e-01 9.838203480866425377e-02
5.512732207651267480e-01 9.729860164977033321e-02
6.000165490943729640e-01 9.823253604022852414e-02
6.483197570775312002e-01 1.027114196967560122e-01
6.993370405282317570e-01 9.947197421471198897e-02
7.470534213832726866e-01 1.020172944643132906e-01
7.922024335528000671e-01 1.073491477937790206e-01
8.465572962946683599e-01 1.017948901942088424e-01
8.959241284475388811e-01 1.016669919723390825e-01
9.458044343375121565e-01 1.028519899662972970e-01
9.967483643971983831e-01 9.906493209127131827e-02
1.045565046117459040e+00 1.016057734474109520e-01
1.097315863478306452e+00 1.002262393883810443e-01
1.145729101547986684e+00 1.036088531838041948e-01
1.196819738389702126e+00 1.038026846203718989e-01
1.244756179417787045e+00 1.020003486033060902e-01
1.296396966692112906e+00 1.017536118044395366e-01
1.343709903896572078e+00 1.040814099206255339e-01
1.396597698818147215e+00 1.015648983008681228e-01
1.444974260192320337e+00 9.990688032265193641e-02
1.492874024524897481e+00 1.053005912165816405e-01
1.542680977023856315e+00 1.040750794655687095e-01
1.593808290561079088e+00 1.041591794085119371e-01
1.643798626537574137e+00 1.039922157479551412e-01
1.694595849815231814e+00 1.019955976125952457e-01
1.742605644234330731e+00 1.028229357348529049e-01
1.792926070470392430e+00 1.040426695704841364e-01
1.842182872536740845e+00 1.043170206276058387e-01
1.892576652163817430e+00 1.049520174854015053e-01
1.940733153364946117e+00 1.067649981964462480e-01
1.991126932992022258e+00 1.036742003502646448e-01
2.040787178708951988e+00 1.066864640758447003e-01
2.092537996069799178e+00 1.057087314064601991e-01
2.141024587530493850e+00 1.068628752664109172e-01
2.191271660375540442e+00 1.062565377420106039e-01
2.242912447649866525e+00 1.084571366800690662e-01
2.289125083989105747e+00 1.087438793424357897e-01
2.339665570398211436e+00 1.069674706765693095e-01
2.390352763589346008e+00 1.078204375571272244e-01
2.442580377991789398e+00 1.054892502687398981e-01
2.491690473276108708e+00 1.072618218730587714e-01
2.538893380394047217e+00 1.094074308832966302e-01
2.588480272719961395e+00 1.094978012770870812e-01
2.643788729545020644e+00 1.050354839416076658e-01
2.689781305711215875e+00 1.076608759224173539e-01
2.741348739594527295e+00 1.082180404957377995e-01
2.788808383581016237e+00 1.110200976138897566e-01
2.836928208086638037e+00 1.119200426449178387e-01
2.890659567004880692e+00 1.079024738454377186e-01
2.938852744901517156e+00 1.098248874572083089e-01
2.989026464355548640e+00 1.110086910795762272e-01
3.040190454588280300e+00 1.084261415947911367e-01
3.089960730391731136e+00 1.096846422762136619e-01
3.138887442198513789e+00 1.100699191985485825e-01
3.188254274351383977e+00 1.092845277936245196e-01
3.239161527715562983e+00 1.103192358907838511e-01
3.289848720906698887e+00 1.092727780202933374e-01
3.339032169582032417e+00 1.114103250223013042e-01
3.387262024174174879e+00 1.101912330185847999e-01
3.438389337711399207e+00 1.080471616189515593e-01
3.487279372822673196e+00 1.107703413774876466e-01
3.538516716446418187e+00 1.117306510084903337e-01
3.587736841817260824e+00 1.105440553997150133e-01
3.635709959540852410e+00 1.133440223675856728e-01
3.689918115500690377e+00 1.074981427613415086e-01
3.737194376009643548e+00 1.113602409344380817e-01
3.787404772159183253e+00 1.104983609130751887e-01
3.837065017876113426e+00 1.096021929393846683e-01
3.884377955080573042e+00 1.139024706047346847e-01
3.934551674534604082e+00 1.141365618515797209e-01
3.986412521981974155e+00 1.120990867201485663e-01
4.037649865605718702e+00 1.130228689520933472e-01
4.086319840543950477e+00 1.137379375410967342e-01
4.135906732869864655e+00 1.129881777565389100e-01
4.182376106077656530e+00 1.182781290147909559e-01
4.234236953525026159e+00 1.139394277426690749e-01
4.283493755591374352e+00 1.155652925649581775e-01
4.335684693298310854e+00 1.143666039438366866e-01
4.385271585624225033e+00 1.119731112016406627e-01
4.432584522828685536e+00 1.137895257310059804e-01
4.484005249929967185e+00 1.155161642599953353e-01
4.531978367653558770e+00 1.148825557163570821e-01
4.584352688838030154e+00 1.140849220026378674e-01
4.633389430731335246e+00 1.162961209885580161e-01
4.683416443403337404e+00 1.147774942663835063e-01
4.734800493809112609e+00 1.123766859981998323e-01
4.781013130148353163e+00 1.180694837212383774e-01
4.831957060208039501e+00 1.165471245878464401e-01
4.880260268191197071e+00 1.200397684697920297e-01
