-8.633212849825044888e-03 6.652058030948201223e-03
2.584288092706836168e-02 2.068435020388363285e-02
6.930476510325846162e-02 2.748416713233552133e-02
1.157374616155425473e-01 3.061915114257982018e-02
1.640773462942080041e-01 3.528052249795174400e-02
2.141410356617180488e-01 3.317730809439151107e-02
2.665887102372048734e-01 3.289075937459406962e-02
3.129847300539815858e-01 3.434563232459125759e-02
3.658725249755564457e-01 3.325368926811989034e-02
4.127453418339284141e-01 3.521800495110427587e-02
4.621121739867993239e-01 3.567454511417200713e-02
5.131294574375000472e-01 3.575909294646117953e-02
5.661639591411041783e-01 3.192699777479934831e-02
6.131468060859983638e-01 3.736096847900471918e-02
6.632104954535086305e-01 3.617093905190948977e-02
7.140077187311653084e-01 3.457612230619533378e-02
7.631911674064993933e-01 3.565437473550303604e-02
8.116410821716867341e-01 3.735657887778198738e-02
8.658492381315253672e-01 3.304485003199897353e-02
9.105948066504724325e-01 3.888972920922151300e-02
9.631158346169738094e-01 3.706873113606523606e-02
1.012409313378829889e+00 3.500517935698677086e-02
1.063133183265471793e+00 3.560230514768658594e-02
1.112720075591386859e+00 3.532740155088953671e-02
1.162306967917301703e+00 3.541777194467887746e-02
1.213030837803943829e+00 3.415200038338928046e-02
1.263314587344497530e+00 3.504313692394256385e-02
1.315285464878389154e+00 3.457589206268574245e-02
1.361461424522121932e+00 3.800414034054044876e-02
1.413138888491954681e+00 3.414104173842247292e-02
1.464522938897728999e+00 3.429715140434153042e-02
1.513192913835960107e+00 3.442778160840775925e-02
1.562339685815786972e+00 3.634631351251216280e-02
1.610716247189959427e+00 3.837756283921645029e-02
1.664484282803710524e+00 3.348318716588050137e-02
1.713447671306000730e+00 3.591384913904827059e-02
1.760907315292490338e+00 3.681648150615290938e-02
1.812181335611742439e+00 3.551194309907468316e-02
1.862061641501715492e+00 3.673346849209080389e-02
1.912088654173718316e+00 3.481304038027244196e-02
1.961712223195140714e+00 3.632783004089912282e-02
2.013609747338017453e+00 3.608004816689058813e-02
2.061142744715521502e+00 3.497337499287533902e-02
2.111023050605494777e+00 3.641406478024356019e-02
2.164644379437216770e+00 3.729161534396174815e-02
2.212324083596750146e+00 3.713405735967478805e-02
2.262314419573245416e+00 3.634612791512159546e-02
2.311277808075535400e+00 3.709652953159503497e-02
2.360828023705943135e+00 3.934216576629046003e-02
2.411845307156643692e+00 3.613924768330534221e-02
2.464696425382710832e+00 3.402468674964254092e-02
2.510945738417459161e+00 3.756221863177344744e-02
2.561339518044534636e+00 3.746666750839855453e-02
2.608175658207399383e+00 4.041737226241393088e-02
2.661540250170569166e+00 3.632824162930381462e-02
2.711567262842572656e+00 4.039830696309554270e-02
2.759833794130222895e+00 3.892337386952027245e-02
2.809604069933674619e+00 3.758842921778038360e-02
2.860034526256257870e+00 3.793105758665937799e-02
2.908997914758547410e+00 4.226114431087557577e-02
2.960381965164321727e+00 3.825313048411382866e-02
3.009308676971104823e+00 3.717731144410452160e-02
3.059885840075717844e+00 3.598519186672666237e-02
3.111966747696131019e+00 3.504264292836190009e-02
3.159793158637693722e+00 3.766057008673406870e-02
3.209416727659116120e+00 4.140353108993544140e-02
3.259810507286192038e+00 3.710732907481961718e-02
3.310937820823414146e+00 4.007709354339361596e-02
3.359461088979617482e+00 3.885680716808570523e-02
3.409891545302199845e+00 3.700779159344946834e-02
3.457717956243762991e+00 4.068501332452001407e-02
3.506754698137068083e+00 4.245788352173684999e-02
3.557625274805740201e+00 4.239691894358577073e-02
3.608349144692382549e+00 4.058323639641692182e-02
3.659879901880185304e+00 4.051958448218950792e-02
3.708329816645373089e+00 3.929959669978000392e-02
3.759860573833175401e+00 3.857845160249739891e-02
3.808493872075899400e+00 4.144878603240931270e-02
3.859144388571527529e+00 3.835694311108550636e-02
3.908804634288455926e+00 3.873923410444746196e-02
3.957768022790746354e+00 4.000101930774091485e-02
4.009188749892028447e+00 3.997434268191657480e-02
4.058042108307795992e+00 4.035991819715079032e-02
4.105831842553852695e+00 4.173606308397737052e-02
4.159123081126008259e+00 4.075205996374542394e-02
4.207683025977716262e+00 3.953162429199075234e-02
4.256866474653050680e+00 4.199791788552609262e-02
4.308507261927375431e+00 3.871940696479558852e-02
4.357030530083577879e+00 4.367225103039285017e-02
4.405113677893693236e+00 4.486456455033760449e-02
4.455287397347724720e+00 4.550045718682671492e-02
4.509312169830026917e+00 4.034934464493833417e-02
4.555231392605208818e+00 4.323072701205443735e-02
4.605331758668225639e+00 4.375733604426557122e-02
4.657779433243713463e+00 4.219232835741593135e-02
4.707403002265134084e+00 3.936035753006983384e-02
4.754825969556115695e+00 4.285658452678564601e-02
4.805623192833773594e+00 4.155398697353884785e-02
4.858107544104766973e+00 4.042715877894575982e-02
4.904026766879948873e+00 4.484269190652145909e-02
4.952403328254121995e+00 4.654519464169837306e-02
