-9.623483628523048228e-03 1.169687010515147764e-02
-5.589047122716371552e-03 5.306599062919212934e-02
-2.508204700100363956e-03 1.014157260810935046e-01
2.479825888896980066e-03 1.475660541741445897e-01
6.624292481225656053e-03 1.914916447429414470e-01
9.668458208334330256e-03 2.411930432564600713e-01
1.417969175573633757e-02 2.843500654805388717e-01
2.012131642792435240e-02 3.295833268894578505e-01
2.775006909344970504e-02 3.709378163615232871e-01
3.141773864418304779e-02 4.178971219060179654e-01
4.245742399189040422e-02 4.587628706205897910e-01
5.103977074060642161e-02 4.972278138593584362e-01
5.870520010163910590e-02 5.394222842133228335e-01
7.033171257746378968e-02 5.776191440534370614e-01
8.635942851416848753e-02 6.116704922260812749e-01
9.970974567883784945e-02 6.493489515462845807e-01
1.198452515123639012e-01 6.777948864607042934e-01
1.459590587135853046e-01 7.043901161010517331e-01
1.727330464339387195e-01 7.251017471568861339e-01
2.071357868198174246e-01 7.414720914624697290e-01
2.456463171025174974e-01 7.527849334957085192e-01
2.859173287695696009e-01 7.629947873276501369e-01
3.251247162669089752e-01 7.712364912074397560e-01
3.683298635745478333e-01 7.802289971545492975e-01
4.098478828888492131e-01 7.899589187194717699e-01
4.602049858204180777e-01 7.913246128548894198e-01
5.030433661729833972e-01 7.942915909218160042e-01
5.528503186719422313e-01 7.966822916776052921e-01
5.960921426750883656e-01 8.020949632205224278e-01
6.453856214369444455e-01 8.008350142207329991e-01
6.929552955099557154e-01 8.042575892335360743e-01
7.394613454132545893e-01 8.091455898056962859e-01
7.889382076526473275e-01 8.105879218539998599e-01
8.366545885076882572e-01 8.105763241694984300e-01
8.860580973560663320e-01 8.112518794304692804e-01
9.345446888167611155e-01 8.129174068772403450e-01
9.822243929762944914e-01 8.168509175875174888e-01
1.029757390353798652e+00 8.183011623476044161e-01
1.079344282679713496e+00 8.159076696054086142e-01
1.127500783880841961e+00 8.220308834053686731e-01
1.177527796552844785e+00 8.195990717067298537e-01
1.222456748549328287e+00 8.206946425240897458e-01
1.273584062086551061e+00 8.242488453775997925e-01
1.325738323097978899e+00 8.225754498651656199e-01
1.371144072136058156e+00 8.271391827392600149e-01
1.421464498372119856e+00 8.268978206125465746e-01
1.471271450871078246e+00 8.254166170681245251e-01
1.519354598681192270e+00 8.304443074892235988e-01
1.566997626145218314e+00 8.301407892051508863e-01
1.616327781602581837e+00 8.323507938194802946e-01
1.667088328184731516e+00 8.351028868581886755e-01
1.713741084870059161e+00 8.341459063951770503e-01
1.763988157715106198e+00 8.338683154623027782e-01
1.813978493691602134e+00 8.367331259236105989e-01
1.861144724114032423e+00 8.381848636481847858e-01
1.910841646526468818e+00 8.377999299648668519e-01
1.959878388419773687e+00 8.368332452326872062e-01
2.008401656575975913e+00 8.399962467444130887e-01
2.053367285267967191e+00 8.444887163777745620e-01
2.106255080189541662e+00 8.410955471806116357e-01
2.151330738968054490e+00 8.459893703142711274e-01
2.202127962245711057e+00 8.437735877845602417e-01
2.255565907599895947e+00 8.411087271218384842e-01
2.301925250721165384e+00 8.472757838468440994e-01
2.350008398531279852e+00 8.496369741366649464e-01
2.396477771739071283e+00 8.493747607380091047e-01
2.447385025103250289e+00 8.509573798210472440e-01
2.494367872048144363e+00 8.548571997647926857e-01
2.545018388543771160e+00 8.534821445992246680e-01
2.593101536353885184e+00 8.537978005417641292e-01
2.639644262952690834e+00 8.583934326250068914e-01
2.691908554050641555e+00 8.543453082844161273e-01
2.740065055251770687e+00 8.604685220843761861e-01
2.791155692093485907e+00 8.567539218216717600e-01
2.841549471720561382e+00 8.580098844634651556e-01
2.887432017800236395e+00 8.619141833006702669e-01
2.938816068206009824e+00 8.588558818494336222e-01
2.983598313420463555e+00 8.655772693076140278e-01
3.036339401560009144e+00 8.630613548736518759e-01
3.084936023107226699e+00 8.641785234451968556e-01
3.134412885346618882e+00 8.636849033433962042e-01
3.186163702707466516e+00 8.627436980730691651e-01
3.233586669998449015e+00 8.673722744406000551e-01
3.282586735196245886e+00 8.685973829483866204e-01
3.332503717781726049e+00 8.693439028571927629e-01
3.379559918117634787e+00 8.688601363210066708e-01
3.428633336706447654e+00 8.724226997756461266e-01
3.478476965900914486e+00 8.706856551413624246e-01
3.524432865371601498e+00 8.763794979395451712e-01
3.579447908632601649e+00 8.725028133605916558e-01
3.624780304279666687e+00 8.727566117386684752e-01
3.669965993144701510e+00 8.797320487293212032e-01
3.721606780419026705e+00 8.790835105408119077e-01
3.770973612571897782e+00 8.795035233048205114e-01
3.819533557423608006e+00 8.808765329662242571e-01
3.870660870960830113e+00 8.812528521016376182e-01
3.919844319636164087e+00 8.792628030100226866e-01
3.966423722930477958e+00 8.847714707732814432e-01
4.016120645342914131e+00 8.845691740852545948e-01
4.066551101665497825e+00 8.830123777030873811e-01
4.116578114337499983e+00 8.832105387366686600e-01
