-1.105387475330904534e-02 6.150528009743717710e-03
-1.065043110272838149e-02 6.097651173577540995e-02
-1.079713788475771853e-02 1.083166181015238205e-01
-1.226420570505105424e-02 1.617621747822135247e-01
-1.101719805780171715e-02 2.093157722772619189e-01
-8.559859458810378102e-03 2.559147306139785694e-01
-6.542641205907040632e-03 3.043053230619514604e-01
-8.413152676781042796e-03 3.559626794497056101e-01
-8.853273022869046979e-03 4.084178160552486836e-01
-7.092791638517040656e-03 4.571382001698902631e-01
-6.762701378951040988e-03 5.059374616441493222e-01
-4.635453039525702472e-03 5.533413664281938704e-01
-3.975272520393699667e-03 6.022853938306488297e-01
-5.589047122716371552e-03 6.553297463074887474e-01
-4.782159821555035176e-03 6.997803064399404915e-01
-2.985001741695698929e-03 7.525916099526971381e-01
-2.985001741695698062e-03 8.024880370667529794e-01
6.093144180229758409e-04 8.476943260493323695e-01
-3.442796651676926427e-04 8.954760457256555339e-01
-2.251467831549030206e-03 9.504940721232505441e-01
-1.774670789953695883e-03 1.003310750308161081e+00
3.892542449789754841e-04 1.047755786472009953e+00
1.562908501213645029e-03 1.097136052512885929e+00
2.369795802374979887e-03 1.146481284119190924e+00
3.836863622668316900e-03 1.196225629779063437e+00
-8.944300977776939139e-04 1.251218624604151231e+00
4.607074228322317715e-03 1.293750650040117689e+00
3.983570404697649170e-03 1.345037656358029077e+00
6.147495439630321946e-03 1.394961802380668692e+00
3.066653017014315218e-03 1.445309099185120738e+00
5.120547965424986081e-03 1.492932466956414572e+00
4.497044141800318404e-03 1.546666809011252308e+00
4.790457705858985546e-03 1.593055411444092018e+00
5.230578051946986259e-03 1.642621300409235818e+00
5.780728484556986284e-03 1.695145460808780591e+00
9.228337862246327808e-03 1.740023600385627311e+00
9.485074730797661557e-03 1.790211201617010639e+00
7.394503086879657301e-03 1.840737104412640379e+00
6.294202221659654650e-03 1.892099106382502782e+00
1.021860864094433115e-02 1.939203476448090546e+00
1.164899976573033347e-02 1.986756327460895477e+00
1.095214255109099900e-02 2.038518488559465602e+00
1.311606758602366918e-02 2.083730600103546049e+00
1.080543576906166890e-02 2.139846090733834139e+00
1.505993244791234420e-02 2.184574836192573866e+00
1.271262393544300359e-02 2.236270660833220791e+00
1.572011296704434527e-02 2.281114064568392497e+00
1.296936080399433734e-02 2.336975654962656357e+00
1.223582689384766949e-02 2.384318150071584430e+00
1.693044391878634203e-02 2.433172700066561500e+00
1.883763208516768192e-02 2.481636795201998424e+00
1.843418843458701287e-02 2.532082775562869870e+00
1.729721087385967943e-02 2.584613803599055348e+00
1.770065452444034501e-02 2.631951670518072106e+00
1.634361679066900774e-02 2.683351244962133286e+00
1.990125625488035205e-02 2.728411573644926591e+00
1.832415834806501095e-02 2.780980920637555975e+00
1.619691000863967764e-02 2.833735144072210499e+00
2.085485033807102373e-02 2.878681411664366419e+00
2.140500077068101942e-02 2.929306147312863207e+00
2.393569276068703219e-02 2.975210786474569602e+00
2.349557241459902454e-02 3.027446758685759853e+00
2.169841433473969003e-02 3.077423556123921600e+00
2.012131642792435240e-02 3.130321649708078358e+00
2.261533172242302658e-02 3.177504897133282658e+00
2.540276058098035403e-02 3.225380970769012645e+00
2.562282075402436132e-02 3.273632769146737953e+00
2.617297118663436395e-02 3.321591004663956959e+00
2.749333222489836609e-02 3.370130543340690288e+00
2.510934701692169729e-02 3.422374428263665003e+00
3.086758821157303823e-02 3.465964703197190744e+00
2.892372334968437361e-02 3.518645125351483216e+00
3.068420473403636953e-02 3.567949947851062120e+00
3.064752803852904134e-02 3.619344147622969299e+00
3.163779881722704468e-02 3.666825735395040642e+00
3.189453568577837322e-02 3.716063624250902198e+00
3.057417464751437802e-02 3.768047487783452443e+00
3.130770855766104588e-02 3.818744531747823245e+00
3.295815985549105376e-02 3.865054555413942161e+00
3.336160350607170894e-02 3.913378662107541928e+00
3.457193445781371610e-02 3.962868361049145527e+00
3.585561880057037965e-02 4.012248179200675224e+00
3.556220523651172638e-02 4.064702718620424093e+00
3.706594975231239375e-02 4.111561250458218630e+00
3.633241584216571896e-02 4.160291786731373342e+00
3.644244592868772087e-02 4.212160245505246259e+00
3.794619044448838824e-02 4.259237941737391786e+00
3.790951374898105658e-02 4.310559086711182708e+00
4.161385999522172752e-02 4.356130201795002321e+00
4.051355913000174308e-02 4.410158703896141397e+00
4.216401042783173708e-02 4.455920816576381505e+00
3.776280696695172995e-02 4.509597481367321414e+00
4.520817615494039654e-02 4.554934203819017924e+00
4.374110833464706777e-02 4.605238404180669320e+00
4.359440155261774114e-02 4.654441407898406879e+00
4.550158971899907756e-02 4.704622290789597372e+00
4.616177023813106822e-02 4.751959112633473481e+00
4.674859736624840251e-02 4.802474116788346237e+00
4.847240205509308758e-02 4.849587444640857115e+00
4.770219144943908113e-02 4.901276849534208502e+00
4.916925926973242378e-02 4.950034955419497784e+00
