-1.145731840388971613e-02 1.086420474923990333e-02
-7.973032330693043818e-03 5.596135942398927643e-02
-7.276175116053708487e-03 1.062932786942226565e-01
-9.586806933015713100e-03 1.579524266393614040e-01
-5.625723818223704077e-03 2.050201200094420861e-01
-4.268686084452368544e-03 2.534864545916094558e-01
-3.241738610247032245e-03 3.035978657994525265e-01
-1.407903834880361521e-03 3.506376909645008144e-01
-3.865242433871700356e-03 4.041968608464820423e-01
-1.407903834880361738e-03 4.521108055493085476e-01
4.992843315009755541e-04 5.005383732856863999e-01
-1.921377571983029671e-03 5.516500581342921317e-01
2.773239452955648943e-03 5.974728340074056954e-01
3.396743276580315319e-03 6.468553394950126156e-01
5.927435266586321590e-03 6.932713622435388023e-01
6.844352654269656409e-03 7.412281047962704372e-01
8.934924298187660666e-03 7.913351864071004327e-01
8.898247602680327273e-03 8.412682902166637167e-01
8.934924298187662400e-03 8.913837324286222330e-01
1.219915019834033609e-02 9.372853856613534429e-01
1.194241332978900061e-02 9.876211866392539118e-01
1.450978201530233810e-02 1.032612491528045462e+00
1.718718078733768445e-02 1.082936348790047631e+00
1.594017314008834216e-02 1.133422290368297780e+00
1.931442912676301776e-02 1.177898927148397057e+00
2.213853468082768727e-02 1.228368296820838923e+00
2.323883554604768559e-02 1.277383587464026471e+00
2.419242962923836074e-02 1.323769502560788958e+00
2.441248980228236456e-02 1.374614746271676680e+00
2.521937710344369574e-02 1.424106087474215743e+00
2.965725725983103453e-02 1.470258655013997773e+00
3.200456577230038208e-02 1.518428739399580119e+00
2.984064073736769976e-02 1.567676481821056234e+00
3.134438525316838448e-02 1.617018876794835469e+00
3.647912262419505947e-02 1.663716518687970769e+00
3.728600992535639064e-02 1.708020969224187890e+00
3.948661165579639420e-02 1.760465356485422905e+00
4.286086764247106634e-02 1.804722828871169860e+00
4.286086764247107328e-02 1.854180927196522610e+00
4.414455198522774376e-02 1.905021841310396979e+00
4.480473250435974136e-02 1.951153258985339090e+00
4.825234188204906294e-02 2.001620090618152492e+00
5.034291352596708541e-02 2.047818740529711690e+00
5.210339491031908826e-02 2.096466069846236291e+00
5.397390638119309303e-02 2.144857259480003719e+00
5.767825262743377784e-02 2.193715840479097512e+00
6.006223783541043970e-02 2.239219275436953094e+00
6.273963660744576176e-02 2.289177858708369762e+00
6.633395276716447242e-02 2.334785949080592893e+00
6.842452441108246020e-02 2.383030133339433920e+00
7.117527657413247333e-02 2.426669177980813608e+00
7.594324699008579704e-02 2.475852175974421421e+00
7.542977325298312608e-02 2.526408186421814417e+00
7.821720211154048474e-02 2.572019561315910696e+00
8.060118731951716742e-02 2.620226023804101967e+00
8.492903738938248348e-02 2.662470607533959921e+00
8.800987981199849541e-02 2.711368253971740305e+00
9.153084258070250112e-02 2.756940115537803937e+00
9.226437649084917592e-02 2.807454522506880767e+00
9.853609142260320863e-02 2.849545083928722189e+00
1.045143927902985465e-01 2.892732661693910412e+00
1.046610995723278592e-01 2.943322512204284092e+00
1.107127543310378881e-01 2.987459503752099010e+00
1.177913565639532312e-01 3.031738424595583403e+00
1.219358231562818889e-01 3.077819131708838363e+00
1.262636732261472605e-01 3.121488284001981750e+00
1.278040944374552457e-01 3.170647892684018920e+00
1.364231178816786016e-01 3.212948063527492515e+00
1.410810582111099443e-01 3.257748221523413701e+00
1.478662468799666618e-01 3.298485179029803760e+00
1.550182025038966405e-01 3.343092547871917120e+00
1.632704589930466799e-01 3.382654656750483824e+00
1.686619332326247112e-01 3.428766815183539762e+00
1.786379944106193385e-01 3.467773996143136639e+00
1.847630025603441140e-01 3.514467607032154994e+00
1.966095752092127114e-01 3.550691091544411204e+00
2.084928245535888069e-01 3.591151605051018159e+00
2.201560137249207738e-01 3.625987794881292636e+00
2.329195037614728014e-01 3.666335143075953873e+00
2.515879417747055036e-01 3.697782296571128668e+00
2.676523344069175470e-01 3.728217282940521571e+00
2.863574491156575808e-01 3.760248725524184987e+00
3.059061278210662982e-01 3.794285741237751974e+00
3.242811522702403471e-01 3.825405342512989026e+00
3.432430038475317580e-01 3.854330911101530699e+00
3.727677437309350750e-01 3.875140927120885870e+00
3.963141822466431097e-01 3.902331045897582840e+00
4.249953581333779651e-01 3.924130735509840484e+00
4.567206997472212926e-01 3.941607800427939790e+00
4.892896053577334148e-01 3.961492239865585407e+00
5.208682401895474712e-01 3.978129771791131475e+00
5.614326654206581724e-01 3.987900102462780261e+00
5.961288193705954752e-01 4.001091368678674876e+00
6.327321614869143573e-01 4.016466515422752792e+00
6.699956841223652093e-01 4.030268296671233763e+00
7.076626504083964875e-01 4.043849271264425838e+00
7.526649557958948744e-01 4.046478694249350916e+00
7.914688996426534340e-01 4.057863396709117332e+00
8.227174442149015610e-01 4.074611854499877062e+00
8.695169076822589771e-01 4.079242968907037081e+00
9.079907612694515517e-01 4.091761364405657631e+00
