-9.220039977942379172e-03 8.553871525175353943e-03
-4.745483126047701783e-03 5.529072815344635017e-02
8.274743779055659595e-03 9.154596257840261209e-02
1.531666931646367101e-02 1.324279846058857291e-01
2.822686613504503741e-02 1.719346054364040421e-01
4.982943978886442832e-02 1.999362397041717365e-01
7.051509605500044797e-02 2.281607707775091254e-01
1.001131893294185393e-01 2.492261799973777281e-01
1.302981097319539094e-01 2.675861729437298830e-01
1.753004151194520743e-01 2.738318084354559589e-01
2.183588556450613838e-01 2.790260620662653457e-01
2.675056276248882203e-01 2.829901283176516347e-01
3.115910156247030383e-01 2.855502289156768292e-01
3.618747651652569619e-01 2.867335846486985806e-01
4.097011761068198310e-01 2.900820597882430296e-01
4.580410607854851768e-01 2.895200130782343284e-01
5.055740581629895036e-01 2.923948264016065224e-01
5.535104991910742012e-01 2.942452302904018380e-01
6.041610156867016634e-01 2.936372505050645065e-01
6.510338325450737429e-01 2.997656896807300297e-01
7.011341986080912303e-01 2.969683053986071908e-01
7.503910006744400896e-01 2.988133346152483938e-01
8.028019985544193604e-01 2.958239076615630792e-01
8.473275069003221027e-01 3.007564976410130875e-01
8.985281738285596509e-01 3.006941893948237299e-01
9.511959085770902433e-01 2.965348405961223399e-01
9.974085449163305750e-01 3.039078986758567691e-01
1.045675076203981035e+00 3.017754723992254196e-01
1.094528434619749246e+00 3.040970000645653037e-01
1.143601853208561225e+00 3.061254127587427210e-01
1.196012851088541051e+00 3.006521226690712645e-01
1.243289111597493557e+00 3.046603304384019051e-01
1.294563131916745879e+00 3.020408056652128526e-01
1.341949422512220380e+00 3.047335791790870552e-01
1.393260119526980034e+00 3.045247134473176853e-01
1.441820064378689370e+00 3.070665998785984119e-01
1.489389738451700973e+00 3.113658324688071133e-01
1.540993849030518836e+00 3.061149912953604613e-01
1.588233432843964232e+00 3.083335058072678159e-01
1.642698325672354187e+00 3.030344921117618107e-01
1.694045699382621173e+00 3.022775660976635415e-01
1.739194711552148664e+00 3.074998372299537763e-01
1.789808551352268573e+00 3.052482737834281146e-01
1.839138706809632096e+00 3.075313331958755558e-01
1.889459133045694017e+00 3.128421357260706692e-01
1.938055754592910462e+00 3.092107424199983523e-01
1.988596241002015708e+00 3.111601284581098081e-01
2.036716065507637285e+00 3.115852173013760051e-01
2.087953409131382276e+00 3.135682941060200513e-01
2.137246887893238245e+00 3.112855779325895966e-01
2.185293359007844938e+00 3.145601024953244007e-01
2.236383995849560602e+00 3.127083995846100528e-01
2.285860858088953229e+00 3.123243616799831202e-01
2.336107930933999821e+00 3.129964831226335065e-01
2.383677605007011646e+00 3.150310169712087216e-01
2.433998031243072901e+00 3.174561549757748402e-01
2.483621600264494855e+00 3.145146019512519153e-01
2.531668071379101104e+00 3.161088661572910574e-01
2.582501971352265890e+00 3.152809754953578292e-01
2.632675690806298263e+00 3.163186695214914579e-01
2.682482643305256875e+00 3.143626097893066351e-01
2.733756663624509198e+00 3.135694549690479782e-01
2.783526939427959590e+00 3.147914282514112649e-01
2.830619816459376992e+00 3.185812181086311590e-01
2.881270332955003788e+00 3.165851971590689651e-01
2.930123691370772221e+00 3.186510330309966221e-01
2.979490523523643297e+00 3.184135526119504789e-01
3.028563942112454832e+00 3.182503213626124428e-01
3.078114157742863011e+00 3.204959575973083119e-01
3.130011681885739527e+00 3.165589084183815238e-01
3.178314889868897097e+00 3.195036413144491938e-01
3.229075436451046333e+00 3.199545082124659601e-01
3.275214719399272223e+00 3.233098509886511707e-01
3.327479010497222500e+00 3.197000554367632752e-01
3.377982820210819970e+00 3.215400085741482172e-01
3.425845907847890892e+00 3.218200328963205514e-01
3.474772619654673544e+00 3.233376591894718821e-01
3.527513707794218245e+00 3.221732585206793509e-01
3.577247306902162194e+00 3.213133193531505505e-01
3.626430755577496612e+00 3.236700307495095075e-01
3.675100730515728387e+00 3.234353869629882361e-01
3.722743757979753543e+00 3.255792044158432041e-01
3.772844124042771696e+00 3.261423408471131324e-01
3.823127873583325620e+00 3.249514156413249033e-01
3.871724495130542731e+00 3.296482693206139736e-01
3.917570364514709080e+00 3.299730323465257520e-01
3.971705167083533716e+00 3.284742118211516626e-01
4.022575743752204502e+00 3.275731170646540846e-01
4.070805598344347409e+00 3.273767922345793835e-01
4.120135753801712042e+00 3.303173448300782411e-01
4.170786270297339726e+00 3.293075636550977237e-01
4.218099207501800230e+00 3.310874507854029147e-01
4.268382957042354597e+00 3.303348543683197747e-01
4.319106826928996057e+00 3.283020074268003796e-01
4.369280546383028430e+00 3.312756536030381227e-01
4.417767137843722658e+00 3.303842631157092313e-01
4.467794150515724816e+00 3.300710405624691646e-01
4.517894516578743414e+00 3.308898687871479893e-01
4.567077965254076943e+00 3.321507582117479984e-01
4.617691805054197296e+00 3.317620921172119708e-01
4.664748005390105590e+00 3.339448257123045494e-01
