-8.229769199244377567e-03 5.883340389781473515e-03
3.644244592868771393e-02 1.267823053542532774e-02
8.610269164561716593e-02 1.167248036455918736e-02
1.353228170164585964e-01 1.234878210777357044e-02
1.839561152591827342e-01 1.306399999322624406e-02
2.339097745401707562e-01 1.359120621123183215e-02
2.819929223502848914e-01 1.646378008787313663e-02
3.320199350222877155e-01 1.673499591957078314e-02
3.836240456011057454e-01 1.378538088681607876e-02
4.322940205393371871e-01 1.632681942875036096e-02
4.847783718103313433e-01 1.483471724357027233e-02
5.310643615405861162e-01 1.862779162266436916e-02
5.816782013407061358e-01 1.524387880532196426e-02
6.322920411408263774e-01 1.529354149948825015e-02
6.819156101622484423e-01 1.311906385519567841e-02
7.330429236994712161e-01 1.557744473694799847e-02
7.825931393298785066e-01 1.566796442718609850e-02
8.345273401682629100e-01 1.151160155745856173e-02
8.821703676322888432e-01 1.526262456889126984e-02
9.349114557718342100e-01 1.457308008785984654e-02
9.846083781842711602e-01 1.491869438571302720e-02
1.031737931911194339e+00 1.648016360391157953e-02
1.084625726832769255e+00 1.370796019074416172e-02
1.131865310646214873e+00 1.705882407346814844e-02
1.186220173388082832e+00 1.285608023906625874e-02
1.232579516509352269e+00 1.628358203467672460e-02
1.281396198229613148e+00 1.645014245200693281e-02
1.331789977856689289e+00 1.664681052109995285e-02
1.382257110874780093e+00 1.373835107731458116e-02
1.432504183719826685e+00 1.915903439758359639e-02
1.482714579869366389e+00 1.475399666753607342e-02
1.532704915845861882e+00 1.539063578626809203e-02
1.583208725559460017e+00 1.536769157166384403e-02
1.630741722936963400e+00 1.725626512045463912e-02
1.683152720816943226e+00 1.423031076770975289e-02
1.732116109319233432e+00 1.512682198041659376e-02
1.784710490676749250e+00 1.180790195296044232e-02
1.831399924057584672e+00 1.486878608994679496e-02
1.883187418113939637e+00 1.502325349492972251e-02
1.931710686270142086e+00 1.771139881889283174e-02
1.982581262938813094e+00 1.472824231605396328e-02
2.031691358223132848e+00 1.693914270907592723e-02
2.081938431068179440e+00 1.662502437714330483e-02
2.132112150522211813e+00 1.704175261928142504e-02
2.181075539024501797e+00 1.965505158774272232e-02
2.232973063167378758e+00 1.535272841822976631e-02
2.282413248711264053e+00 1.719701115262717295e-02
2.330789810085437175e+00 1.743841792545852698e-02
2.381660386754108405e+00 1.770619993883615351e-02
2.428203113352914500e+00 2.116948265126072926e-02
2.479220396803615500e+00 2.004862631461667988e-02
2.530751153991418700e+00 1.801249485122413674e-02
2.581511700573567936e+00 1.853641654735849187e-02
2.632382277242239610e+00 1.621075322757370429e-02
2.682739380173809085e+00 1.615187879970481077e-02
2.730345730942326465e+00 1.690780438478212133e-02
2.780666157178389053e+00 1.856586700911533327e-02
2.834690929660690362e+00 1.367044626063940171e-02
2.883030814339356152e+00 1.489824210450318986e-02
2.929023390505552271e+00 1.942305883635819796e-02
2.979527200219150185e+00 1.903484063116778202e-02
3.033148529050871289e+00 1.611354169279177739e-02
3.081965210771133279e+00 1.730286928376223443e-02
3.133312584481398932e+00 1.650941587060694715e-02
3.181395732291512957e+00 1.799394858302072464e-02
3.228598639409451909e+00 1.981081100173121001e-02
3.281449757635518161e+00 1.765972266901094656e-02
3.331770183871581192e+00 1.760099753758970209e-02
3.382750790626773529e+00 1.428864655387895866e-02
3.431714179129063957e+00 1.533126736282053315e-02
3.481044334586426370e+00 1.593406641857120221e-02
3.529971046393209022e+00 1.715947351925528608e-02
3.583152254878843035e+00 1.518967851378638656e-02
3.630281808605767324e+00 1.784696970374133329e-02
3.682326039530673167e+00 1.511472750795439524e-02
3.731326104728470927e+00 1.495179485151343357e-02
3.777502064372203261e+00 1.936628290394981633e-02
3.829142851646528456e+00 2.025189547590056094e-02
3.877225999456642480e+00 2.535264069511677931e-02
3.929490290554593646e+00 1.739608465525455117e-02
3.977610115060214113e+00 2.059725582697602420e-02
4.029140872248017757e+00 2.144678888921358606e-02
4.077260696753639557e+00 2.355213808917522300e-02
4.128608070463905655e+00 2.184549969955451587e-02
4.179148556873011344e+00 1.897326906192997598e-02
4.226021373731383868e+00 2.101063954303050707e-02
4.276561860140488669e+00 2.095101863291937150e-02
4.331723610183518147e+00 1.776775745028658093e-02
4.379953464775661942e+00 1.797323400985462172e-02
4.428953529973458814e+00 1.905223292140689750e-02
4.477550151520675925e+00 2.119216866659279219e-02
4.529374322272538222e+00 1.889915103819994613e-02
4.577494146778159134e+00 2.111408243533929863e-02
4.626237475107405572e+00 2.318036619661345554e-02
4.675640983955784868e+00 2.480563383310663284e-02
4.724200928807493760e+00 2.599600649921907092e-02
4.777308783902112665e+00 2.198097573936674820e-02
4.826602262663968190e+00 2.400849265485405226e-02
4.875639004557273282e+00 2.282264352832097387e-02
4.926949701572032936e+00 2.166406542102716770e-02
4.974776112513595194e+00 2.574308854174578443e-02
