-1.054040101620638305e-02 9.655068169087722280e-03
-9.696837019537713279e-03 5.896362307988517459e-02
-4.085302606915701580e-03 1.029197691897916211e-01
-3.718535651842366785e-03 1.527781759403015749e-01
-7.477233157483601260e-04 2.001421195069666703e-01
-2.709262741530259655e-04 2.487581468001380247e-01
2.736562757448314682e-03 2.948434821033031339e-01
6.587615785718322660e-03 3.431535549307225819e-01
5.267254747454318785e-03 3.942242334868080178e-01
7.101089522820988424e-03 4.411179490556218497e-01
1.304271419500900239e-02 4.851092788965483682e-01
1.410633836472167252e-02 5.368277463665215299e-01
1.509660914341967239e-02 5.866836150774030756e-01
1.839751173907968121e-02 6.305030572673450129e-01
2.103823381560768549e-02 6.771743239199352615e-01
2.360560250112102298e-02 7.274621016722246925e-01
2.819018943953770229e-02 7.701439691156440892e-01
2.837357291707437792e-02 8.221217114937969805e-01
3.178450559925637825e-02 8.656119592028653775e-01
3.625906245115105564e-02 9.139194939906563064e-01
3.926655148275239038e-02 9.574113839606606113e-01
4.168721338623639083e-02 1.006676991725103942e+00
4.641850710668238983e-02 1.052207399109299946e+00
5.173662795524575780e-02 1.096237794388913445e+00
5.547765089699376040e-02 1.146338157659550605e+00
6.042900479048378404e-02 1.188908949941307025e+00
6.633395276716444466e-02 1.230927949529517784e+00
7.113859987862512779e-02 1.277042496705753427e+00
7.502632960240246396e-02 1.321991899523333291e+00
8.265508226792782354e-02 1.366012889126676511e+00
8.969700780533582107e-02 1.408648226308972351e+00
9.615210621462649820e-02 1.451578171426917141e+00
1.043310093127618465e-01 1.495779558578823609e+00
1.143804238817712482e-01 1.532631324401063422e+00
1.245031918417952715e-01 1.572952894540974755e+00
1.361663810131272800e-01 1.612391536652632906e+00
1.506536757385239511e-01 1.648238997829995611e+00
1.636005492526126370e-01 1.683873565063852551e+00
1.832225813490360178e-01 1.713855740889016266e+00
2.059621325635827283e-01 1.743496479924510734e+00
2.306455486400180721e-01 1.766627429215790634e+00
2.535684833321015241e-01 1.794587161412345644e+00
2.837167270391295903e-01 1.812618557063618629e+00
3.128380232719523701e-01 1.835402694893075504e+00
3.498814857343590656e-01 1.847086782774848723e+00
3.853478502899503333e-01 1.864731256450470998e+00
4.214377186691665722e-01 1.876017424650266996e+00
4.581877675675145034e-01 1.890953645419846563e+00
5.017230051347193465e-01 1.894063896450481899e+00
5.430576409714842345e-01 1.905036496065640739e+00
5.869963221892695593e-01 1.909715782994859889e+00
6.299080559328495976e-01 1.917796298337093974e+00
6.716094587246879133e-01 1.929059624180234911e+00
7.184822755830597707e-01 1.931425741252863038e+00
7.644381750537488918e-01 1.931713528990370410e+00
8.099172774828420351e-01 1.938906936003786718e+00
8.574502748603461955e-01 1.941306893139397083e+00
8.984181437420377669e-01 1.950637252761405982e+00
9.473448555488207523e-01 1.950145872106335609e+00
9.930073414554503319e-01 1.956973258646921510e+00
1.038009646842948497e+00 1.960004483021490218e+00
1.083452072576534642e+00 1.965225559782190823e+00
1.132488814469839511e+00 1.965756498411415087e+00
1.182222413577783682e+00 1.964713922248592537e+00
1.227041335487744966e+00 1.970521975433858763e+00
1.272997234958433754e+00 1.975704434645218832e+00
1.318072893736946138e+00 1.980159928990175455e+00
1.365862627983001731e+00 1.981901347867591090e+00
1.414055805879637973e+00 1.988170521967335347e+00
1.462799134208884189e+00 1.982931325916890364e+00
1.509341860807690283e+00 1.989682074544589119e+00
1.551079940295035486e+00 1.996452381007072452e+00
1.607818788244880448e+00 1.991326747927038010e+00
1.647539649479322410e+00 2.002050224792531363e+00
1.698997053276111391e+00 2.000525775508856796e+00
1.743632591708536239e+00 2.004106403833791461e+00
1.791495679345606273e+00 2.006614599498540485e+00
1.840569097934418474e+00 2.007729827216253149e+00
1.887331884706268115e+00 2.012361090919861262e+00
1.934094671478118421e+00 2.015969587449829348e+00
1.982874676502871525e+00 2.015771023173021703e+00
2.032021448482698833e+00 2.016228459114781213e+00
2.077060430565704330e+00 2.022839219300645475e+00
2.124630104638715711e+00 2.023047383196290294e+00
2.173153372794918159e+00 2.025224144933432502e+00
2.218339061659952538e+00 2.028875588609755365e+00
2.265945412428471251e+00 2.032444123922342527e+00
2.313661793283512402e+00 2.034368478387948542e+00
2.363908866128558994e+00 2.034931017633423433e+00
2.409497998644174022e+00 2.038361654654456512e+00
2.457837883322839811e+00 2.041817621840893882e+00
2.501776564540624914e+00 2.044378319624714724e+00
2.547145636883196840e+00 2.050184133363249561e+00
2.600473552150859291e+00 2.047483193190815065e+00
2.644265526586615067e+00 2.053697228066291736e+00
2.694182509172096118e+00 2.053895836989218182e+00
2.745676589664392431e+00 2.052079019216625611e+00
2.789872007750728855e+00 2.059423761201983005e+00
2.839788990336210794e+00 2.059257096134321507e+00
2.887762108059801491e+00 2.059171398576563838e+00
2.934818308395711117e+00 2.063837995307640671e+00
