-1.149399509939704953e-02 1.115657323815747934e-02
-7.496235289097708844e-03 5.676302134944515021e-02
-8.889949718376378637e-03 1.072130327144318052e-01
-8.633212849825043153e-03 1.567796681618190968e-01
-6.909408160980371957e-03 2.042582700049167810e-01
-5.882460686775037827e-03 2.566709073534522156e-01
-7.459558593590376319e-03 3.086923433602024036e-01
-5.919137382282371219e-03 3.575597328497708283e-01
-2.618234786622363700e-03 4.011234832463024813e-01
-3.865242433871699489e-03 4.535819043737173706e-01
-2.434851309085697170e-03 5.012443375836979076e-01
-2.104761049519696635e-03 5.497148524664297042e-01
-8.754279661635858145e-05 5.984707189049887077e-01
-1.004460184299694201e-03 6.467636728716840144e-01
6.093144180229758409e-04 6.976762981156369170e-01
2.003028847301645526e-03 7.482610725467547796e-01
5.413961529483652356e-03 7.924818682369950684e-01
3.946893709190316644e-03 8.478633770677910242e-01
3.506773363102315497e-03 8.941088558333707415e-01
2.443149193389647540e-03 9.469318044691286129e-01
6.294202221659654650e-03 9.921370483765662440e-01
6.404232308181653961e-03 1.041485116615396889e+00
8.054683606011660973e-03 1.091411352788318689e+00
1.073208237804699865e-02 1.138776490726573609e+00
8.494803952099661687e-03 1.188791607121177707e+00
1.040199211848099638e-02 1.239995257186009558e+00
9.558428121812330078e-03 1.288945405742862649e+00
1.040199211848099638e-02 1.338655762043304387e+00
1.157564637471566668e-02 1.384894671765141139e+00
1.315274428153100257e-02 1.438181727244351560e+00
1.483987227486833864e-02 1.484235909820612820e+00
1.494990236139034229e-02 1.534131889045321495e+00
1.425304514675100782e-02 1.585565303552365357e+00
1.524331592544900596e-02 1.635019370873602051e+00
1.759062443791834657e-02 1.679098386564621403e+00
1.682041383226434705e-02 1.732906380603371099e+00
1.865424860763101669e-02 1.780457589355239900e+00
1.843418843458701287e-02 1.829295617675288366e+00
1.979122616835835013e-02 1.877835007055573380e+00
1.876427869415301861e-02 1.927699087071134798e+00
1.938778251777768455e-02 1.977446866549328108e+00
2.114826390212969434e-02 2.028833750795247415e+00
2.448584319329702788e-02 2.071484166918866165e+00
2.257865502691569493e-02 2.124968042555998693e+00
2.331218893706235931e-02 2.175847723515662135e+00
2.631967796866369752e-02 2.222882771194351292e+00
2.628300127315636239e-02 2.271939217426508062e+00
2.529273049445836252e-02 2.324031319488195635e+00
2.958390386881637468e-02 2.369855737622245329e+00
2.984064073736770670e-02 2.420445140243273396e+00
3.167447551273438328e-02 2.466790944826207976e+00
3.108764838461704205e-02 2.514826863331454998e+00
3.317822002853505065e-02 2.564166869562054529e+00
3.402178402520371348e-02 2.614936520435196421e+00
3.398510732969638182e-02 2.664650459850407938e+00
3.446190437129171419e-02 2.715019802298391127e+00
3.673585949274638107e-02 2.760742849539945976e+00
3.618570906013638538e-02 2.815645769771761842e+00
3.882643113666439660e-02 2.860198447278952116e+00
4.106370956261173183e-02 2.907382739779299285e+00
3.827628070405439398e-02 2.959409102568857808e+00
3.864304765912772444e-02 3.010180694295832460e+00
4.480473250435972749e-02 3.053367525578777109e+00
4.469470241783774639e-02 3.106917140488039131e+00
4.649186049769708090e-02 3.153116984771189291e+00
4.729874779885842595e-02 3.201549031401027978e+00
4.682195075726307276e-02 3.250716851387744910e+00
4.843572535958574204e-02 3.300533654659941085e+00
4.902255248770308327e-02 3.348162994289182404e+00
5.173662795524573699e-02 3.396258530912162232e+00
5.206671821481175660e-02 3.444729045794892919e+00
5.375384620814909614e-02 3.493267091507139099e+00
5.569771107003775035e-02 3.542461585327298490e+00
5.441402672728108680e-02 3.596819580502209845e+00
5.602780132960376996e-02 3.642727952075134112e+00
5.969547088033710230e-02 3.687641723272347072e+00
5.709142549931642968e-02 3.741493709532591971e+00
5.991553105338109919e-02 3.789479216069048917e+00
6.240954634787976990e-02 3.836698990893312011e+00
6.383993747266579477e-02 3.886041684459988321e+00
6.497691503339311780e-02 3.934947243609551393e+00
6.578380233455444204e-02 3.981005009300581765e+00
6.747093032789179545e-02 4.032099972946930677e+00
6.901135153919979448e-02 4.081551800821435982e+00
6.981823884036111871e-02 4.129947320052217208e+00
7.304578804500648503e-02 4.174534136215287461e+00
7.117527657413247333e-02 4.229369376321139740e+00
7.509968299341712727e-02 4.273734191457332798e+00
7.675013429124714903e-02 4.320957400099917578e+00
7.803381863400379870e-02 4.369314451077806361e+00
8.063786401502448520e-02 4.419127223345885369e+00
7.928082628125314446e-02 4.469175284024778705e+00
8.016106697342915977e-02 4.515853716906907955e+00
8.540583443097779504e-02 4.561308979342705072e+00
8.412215008822114537e-02 4.615228645728913115e+00
8.900015059069651957e-02 4.659662633955554689e+00
8.984371458736517546e-02 4.707437038105891425e+00
9.310794048751785956e-02 4.757758506624712780e+00
9.219102309983449872e-02 4.804992166018708488e+00
9.574866256404583609e-02 4.850856097480792606e+00
9.798594098999317825e-02 4.898770937962310335e+00
