-1.835045222642419250e-03 -1.310809297013999135e-03
1.595379811889873281e-02 -2.774033600888039814e-03
3.779718275594515231e-02 -4.925441024848959716e-03
5.664532067018590578e-02 -7.885296580174073686e-03
7.669886275336063042e-02 -1.009015512025824776e-02
9.887099398193451016e-02 -1.318363846589149131e-02
1.147238851733695525e-01 -1.624705555870541510e-02
1.378092013784085468e-01 -1.926036223015377760e-02
1.547579145416017599e-01 -2.301530313781227632e-02
1.766378265777067968e-01 -2.653305471767384086e-02
1.959242932806508075e-01 -3.011093880317406227e-02
2.157586709694738758e-01 -3.320442214880731102e-02
2.368349802262896542e-01 -3.656182038029911346e-02
2.566693579151127502e-01 -3.954172010417045247e-02
2.788049617446279327e-01 -4.319309947434014918e-02
2.957902023068797459e-01 -4.701819497191043334e-02
3.168299841646368686e-01 -5.016512943366690375e-02
3.361895056656981073e-01 -5.325861277930014903e-02
3.560969381526384869e-01 -5.694005840228918286e-02
3.788900351652085829e-01 -6.062150402527820975e-02
3.987974676521487960e-01 -6.382857099267337520e-02
4.168420027871002076e-01 -6.745322480478144200e-02
4.381740038373261870e-01 -7.059013718226483936e-02
4.565107581647464552e-01 -7.461901506005499951e-02
4.753223686799284975e-01 -7.821026192458603588e-02
4.968004793263889329e-01 -8.131376735449238891e-02
5.163061104236845722e-01 -8.537605217985962114e-02
5.381494950607310646e-01 -8.806197076505305199e-02
5.561575027966237927e-01 -9.170666874570732041e-02
5.766493736685017746e-01 -9.558187466464312942e-02
5.971047171413211840e-01 -9.952055378397531293e-02
6.165007660414411061e-01 -1.026608068562164244e-01
6.364081985283812637e-01 -1.059914795296465900e-01
6.570827063955521075e-01 -1.100838306078331108e-01
6.785242896429540815e-01 -1.135815380191484841e-01
6.967149343741400047e-01 -1.170992895990100174e-01
7.172068052460177645e-01 -1.200658265438505623e-01
7.358357787659070004e-01 -1.240111870526981463e-01
7.574965264076605198e-01 -1.271113517878467991e-01
7.776961780870693675e-01 -1.309197438116285472e-01
7.971287543862479730e-01 -1.346579812454984926e-01
8.175110430609501266e-01 -1.382525688047872570e-01
8.360304343836635343e-01 -1.407714526520955356e-01
8.563761956593071156e-01 -1.450943116685635970e-01
8.778177789067087566e-01 -1.481911357089545633e-01
8.966293894218905214e-01 -1.520362753750710560e-01
9.171577876928274087e-01 -1.557978976722449727e-01
9.370286927807094379e-01 -1.593390341154104495e-01
9.582145842347007392e-01 -1.629904134855801323e-01
9.788160373037543271e-01 -1.659135213985705182e-01
9.970066820349405834e-01 -1.696951878642906364e-01
1.018192573488931885e+00 -1.729924535901437854e-01
1.036748492210703754e+00 -1.764233471063050285e-01
1.058190075458105506e+00 -1.809065594711428138e-01
1.077038213372345954e+00 -1.838196452998601405e-01
1.100306166572678324e+00 -1.877115546925844924e-01
1.116889605745285730e+00 -1.914397700421813509e-01
1.137454531415280856e+00 -1.952515027607208131e-01
1.157325436503162219e+00 -1.977870900818175237e-01
1.177488560783512606e+00 -2.023404570365671673e-01
1.196738500087398238e+00 -2.048292746310561296e-01
1.218399247729151869e+00 -2.079394614504778971e-01
1.238745009004795339e+00 -2.119449544649640860e-01
1.256935653735981040e+00 -2.157466650992304613e-01
1.278779038373027532e+00 -2.196185303234085284e-01
1.298248142071264821e+00 -2.224347360041524779e-01
1.318411266351615208e+00 -2.258923550783754064e-01
1.337149822068679939e+00 -2.290893999614974086e-01
1.356838090161268662e+00 -2.337296249799473147e-01
1.377658707624674239e+00 -2.362485088272555933e-01
1.395995461952094452e+00 -2.399299544502446202e-01
1.417619682194789288e+00 -2.431704283652167398e-01
1.436833094099616126e+00 -2.477438394885126127e-01
1.456265670398794398e+00 -2.500522595660855663e-01
1.477086287862199976e+00 -2.530956324903532728e-01
1.495605679184913273e+00 -2.575220530443100841e-01
1.517047262432314803e+00 -2.604718865153621277e-01
1.537393023707958495e+00 -2.642836192339016455e-01
1.558907661753477614e+00 -2.682891122483878066e-01
1.577500107874307611e+00 -2.711253620976779022e-01
1.596129081394197069e+00 -2.745295300557776264e-01
1.616328733073606250e+00 -2.788624111565186636e-01
1.634227158612323372e+00 -2.819893014497290573e-01
1.659431063962761410e+00 -2.852531602280050649e-01
1.675795338741016494e+00 -2.890515301675137816e-01
1.694972223246784981e+00 -2.925124899364943687e-01
1.717473101066886665e+00 -2.954790268813349274e-01
1.739206903506757440e+00 -2.989399866503155700e-01
1.759698774378634978e+00 -3.026715426946700593e-01
1.778766076687226860e+00 -3.059454235572193204e-01
1.800207659934629500e+00 -3.094397902737769934e-01
1.816535407313825790e+00 -3.138795736067646613e-01
1.836917695988527832e+00 -3.171133661322214081e-01
1.858213169639695073e+00 -3.199362532024807027e-01
1.878193656924753041e+00 -3.236778313311083344e-01
1.898320253806044633e+00 -3.270185260888116563e-01
1.918921706875098554e+00 -3.301654605505681128e-01
1.937185406404402288e+00 -3.343880987243051939e-01
1.954608975755356415e+00 -3.373379321953570709e-01
1.978242202946274730e+00 -3.403712830353516905e-01
1.996213683283108997e+00 -3.443233249337147028e-01
