-1.908100020759631458e-03 -1.180522201463571124e-03
1.672087349912946067e-02 -1.033531632124626591e-03
3.834509374182425157e-02 -1.501228898203086845e-03
5.624351928054120708e-02 -2.797418464191963380e-03
7.688149974865364500e-02 -3.228368087935687501e-03
9.792128160641076773e-02 -4.220554430973564621e-03
1.177556592952338499e-01 -4.825220182117861446e-03
1.383571123642876322e-01 -5.453270796566079236e-03
1.567303940907664728e-01 -6.836318426255242123e-03
1.796696006995711081e-01 -7.424280703611019390e-03
1.996500879846286325e-01 -8.189299803125072233e-03
2.162700545562943610e-01 -8.202662582155885451e-03
2.369445624234654268e-01 -9.228255872770797785e-03
2.572537963000504080e-01 -1.009349581501594803e-02
2.762480438105255343e-01 -1.064805114479469399e-02
2.978722640532203148e-01 -1.157342359267850632e-02
3.177066417420434941e-01 -1.256560993571638127e-02
3.399518277687345047e-01 -1.368808337430468987e-02
3.571562327253380298e-01 -1.401547146055961111e-02
3.783421241793293310e-01 -1.465020346452323811e-02
3.984321936615626836e-01 -1.547535506967595044e-02
4.184857357447375747e-01 -1.652099252883708000e-02
4.383201134335607541e-01 -1.731607788117046562e-02
4.603096076668414804e-01 -1.803766794883437594e-02
4.796691291679026636e-01 -1.944744113658515919e-02
4.949741093734585373e-01 -1.954766197931625746e-02
5.169270762076808579e-01 -2.039953914253060316e-02
5.377476936710864353e-01 -2.110776643116369505e-02
5.577647083552024210e-01 -2.127146047429116088e-02
5.769781202600292591e-01 -2.235718627054472663e-02
5.982370665121380382e-01 -2.377364084781092082e-02
6.187289373840160200e-01 -2.400748948085014781e-02
6.383076232794289151e-01 -2.525356862547348258e-02
6.587264393531894191e-01 -2.596847730362198542e-02
6.769901388824925981e-01 -2.677692543498618252e-02
6.967514617731984661e-01 -2.772902344093161262e-02
7.187774834055380424e-01 -2.831030432877199368e-02
7.368950733386065988e-01 -2.894169563797791694e-02
7.572043072151917187e-01 -2.980693558022306025e-02
7.775500684908350779e-01 -2.999067379189674504e-02
8.002701107052879737e-01 -3.156414102277499412e-02
8.170361868731883526e-01 -3.176124201347948345e-02
8.389891537074105621e-01 -3.277681321982128804e-02
8.583121478094132284e-01 -3.368882288867428715e-02
8.767584843340092693e-01 -3.419326779708748570e-02
8.987479785672899402e-01 -3.542264346792229485e-02
9.177056986787067716e-01 -3.670547025488035686e-02
9.351292680296616755e-01 -3.704622112016609653e-02
9.575936184507045645e-01 -3.816869455875439993e-02
9.788525647028132326e-01 -3.892369157399534763e-02
9.961300244575336249e-01 -3.934127841870825593e-02
1.018484792681400908e+00 -4.019315558192259469e-02
1.037442512792817295e+00 -4.052388436293521273e-02
1.058664931645867613e+00 -4.151273001121538742e-02
1.079960405297034409e+00 -4.169980891764677594e-02
1.098735488413158379e+00 -4.313630766345919604e-02
1.117656681125516194e+00 -4.319644016909784945e-02
1.138696462983273205e+00 -4.436568333429399824e-02
1.159736244841030439e+00 -4.545140913054755705e-02
1.179972423919497970e+00 -4.669414758041320196e-02
1.198930144030914802e+00 -4.718522970979558556e-02
1.216792042170573129e+00 -4.815403118952953088e-02
1.237356967840568256e+00 -4.842128677014578830e-02
1.258908133285145725e+00 -4.952037534543016900e-02
1.277062250617272632e+00 -5.012504109657447277e-02
1.297371484493857974e+00 -5.099362173357731981e-02
1.315562129225043897e+00 -5.159828748472161664e-02
1.336894130275269710e+00 -5.245016464793596928e-02
1.358189603926436950e+00 -5.285438871361805568e-02
1.378170091211494697e+00 -5.408042368969516456e-02
1.396762537332325360e+00 -5.499243335854816367e-02
1.416962189011734097e+00 -5.582426635321628694e-02
1.439682231226186993e+00 -5.661601101079197229e-02
1.459297444520658793e+00 -5.778859487074581441e-02
1.475332972707386281e+00 -5.828635838964362631e-02
1.496884138151964416e+00 -5.876407773999518108e-02
1.517120317230431947e+00 -5.991327673664511438e-02
1.537429551107016845e+00 -6.063820749906672497e-02
1.559638209734649283e+00 -6.118274074457236839e-02
1.577646217470542345e+00 -6.210477249769847524e-02
1.598393780135830111e+00 -6.271277894360047234e-02
1.618447322219005002e+00 -6.396553947773919724e-02
1.634921179194436691e+00 -6.429292756399411501e-02
1.657385529615479358e+00 -6.539535683403621680e-02
1.678936695060057049e+00 -6.691203225403349886e-02
1.696360264411012064e+00 -6.648776401980519002e-02
1.719262943620758488e+00 -6.754676425799711892e-02
1.738987739112405340e+00 -6.903671411993279883e-02
1.758822116801228352e+00 -6.875609576028572645e-02
1.779496624668399418e+00 -7.003558185248609513e-02
1.799623221549691454e+00 -7.051664189759535017e-02
1.819128852646986871e+00 -7.173933617891475878e-02
1.837136860382879266e+00 -7.237406818287839272e-02
1.858724553226516196e+00 -7.321926395657732400e-02
1.879033787103100650e+00 -7.341302425252410613e-02
1.897735815421107031e+00 -7.454886047014323835e-02
1.917351028715578831e+00 -7.606219519538280627e-02
1.937258461202519211e+00 -7.609560214295983671e-02
1.958115606064983361e+00 -7.736840684564480486e-02
1.977438600166985916e+00 -7.765570659480727778e-02
1.998661019020036012e+00 -7.809333760806641545e-02
