-2.638648001931752016e-03 -1.467821950626053799e-03
2.044666820310728217e-02 -3.520299015531550609e-04
3.746843616441770247e-02 -1.664922941330548118e-03
5.653573847301007066e-02 -1.304127907498592309e-03
7.812343131664625795e-02 -1.127071085340318251e-03
9.909015837628613876e-02 -1.431074308291317666e-03
1.217371457926219036e-01 -1.614812519964999200e-03
1.372247629934708335e-01 -1.781847257850162694e-03
1.610040997806234109e-01 -1.447777782079833755e-03
1.788294705212231661e-01 -2.052443533224129930e-03
1.949380535060684372e-01 -2.289632861021062820e-03
2.199958492602722693e-01 -2.369809535205942563e-03
2.378212200008719690e-01 -2.359787450932832650e-03
2.599568238303872070e-01 -3.178257666570138366e-03
2.751522218387673080e-01 -2.613680252518282929e-03
2.991507230202715140e-01 -2.403216482782975175e-03
3.203731418733216652e-01 -2.206115492078481507e-03
3.399518277687345602e-01 -2.894298612165358345e-03
3.586538560867408854e-01 -2.900980001680765821e-03
3.780499049868605854e-01 -3.047970571019709488e-03
3.990166320465004524e-01 -2.917683475469281910e-03
4.178282425616826612e-01 -3.181598361327841670e-03
4.392698258090843577e-01 -3.488942279036543956e-03
4.578987993289734826e-01 -3.702746743529555015e-03
4.816416087170673488e-01 -3.849737312868499548e-03
4.979693560962643040e-01 -3.311885456878270115e-03
5.191187201511973104e-01 -3.886484955203235898e-03
5.368710360936799209e-01 -4.193828872911939051e-03
5.595910783081325945e-01 -4.016772050753664343e-03
5.782200518280218304e-01 -3.625910764102379443e-03
5.984562309064894725e-01 -4.304071799916147668e-03
6.181079716000197344e-01 -4.517876264409157426e-03
6.406453768191796572e-01 -4.280686936612223235e-03
6.581054735691931334e-01 -5.085794373218716601e-03
6.812638445723492309e-01 -5.045706036126278680e-03
6.972263179609603512e-01 -4.735021423659871789e-03
7.191062299970651939e-01 -5.486677744143112281e-03
7.368585459395480264e-01 -5.580217197358803075e-03
7.589210949709459531e-01 -5.814065830398035262e-03
7.786824178616518211e-01 -5.209400079253740171e-03
7.994665079259989371e-01 -5.262851195376990442e-03
8.183877006383566410e-01 -5.289576753438616878e-03
8.387699893130590167e-01 -5.309620921984837573e-03
8.600289355651677958e-01 -6.331873517842044434e-03
8.802651146436353269e-01 -5.476655659870001067e-03
8.995150539475205154e-01 -6.428753665815438098e-03
9.198608152231645407e-01 -6.245015454141758515e-03
9.398413025082218430e-01 -6.462160613392472878e-03
9.584702760281110789e-01 -6.645898825066154196e-03
9.780489619235236409e-01 -6.084662105772000763e-03
9.992348533775153863e-01 -6.468842002907879488e-03
1.018082991291756167e+00 -6.622513961762232365e-03
1.039086245750454607e+00 -6.128091137622143289e-03
1.057313417880698880e+00 -6.528974508546539837e-03
1.078937638123393716e+00 -6.779526615374286379e-03
1.101949899530315857e+00 -6.869725373832274301e-03
1.119629160674680879e+00 -7.497775988280493825e-03
1.138367716391745610e+00 -6.408709497269220873e-03
1.158530840672096440e+00 -7.597996831011592962e-03
1.179168821140208712e+00 -7.704899063258098708e-03
1.199916383805497144e+00 -7.150343733479350150e-03
1.219275905306558272e+00 -7.791757126958383760e-03
1.239475556985967231e+00 -8.242750919248326841e-03
1.260296174449372586e+00 -7.895318664447184900e-03
1.277902380795620685e+00 -8.109123128940194658e-03
1.300585895611015674e+00 -8.747195827661523662e-03
1.318009464961970245e+00 -8.803987638542478539e-03
1.338464808434789877e+00 -9.011110713520082555e-03
1.356509343569740844e+00 -8.800646943784776535e-03
1.377768289821849956e+00 -9.298410462682565880e-03
1.398187105895611015e+00 -8.383060099071864765e-03
1.417765791791023355e+00 -9.208211704224577090e-03
1.440047505216773160e+00 -9.251640736074720484e-03
1.457398019769611031e+00 -9.228255872770797785e-03
1.479204877007598951e+00 -9.265003515105533702e-03
1.496811083353847271e+00 -9.772789118276432527e-03
1.518070029605955717e+00 -9.174804756647544912e-03
1.538927174468420311e+00 -9.318454631228784840e-03
1.558615442561008591e+00 -9.976571498496336274e-03
1.576623450296900986e+00 -9.886372740038344015e-03
1.596859629375369627e+00 -1.100884617862665261e-02
1.618776068810532598e+00 -1.043090598554398223e-02
1.638829610893707489e+00 -1.039415834320924457e-02
1.658992735174058097e+00 -1.021376082629327046e-02
1.676087557933485739e+00 -1.009683650977365177e-02
1.697565668579945841e+00 -9.966549414223223324e-03
1.717765320259355022e+00 -1.030061888999355552e-02
1.736503875976419975e+00 -1.058457794439833337e-02
1.757507130435118858e+00 -1.049437918594034631e-02
1.779642734264633486e+00 -1.085517421977230321e-02
1.798746563972284607e+00 -1.036075139563221240e-02
1.820516893811214176e+00 -1.107900076853841898e-02
1.839693778316981776e+00 -1.101552756814205662e-02
1.856204162691472481e+00 -1.085183352501459773e-02
1.880787102257913901e+00 -1.078836032461823538e-02
1.897881925017341542e+00 -1.158344567695161580e-02
1.918081576696750945e+00 -1.126607967496980577e-02
1.937660262592163951e+00 -1.151997247655525171e-02
1.958590462252745024e+00 -1.213466031197266148e-02
1.978570949537802326e+00 -1.215136378576117324e-02
1.998259217630391271e+00 -1.228833227082701089e-02
