-5.931136546498126964e-04 -1.517932371991603151e-03
1.803585986523927737e-02 -1.684967109876767512e-03
3.681094298136279586e-02 -1.527954456264713065e-03
5.861780021935061175e-02 -1.634856688511218377e-03
8.104562324133472717e-02 -8.197271676316155321e-04
9.558352806665995627e-02 -1.905452963885184746e-03
1.192532826566367055e-01 -1.908793658642888051e-03
1.387589137539323170e-01 -1.324172076044812137e-03
1.572417776775869580e-01 -1.337534855075625138e-03
1.761994977890035674e-01 -1.745099615515426777e-03
1.965817864637056656e-01 -1.755121699788536908e-03
2.176946231195800163e-01 -9.500142631820436513e-04
2.372733090149928836e-01 -2.206115492078480639e-03
2.571807415019331522e-01 -1.264039570406153088e-03
2.786223247493349597e-01 -1.992311027585470014e-03
2.983836476400408277e-01 -1.982288943312360534e-03
3.196791212912081237e-01 -1.016828158336109417e-03
3.402440469612033613e-01 -1.401008055471988142e-03
3.582520546970961450e-01 -2.039080754193316712e-03
3.764061720292232738e-01 -1.855342542519634961e-03
3.980303922719182208e-01 -1.791869342123272825e-03
4.190701741296752325e-01 -1.200566370009790301e-03
4.366398530768647590e-01 -1.965585469523844012e-03
4.581544911223836558e-01 -1.848661153004229219e-03
4.788655263886135161e-01 -2.229500355382403771e-03
4.973118629132094459e-01 -2.089191175558865413e-03
5.176941515879116551e-01 -2.289632861021062820e-03
5.369440908917970656e-01 -1.721714752211504079e-03
5.565593041862684220e-01 -2.009014501373986971e-03
5.782565792270805138e-01 -2.176049239259150898e-03
6.000634364650683228e-01 -1.701670583665283818e-03
6.163181290461480222e-01 -1.668263636088250989e-03
6.391842808568353185e-01 -2.099213259831975761e-03
6.582881105644861064e-01 -2.242863134413216990e-03
6.758943169107343163e-01 -2.105894649347382370e-03
6.981395029374254380e-01 -2.657109284368425021e-03
7.178277710300142722e-01 -2.633724421064501456e-03
7.393058816764745966e-01 -1.678285720361360903e-03
7.579348551963639435e-01 -2.035740059435612974e-03
7.773309040964833105e-01 -1.945541300977623751e-03
7.983706859542405443e-01 -2.156005070712931505e-03
8.186433924317669808e-01 -2.870913748861435213e-03
8.397562290876412483e-01 -2.012355196131689842e-03
8.585678396028234571e-01 -2.029058669920206365e-03
8.769045939302435588e-01 -2.496755935998666836e-03
8.976521565955318804e-01 -2.085850480801162976e-03
9.191667946410507772e-01 -2.677153452914644415e-03
9.360059256070681899e-01 -2.152664375955227766e-03
9.571187622629423464e-01 -2.810781243222776598e-03
9.789256195009302663e-01 -2.630383726306799886e-03
9.964222436500027591e-01 -2.553547746879623014e-03
1.017863826897404511e+00 -1.801891426396382305e-03
1.035981416830473067e+00 -2.536844273091106491e-03
1.058007438462812422e+00 -1.781847257850162911e-03
1.077184322968580465e+00 -1.862023932035041787e-03
1.100379221370795468e+00 -2.406557177540678046e-03
1.119519578477505162e+00 -2.941068338773204609e-03
1.139646175358796976e+00 -2.780714990403446857e-03
1.158750005066448097e+00 -2.623702336791392409e-03
1.178840074548681116e+00 -2.176049239259151332e-03
1.197140301477042978e+00 -2.964453202077126873e-03
1.220444782076433698e+00 -2.025717975162503060e-03
1.239512084385026025e+00 -2.620361642033689105e-03
1.259602153867259045e+00 -3.258434340755016808e-03
1.281080264513719591e+00 -2.302995640051876906e-03
1.296823573507979166e+00 -3.064674044808226878e-03
1.318922649938435665e+00 -2.493415241240963965e-03
1.338209116641379648e+00 -2.827484717011293554e-03
1.359760282085956895e+00 -3.261775035512720546e-03
1.377768289821849512e+00 -2.697197621460863809e-03
1.397967941501259137e+00 -2.613680252518282496e-03
1.417765791791023577e+00 -2.907661391196171563e-03
1.439682231226187215e+00 -2.867573054103732342e-03
1.456557889591262978e+00 -2.513459409787183792e-03
1.479898897589712492e+00 -2.493415241240963965e-03
1.498272179316191499e+00 -2.967793896834831479e-03
1.517449063821959543e+00 -2.934386949257798867e-03
1.537721770299485646e+00 -3.348633099213006465e-03
1.559309463143121910e+00 -2.804099853707369989e-03
1.578267183254539185e+00 -3.061333350050522706e-03
1.596238663591372564e+00 -3.712768827802665362e-03
1.615744294688668203e+00 -3.265115730270423851e-03
1.636747549147366643e+00 -3.188279750843248713e-03
1.658408296789120051e+00 -3.505645752825060479e-03
1.676270194928779045e+00 -2.994519454896457916e-03
1.698259689162059605e+00 -3.024585707715787223e-03
1.719555162813227067e+00 -3.108103076658368970e-03
1.737709280145353752e+00 -3.398743520578556034e-03
1.758968226397463086e+00 -3.114784466173776013e-03
1.776245686152183367e+00 -3.435491162913291516e-03
1.799294474958163637e+00 -3.141510024235402015e-03
1.820809113003682977e+00 -3.151532108508511495e-03
1.840643490692506434e+00 -2.927705559742390957e-03
1.859528156005805455e+00 -3.141510024235402883e-03
1.877864910333225890e+00 -2.834166106526699730e-03
1.898137616810752215e+00 -3.766219943925917801e-03
1.917204919119344320e+00 -3.422128383882478298e-03
1.936454858423229508e+00 -3.425469078640182904e-03
1.958225188262159078e+00 -3.736153691106588494e-03
1.976963743979223809e+00 -3.438831857670994821e-03
1.999829895789911216e+00 -3.007882233927269833e-03
