-5.780004320971874124e-03 -2.189412018289964117e-03
1.821849686053230929e-02 -6.426703454733411489e-04
3.958702530981685758e-02 -7.863202200545824864e-04
5.701059466077194188e-02 -1.374282497410361488e-03
7.691802714771225902e-02 -1.120389695824911642e-03
9.788475420735215371e-02 -1.441096392564427580e-03
1.185227346754645639e-01 -7.930016095699889871e-04
1.376265643831155183e-01 -1.705011278422987340e-03
1.563651201001804159e-01 -1.421052224018207969e-03
1.788659979202817663e-01 -1.407689444987394534e-03
1.995039783883941764e-01 -1.324172076044812353e-03
2.173658765280525595e-01 -1.771825173577052780e-03
2.371637268178170832e-01 -1.514591677233899846e-03
2.577651798868708655e-01 -1.013487463578406546e-03
2.763941534067599348e-01 -1.721714752211503862e-03
2.968860242786379167e-01 -1.300787212740889438e-03
3.192773199015634944e-01 -1.581405572387965721e-03
3.373218550365149060e-01 -1.855342542519635395e-03
3.579963629036858608e-01 -1.818594900184899044e-03
3.798397475407324086e-01 -1.254017486133043174e-03
3.992723238399106811e-01 -1.407689444987394751e-03
4.195815577164956900e-01 -9.667177369705602825e-04
4.384662230297951546e-01 -1.404348750229691013e-03
4.581910185214423392e-01 -1.297446517983185700e-03
4.779523414121481517e-01 -1.608131130449591724e-03
5.001244726407221286e-01 -1.427733613533613928e-03
5.194109393436661115e-01 -2.256225913444030208e-03
5.378207484692034690e-01 -1.360919718379548704e-03
5.607234276789494487e-01 -1.133752474855724644e-03
5.786949080157837155e-01 -1.354238328864141878e-03
5.972508267375555846e-01 -1.544657930053229588e-03
6.183636633934299631e-01 -1.310809297013999135e-03
6.375040205001394344e-01 -1.771825173577052780e-03
6.589456037475411865e-01 -1.110367611551801728e-03
6.789991458307159666e-01 -1.578064877630262416e-03
6.959113315948504130e-01 -2.373150229963645001e-03
7.188505382036552982e-01 -1.651560162299734900e-03
7.402190666529396834e-01 -1.227291928071416955e-03
7.593228963605908044e-01 -1.664922941330547902e-03
7.774039588946007884e-01 -1.487866119172273193e-03
7.998683093156435664e-01 -1.451118476837537710e-03
8.190451938214116101e-01 -1.775165868334756519e-03
8.401580304772857666e-01 -1.701670583665284252e-03
8.603942095557537417e-01 -2.533503578333403186e-03
8.786213816859980152e-01 -1.374282497410361271e-03
8.971042456096526285e-01 -2.242863134413217423e-03
9.205183084062192878e-01 -1.878727405823558960e-03
9.404257408931596673e-01 -1.501228898203086628e-03
9.581415294365833724e-01 -2.406557177540678480e-03
9.812633730406812305e-01 -1.825276289700305870e-03
9.970432094339987117e-01 -1.618153214722701638e-03
1.020274635235272509e+00 -2.379831619479052043e-03
1.039159300548571974e+00 -2.730604569037897722e-03
1.057897856265636705e+00 -1.354238328864142095e-03
1.078462781935631387e+00 -1.751781005030833387e-03
1.098735488413158157e+00 -1.965585469523844445e-03
1.119373468881270650e+00 -1.768484478819349909e-03
1.137491058814339207e+00 -1.808572815911789781e-03
1.158786532465506447e+00 -2.239522439655514119e-03
1.178328690961860659e+00 -2.356446756175128478e-03
1.198418760444094122e+00 -1.457799866352943669e-03
1.219896871090554891e+00 -2.072487701770348890e-03
1.240242632366198139e+00 -2.192752713047667421e-03
1.260661448439958532e+00 -2.279610776747953340e-03
1.279619168551375141e+00 -1.741758920757723473e-03
1.297152320099506539e+00 -2.937727644015501738e-03
1.319945417112076580e+00 -1.477844034899163713e-03
1.339633685204665303e+00 -1.317490686529405527e-03
1.357751275137733860e+00 -2.242863134413217423e-03
1.378425783004904925e+00 -1.845320458246525264e-03
1.396031989351153024e+00 -1.785187952607865782e-03
1.416998716410792891e+00 -1.631515993753514639e-03
1.438842101047838939e+00 -1.868705321550448396e-03
1.460429793891475203e+00 -2.653768589610721717e-03
1.478218637233016608e+00 -1.334194160317922050e-03
1.497432049137843446e+00 -1.401008055471988142e-03
1.517923920009721206e+00 -1.745099615515426561e-03
1.540169106036412883e+00 -1.865364626792745308e-03
1.559419045340297849e+00 -1.948881995735327272e-03
1.576075539311021956e+00 -1.547998624810933109e-03
1.599306965112295753e+00 -2.520140799302590402e-03
1.619762308585114718e+00 -1.908793658642887400e-03
1.637222405335128750e+00 -1.968926164281546883e-03
1.656180125446545359e+00 -2.286292166263359515e-03
1.677548653895829744e+00 -2.600317473487469278e-03
1.700487860504634074e+00 -2.139301596924415415e-03
1.717253936672534786e+00 -1.554680014326339284e-03
1.739535650098284147e+00 -2.002333111858579928e-03
1.755315486491602295e+00 -2.593636083972063969e-03
1.777816364311703312e+00 -1.928837827189107661e-03
1.798527399577933394e+00 -2.002333111858580796e-03
1.821576188383913886e+00 -2.055784227981832801e-03
1.838561428946165810e+00 -1.651560162299734900e-03
1.856021525696179397e+00 -2.182730628774557941e-03
1.877937965131342590e+00 -1.801891426396382738e-03
1.897480123627697246e+00 -2.259566608201734380e-03
1.918227686292985457e+00 -2.463348988421635091e-03
1.940947728507438130e+00 -2.580273304941249884e-03
1.960453359604733992e+00 -1.938859911462217792e-03
1.978936223528388272e+00 -2.617020947275986234e-03
1.997930471038863898e+00 -1.778506563092459823e-03
