-1.615880828290782193e-03 -1.651560162299734683e-03
-1.908100020759631024e-03 -1.016828158336109634e-03
-5.931136546498129132e-04 -1.163818727675054818e-03
-3.661415175572722489e-03 -1.397667360714284403e-03
-1.250606837704722456e-03 -1.307468602256296047e-03
-2.857812396283387988e-03 -9.767398212436701962e-04
-3.990161767100176664e-03 -1.678285720361360903e-03
2.104891246395204760e-04 -5.224053341960228350e-04
-3.113504189693630606e-03 -7.595946619929564835e-04
-5.931136546498128048e-04 -1.728396141726910255e-03
-3.734469973689934479e-03 -8.664968942394616876e-04
-5.200588565326005972e-04 -1.875386711065855005e-03
-2.309901410404298274e-03 -1.591427656661075418e-03
-9.583876452358735176e-04 -1.634856688511218594e-03
-1.067969842411691612e-03 -1.568042793357152503e-03
-3.734469973689934479e-03 -1.831957679215712479e-03
-1.506298631114964424e-03 -1.120389695824911642e-03
-3.076976790635024828e-03 -1.441096392564427146e-03
-3.551832978396903852e-03 -9.132666208473077347e-04
-3.296141184986661234e-03 -1.260698875648450000e-03
-3.003921992517813271e-03 -1.063597884943955681e-03
-3.807524771807146904e-03 -1.865364626792745525e-03
-3.990161767100176664e-03 -1.133752474855725077e-03
-2.273374011345692062e-03 -1.300787212740889221e-03
-2.017682217935449877e-03 -1.280743044194669611e-03
-1.944627419818237236e-03 -1.634856688511218377e-03
5.392357161669751120e-04 -8.932224523010876905e-04
-1.579353429232176632e-03 -1.517932371991603151e-03
2.785212934649028559e-05 -1.190544285736680604e-03
-1.615880828290782627e-03 -1.110367611551801728e-03
1.123674101104672014e-03 -7.462318829621427231e-04
1.739617255809142637e-04 -6.426703454733413657e-04
4.557249612613642302e-03 -1.033531632124626374e-03
6.091400373075096276e-03 -7.696167462660660720e-04
8.867482701529155395e-03 -1.167159422432757689e-03
1.445617475749588765e-02 -1.407689444987394317e-03
1.668434610007085706e-02 -5.892192293500886011e-04
2.541439447507770275e-02 -1.317490686529405744e-03
2.866533299129364609e-02 -7.796388305391762025e-04
3.644566899077673894e-02 -1.370941802652657967e-03
4.294754602320861175e-02 -1.177181506705867603e-03
4.981469704622656230e-02 -1.110367611551801728e-03
6.055375236945675227e-02 -7.028028511120007395e-04
6.848019796517423874e-02 -6.326482612002312352e-04
7.600484217124710284e-02 -1.434415003049020537e-03
8.385823296884740985e-02 -1.982288943312360534e-03
9.346493892126084280e-02 -1.604790435691888636e-03
1.035465010614361053e-01 -2.618311430951659460e-04
1.149795769667797951e-01 -1.698329888907580730e-03
1.245497555201345724e-01 -1.140433864371131470e-03
1.337546600829032650e-01 -1.387645276441174923e-03
1.433978934343752842e-01 -1.123730390582615597e-03
1.533333459783161046e-01 -1.390985971198878228e-03
1.650586410761286926e-01 -1.043553716397735854e-03
1.751402032163039413e-01 -1.421052224018207969e-03
1.890206148585742429e-01 -9.299700946358240407e-04
1.968009508580572942e-01 -1.411030139745098272e-03
2.109005268946792522e-01 -1.143774559128834774e-03
2.219318014103783265e-01 -1.183862896221273995e-03
2.312097607712643166e-01 -1.137093169613428165e-03
2.443230970333038765e-01 -1.684967109876767295e-03
2.569615771075815513e-01 -8.030236938430990092e-04
2.693443653884489697e-01 -1.624834604238108030e-03
2.808504960919098181e-01 -1.030190937366922853e-03
2.939273049548908889e-01 -9.500142631820439765e-04
3.060909288414067064e-01 -1.260698875648450434e-03
3.186928815166257256e-01 -8.097050833585055099e-04
3.279708408775117157e-01 -1.026850242609219765e-03
3.394039167828554193e-01 -1.334194160317922050e-03
3.518597598618400935e-01 -5.959006188654951018e-04
3.637311645558869433e-01 -1.046894411155439159e-03
3.742510554847655602e-01 -4.923390813766928770e-04
3.906153302630210877e-01 -1.056916495428549072e-03
4.010621663937823378e-01 -5.758564503192755996e-04
4.141024478577048362e-01 -1.133752474855724860e-03
4.243301195941145409e-01 -1.701670583665284252e-03
4.363476338843959579e-01 -2.269588692474842993e-03
4.489130591605564602e-01 -1.715033362696097253e-03
4.619898680235373645e-01 -1.190544285736680821e-03
4.738978001166428977e-01 -6.293075664425279306e-04
4.849656020314004889e-01 -1.294105823225482829e-03
4.990286506689639578e-01 -1.481184729656866584e-03
5.111192197573624085e-01 -9.232887051204174316e-04
5.278852959252627874e-01 -1.537976540537822762e-03
5.377842210701450076e-01 -1.203907064767494473e-03
5.530161464775836810e-01 -1.380963886925767881e-03
5.636456196036380151e-01 -1.397667360714284837e-03
5.773799216496738884e-01 -4.856576918612863763e-04
5.890686893484278208e-01 -8.497934204509451648e-04
6.004287104556543797e-01 -9.099259260896044301e-04
6.148205056847450001e-01 -1.768484478819349476e-03
6.282260611392536109e-01 -7.829795252968795071e-04
6.412663426031757208e-01 -1.223951233313713433e-03
6.518227609311129100e-01 -1.063597884943955681e-03
6.646073506016252352e-01 -1.250676791375339870e-03
6.774649950702544832e-01 -1.735077531242317081e-03
6.921124820927555543e-01 -1.360919718379548704e-03
7.043491607773887386e-01 -1.411030139745097622e-03
7.152708530959118738e-01 -2.099213259831975761e-03
7.287129359494788350e-01 -8.765189785125713845e-04
7.438352791597416802e-01 -1.157137338159647776e-03
