-3.374218612395704577e-04 -1.841979763488821959e-03
2.501259308543304222e-02 -1.735077531242317731e-03
5.175064919633265426e-02 -1.213929149040603736e-03
7.531082158913360303e-02 -1.972266859039250621e-03
9.993028855463409466e-02 -2.052443533224129497e-03
1.259012692853029858e-01 -2.727263874280194417e-03
1.480734005138768516e-01 -2.526822188817996577e-03
1.738982716483113422e-01 -3.021245012958084352e-03
2.001979989705076901e-01 -3.575800342736830308e-03
2.240869179548360957e-01 -3.859759397141609896e-03
2.492177685071570170e-01 -4.544601822470784730e-03
2.758827698199394218e-01 -4.908737551060443627e-03
2.986028120343924286e-01 -5.670415955816791864e-03
3.273864024925740579e-01 -6.432094360573143571e-03
3.526998900401879800e-01 -6.883088152863088387e-03
3.757486788461684157e-01 -7.320719166122219117e-03
3.992723238399106811e-01 -7.905340748720296115e-03
4.239283182044698561e-01 -8.102441739424788916e-03
4.479998741840912624e-01 -8.810669028057886015e-03
4.738612727175843253e-01 -9.629139243695190864e-03
4.985537944812020728e-01 -9.128035030039699516e-03
5.241960286203434238e-01 -9.348520884048115015e-03
5.510436669284189959e-01 -1.067143600809862015e-02
5.742385653306338877e-01 -1.076163476655660721e-02
6.000269090660096394e-01 -1.117254022175411150e-02
6.253038692145651556e-01 -1.191751515272194799e-02
6.486814046120727983e-01 -1.258231340950490343e-02
6.731182345822804836e-01 -1.277273301069399049e-02
6.991257427120077805e-01 -1.348096029932708759e-02
7.247679768511493537e-01 -1.454330123227673063e-02
7.477802382580712726e-01 -1.449987220042658898e-02
7.727649792141575436e-01 -1.495086599271653292e-02
8.011832956817531715e-01 -1.559896077571096794e-02
8.256566530510190960e-01 -1.640740890707517025e-02
8.527234557534464354e-01 -1.703880021628109004e-02
8.763932103434232124e-01 -1.701207465821946360e-02
9.006839307173960529e-01 -1.717242800658922569e-02
9.242441031101971127e-01 -1.786395182143380236e-02
9.507629948267449782e-01 -1.920357041927282099e-02
9.752728795950695861e-01 -1.955100267407396120e-02
1.000915113734211159e+00 -1.965122351680506294e-02
1.025534580699712039e+00 -2.043628678486533040e-02
1.048583369505691865e+00 -2.084719224006283816e-02
1.074444768039185316e+00 -2.203313887904751259e-02
1.099977419981150728e+00 -2.250083614512597349e-02
1.125254380129706577e+00 -2.282822423138089127e-02
1.148412751132862342e+00 -2.312554606481648581e-02
1.171753759131311634e+00 -2.395403836472689493e-02
1.199551109814910976e+00 -2.410771032358125301e-02
1.223111282207711925e+00 -2.458877036869052193e-02
1.249666701323318474e+00 -2.554420906939366270e-02
1.273628675105763941e+00 -2.593507035604494804e-02
1.299343964043022659e+00 -2.619230385238810119e-02
1.324620924191578064e+00 -2.664329764467805034e-02
1.349021226762727066e+00 -2.732145868049181553e-02
1.376014974667036483e+00 -2.859760407793447007e-02
1.397712249707849352e+00 -2.917888496577484420e-02
1.423719757837576649e+00 -2.918890705004796235e-02
1.449142827582366122e+00 -2.961651597903397840e-02
1.474017986341277009e+00 -3.050514078458305481e-02
1.498564398508660078e+00 -3.092606832405366685e-02
1.524535379239329025e+00 -3.141715045343605739e-02
1.550104558580353009e+00 -3.195166161466857224e-02
1.572568909001396120e+00 -3.297391421052577737e-02
1.599306965112295975e+00 -3.291044101012941675e-02
1.625387528040140417e+00 -3.336811619193476991e-02
1.646756056489425024e+00 -3.423001543942222336e-02
1.673092311210680139e+00 -3.552954570016880059e-02
1.699245928936641725e+00 -3.575003155417721956e-02
1.724449834287080430e+00 -3.600726505052036924e-02
1.750420815017749376e+00 -3.632797174725988648e-02
1.774455843598311988e+00 -3.681237248712686955e-02
1.800061550338394767e+00 -3.782794369346866720e-02
1.824863654299188287e+00 -3.851946750831323346e-02
1.846597456739058618e+00 -3.883683351029505043e-02
1.871326505901734993e+00 -3.953503871465503805e-02
1.897260959233345146e+00 -4.036019031980775384e-02
1.922720556377193635e+00 -4.084125036491702970e-02
1.950883181051379145e+00 -4.141584986324199635e-02
1.974370298646062505e+00 -4.224434216315240548e-02
2.000341279376731229e+00 -4.209067020429806821e-02
2.022513410605305317e+00 -4.252830121755719894e-02
2.049178411918088027e+00 -4.364743396138780207e-02
2.074090098076057487e+00 -4.398818482667353480e-02
2.100462880196370286e+00 -4.515408729711197638e-02
2.122561956626827229e+00 -4.474986323142988304e-02
2.151893458070888165e+00 -4.576209374301396654e-02
2.175453630463688448e+00 -4.617968058772689566e-02
2.201607248189651145e+00 -4.680104981265970077e-02
2.225897968563624207e+00 -4.831438453789929643e-02
2.248471901181842814e+00 -4.779323615569758266e-02
2.274442881912511094e+00 -4.861838776085027763e-02
2.300852191431883575e+00 -4.893241306807440127e-02
2.323608761045394822e+00 -5.022860263406326436e-02
2.351442639128053180e+00 -5.076645449005350030e-02
2.374674064929326534e+00 -5.102368798639665692e-02
2.401083374448699015e+00 -5.135441676740928191e-02
2.426506444193488488e+00 -5.218959045683510545e-02
2.450285780980640649e+00 -5.291452121925671603e-02
2.478338823457650442e+00 -5.339892195912369910e-02
2.500036098498462422e+00 -5.406372021590665627e-02
