-3.405723382162479437e-03 -2.423260651329194135e-03
2.260178474756504088e-02 -1.334194160317921833e-03
4.670986812624502993e-02 -1.464481255868350278e-03
7.253473926067952049e-02 -2.156005070712931071e-03
9.825002819793823838e-02 -2.129279512651305502e-03
1.227964403653214742e-01 -2.743967348068710507e-03
1.496806060724555076e-01 -2.503437325514073879e-03
1.726928674793773988e-01 -3.378699352032336206e-03
1.980794098251085489e-01 -3.799626891502950847e-03
2.235390069689569825e-01 -4.020112745511368081e-03
2.472818163570509875e-01 -4.808516708329344490e-03
2.712437901394965101e-01 -4.738362118417575528e-03
2.977626818560444866e-01 -4.905396856302739021e-03
3.234779707933032045e-01 -5.383116206654310273e-03
3.492663145286790671e-01 -5.887561115067507962e-03
3.755295144518167039e-01 -5.563513723570287853e-03
3.993453786380280479e-01 -6.251696843657165992e-03
4.246588661856419700e-01 -6.896450931893900738e-03
4.496070797426698906e-01 -7.076848448809879184e-03
4.743361289053461549e-01 -7.531182935857524269e-03
4.971292259179163620e-01 -8.790624859511667055e-03
5.238307546297574779e-01 -8.733833048630710444e-03
5.499478449566607141e-01 -9.111331556251184294e-03
5.751517503070988635e-01 -9.308432546955677095e-03
5.997712172725994106e-01 -9.472126590083137718e-03
6.247559582286860147e-01 -1.039081764845154257e-02
6.506173567621790221e-01 -1.006342956219661959e-02
6.722415770048738581e-01 -1.067811739761402243e-02
6.998928180922385778e-01 -1.131284940157764769e-02
7.230146616963363249e-01 -1.195426279505668217e-02
7.491682794222981334e-01 -1.264578660990126578e-02
7.753218971482600530e-01 -1.313352804452594218e-02
8.027539738412731163e-01 -1.349432307835789734e-02
8.241955570886749793e-01 -1.393195409161702633e-02
8.462215787210145557e-01 -1.432615607302601540e-02
8.718272854610972233e-01 -1.494084390844342518e-02
8.992228347550517142e-01 -1.469029180161567777e-02
9.222716235610322055e-01 -1.564238980756111480e-02
9.483521864888769803e-01 -1.627044042200933086e-02
9.733734548440223788e-01 -1.654771808689870990e-02
9.992348533775156083e-01 -1.732275927068586963e-02
1.025534580699711817e+00 -1.685506200460740525e-02
1.047998931120754484e+00 -1.822808755002346126e-02
1.074554350236361033e+00 -1.831160491896604431e-02
1.098077995230103188e+00 -1.858554188909771268e-02
1.124779523941944692e+00 -1.883275330116775462e-02
1.146184579790287428e+00 -1.977148852808238016e-02
1.172301670117190664e+00 -2.043294609010763013e-02
1.200391239993258585e+00 -2.070354236548159824e-02
1.222709480818067185e+00 -2.106433739931356033e-02
1.249593646525201107e+00 -2.117123963156006608e-02
1.273080764119884911e+00 -2.219349222741726427e-02
1.297115792700447745e+00 -2.297187410596213467e-02
1.325059252980281599e+00 -2.259103490358395708e-02
1.347414021204147883e+00 -2.324581107609380651e-02
1.374152077315047960e+00 -2.392731280666527890e-02
1.399465564862662381e+00 -2.471905746424095732e-02
1.424194614025338312e+00 -2.473910163278717628e-02
1.447535622023787161e+00 -2.524354654120037483e-02
1.471899397195877368e+00 -2.597515869313739290e-02
1.498527871109601950e+00 -2.598184008265279343e-02
1.522307207896754333e+00 -2.656312097049316756e-02
1.549556647594474201e+00 -2.695398225714445289e-02
1.572203635010810174e+00 -2.713772046881813768e-02
1.598028506145244387e+00 -2.819003931749467298e-02
1.622027007326748649e+00 -2.869782492066556834e-02
1.647851878461183528e+00 -2.931585345084068012e-02
1.673019256412562550e+00 -3.006416907656621340e-02
1.698478853556411483e+00 -3.022786311969367923e-02
1.722148608146387705e+00 -3.082918817608027232e-02
1.748886664257287116e+00 -3.114655417806208235e-02
1.771825870866092556e+00 -3.102294847202706485e-02
1.797979488592053920e+00 -3.177794548726800561e-02
1.823950469322723089e+00 -3.274340627224425065e-02
1.850140614447743470e+00 -3.259307500814760672e-02
1.874504389619833677e+00 -3.319774075929190355e-02
1.898941219590041030e+00 -3.319774075929191048e-02
1.925058309916944488e+00 -3.458746977849647131e-02
1.949239448093741611e+00 -3.418992710232978544e-02
1.972288236899721880e+00 -3.520549830867158309e-02
2.001144882156021154e+00 -3.547275388928785439e-02
2.021052314642961090e+00 -3.655179829602601266e-02
2.049434103711498256e+00 -3.700947347783135888e-02
2.071277488348544527e+00 -3.730345461650924621e-02
2.100061078806726211e+00 -3.752394047051765824e-02
2.121794881246597431e+00 -3.807515510553870913e-02
2.147802389376324061e+00 -3.840922458130903439e-02
2.175928486651450555e+00 -3.950497246183571481e-02
2.201680302987768290e+00 -3.993926278033714528e-02
2.224729091793749003e+00 -4.061074242663550299e-02
2.250627017726300583e+00 -4.094815259716353545e-02
2.273931498325691525e+00 -4.141250916848428915e-02
2.299756369460125960e+00 -4.181339253940869610e-02
2.323499178848219771e+00 -4.193031685592830266e-02
2.349506686977947734e+00 -4.277885332438492727e-02
2.377011818469077387e+00 -4.367415951944943892e-02
2.398928257904241246e+00 -4.341692602310626148e-02
2.424351327649030718e+00 -4.326325406425191727e-02
2.449007322013589949e+00 -4.463627960966796981e-02
2.475672323326372215e+00 -4.526433022411618934e-02
2.500182208094696712e+00 -4.521421980275064367e-02
