-1.725463025466601047e-03 -1.053575800670845768e-03
2.486648348919861043e-02 -1.497888203445383757e-03
5.098357381610194722e-02 -1.778506563092460040e-03
7.753899293170854468e-02 -1.965585469523844012e-03
1.001494529489857094e-01 -2.045762143708722888e-03
1.259012692853029580e-01 -2.189412018289964117e-03
1.508860102413895066e-01 -2.723923179522490679e-03
1.751767306153625414e-01 -2.790737074676556771e-03
1.995039783883941764e-01 -2.540184967848809795e-03
2.215665274197921863e-01 -3.358655183486116379e-03
2.491447137090398445e-01 -3.398743520578555600e-03
2.751522218387673635e-01 -3.625910764102379009e-03
2.963746406918174592e-01 -4.110311503969356003e-03
3.249755941547060600e-01 -5.192696605465223214e-03
3.490836775333859276e-01 -4.821879487360157708e-03
3.752738226584065862e-01 -4.892034077271926670e-03
3.990896868446175416e-01 -6.224971285595539555e-03
4.235630442138837992e-01 -6.164838779956880073e-03
4.491322235549080610e-01 -6.077980716256594154e-03
4.752127864827527248e-01 -6.662602298854670285e-03
4.976771369037954473e-01 -6.736097583524142986e-03
5.221504942730615939e-01 -7.160365817752461365e-03
5.494364613698402566e-01 -8.112463823697898396e-03
5.756266064948607486e-01 -7.952110475328141512e-03
5.983831761083723277e-01 -8.306224119644689194e-03
6.241715198437484124e-01 -8.436511215195115904e-03
6.500329183772413089e-01 -9.001088629246973075e-03
6.730086523851046554e-01 -9.365224357836631972e-03
6.996005988997696656e-01 -9.732700781183994607e-03
7.253889426351456393e-01 -9.736041475941698345e-03
7.495700808119429848e-01 -1.028057472144733309e-02
7.741530203783846265e-01 -1.101218687338435462e-02
7.982245763580060327e-01 -1.177386527814070286e-02
8.253644338585505169e-01 -1.152331317131296065e-02
8.507144488052229558e-01 -1.156674220316310578e-02
8.747860047848443621e-01 -1.187074542611410086e-02
8.999168553371652557e-01 -1.234178338695026550e-02
9.219063495704462596e-01 -1.257229132523179221e-02
9.472563645171189206e-01 -1.340078362514220481e-02
9.755650987875386093e-01 -1.372149032188172031e-02
9.986869423916362454e-01 -1.401547146055960938e-02
1.022868080568433591e+00 -1.421257245126410391e-02
1.048656424303809453e+00 -1.449653150566888871e-02
1.074700459832595101e+00 -1.500431710883978580e-02
1.098224104826337699e+00 -1.539851909024877313e-02
1.124742996542885898e+00 -1.549205854346446740e-02
1.149106771714975883e+00 -1.593637094623900213e-02
1.175917882623992661e+00 -1.619360444258215528e-02
1.200391239993259029e+00 -1.669804935099535731e-02
1.224462795972880214e+00 -1.662121337156817827e-02
1.249484064328025612e+00 -1.779713792627973801e-02
1.275272408063401253e+00 -1.795749127464949663e-02
1.299490073639257615e+00 -1.834167117178537101e-02
1.325387999571809416e+00 -1.854211285724757102e-02
1.352162583081766511e+00 -1.904989846041846985e-02
1.376562885652915735e+00 -1.925034014588066639e-02
1.398771544280548618e+00 -1.971803741195913076e-02
1.422002970081821971e+00 -2.014898703570285055e-02
1.449106300183307106e+00 -2.049307859574629048e-02
1.476867123467848542e+00 -2.068683889169308648e-02
1.499696747879477376e+00 -2.174917982464272606e-02
1.523841358657215483e+00 -2.178258677221975650e-02
1.548168606430247118e+00 -2.199973193147047867e-02
1.575454573527026447e+00 -2.199973193147047520e-02
1.598174615741478677e+00 -2.316229370715122346e-02
1.624693507458026875e+00 -2.286163117895792171e-02
1.650043522404699203e+00 -2.389390585908823805e-02
1.675503119548547915e+00 -2.447518674692861912e-02
1.698003997368649154e+00 -2.505980832952669005e-02
1.724961217873900665e+00 -2.490947706543004264e-02
1.751005253402686312e+00 -2.484934455979138576e-02
1.773177384631260844e+00 -2.537717433150851049e-02
1.800098077737452895e+00 -2.588161923992169863e-02
1.825521147482242812e+00 -2.625577705278446528e-02
1.851017272025149873e+00 -2.735486562806885291e-02
1.876622978765232652e+00 -2.703749962608703594e-02
1.901023281336381876e+00 -2.753860383974252729e-02
1.926446351081171793e+00 -2.777579316753946148e-02
1.950116105671148237e+00 -2.845395420335323708e-02
1.973785860261124681e+00 -2.887154104806614191e-02
2.001181409555079505e+00 -2.907866412304374940e-02
2.023536177778946676e+00 -2.970337404273426518e-02
2.051077836669135568e+00 -2.980359488546535998e-02
2.074893700855346523e+00 -3.044834897370210167e-02
2.100426352797312379e+00 -3.039489785757884532e-02
2.125630258147750418e+00 -3.074567080713768927e-02
2.150688053901954166e+00 -3.161425144414053978e-02
2.177681801806263806e+00 -3.204854176264197024e-02
2.200767118011302870e+00 -3.216880677391929094e-02
2.225788386366448712e+00 -3.270999932466722021e-02
2.250334798533831560e+00 -3.291378170488712396e-02
2.276963272447555475e+00 -3.306077227422607456e-02
2.300779136633766875e+00 -3.353849162457763627e-02
2.324485418622801447e+00 -3.423669682893762389e-02
2.348995303391126832e+00 -3.429014794506088371e-02
2.375258503314264136e+00 -3.452733727285781096e-02
2.401266011443992099e+00 -3.492487994902449683e-02
2.427748375761481281e+00 -3.509859607642507734e-02
2.449153431609824239e+00 -3.564647001668841408e-02
2.475928015119782444e+00 -3.678564692906523964e-02
2.499415132714466026e+00 -3.661527149642236634e-02
