-1.104497241470297824e-03 -1.547998624810933109e-03
2.599883286001539867e-02 -1.648219467542031596e-03
5.039913543116424782e-02 -1.514591677233899846e-03
7.381319822773074746e-02 -1.634856688511217944e-03
9.938237756875500928e-02 -1.811913510669492435e-03
1.230521321587317168e-01 -2.122598123135898459e-03
1.505572636498620498e-01 -2.376490924721348739e-03
1.743000730379559993e-01 -2.292973555778766558e-03
1.996135605855700046e-01 -2.860891664588325733e-03
2.233563699736639541e-01 -3.108103076658370271e-03
2.495465150986845015e-01 -3.211664614147170978e-03
2.748234752472398790e-01 -3.676021185467929012e-03
2.989680860249784855e-01 -4.063541777361509739e-03
3.256696147368194905e-01 -4.147059146304091920e-03
3.483531295522139248e-01 -3.916551208022566073e-03
3.731917609120659063e-01 -4.551283211986190472e-03
4.004412006097861632e-01 -4.745043507932982137e-03
4.246223387865833421e-01 -5.794021661851814567e-03
4.467944700151571524e-01 -5.743911240486266299e-03
4.733498891307637568e-01 -6.168179474714583811e-03
4.999418356454291001e-01 -5.847472777975066573e-03
5.240499190241090233e-01 -6.472182697665582359e-03
5.482675845999648301e-01 -6.893110237136197867e-03
5.744577297249854331e-01 -6.615832572246824889e-03
6.001364912631854676e-01 -7.384192366518582337e-03
6.239888828484553285e-01 -7.170387902025570845e-03
6.484622402177212530e-01 -7.694876978984987494e-03
6.733373989766321399e-01 -8.389741488587272242e-03
6.974089549562535462e-01 -8.563457615987842345e-03
7.234164630859807321e-01 -8.793965554269369059e-03
7.501910465959392704e-01 -9.004429324004676813e-03
7.755775889416702817e-01 -9.034495576824006988e-03
7.990647065363539747e-01 -9.398631305413664150e-03
8.243416666849094909e-01 -1.015028762589690638e-02
8.490341884485270718e-01 -9.893054129553751491e-03
8.748590595829615069e-01 -1.069816156616024486e-02
8.977982661917660590e-01 -1.074827198752579226e-02
9.212853837864500850e-01 -1.080172310364904686e-02
9.489731522728734880e-01 -1.157008289792080778e-02
9.733734548440223788e-01 -1.171707346725974798e-02
1.000549839743625213e+00 -1.189747098417572382e-02
1.024256121732660452e+00 -1.282952482157494363e-02
1.045551595383827692e+00 -1.241527867161973733e-02
1.073385473466485607e+00 -1.276605162117857954e-02
1.098516324018806722e+00 -1.347761960456938385e-02
1.124925633538178982e+00 -1.377160074324727118e-02
1.146440271583697657e+00 -1.421257245126410738e-02
1.173726238680476097e+00 -1.461345582218850046e-02
1.200172075598907373e+00 -1.522480296284820130e-02
1.225412508348403984e+00 -1.484730445522773265e-02
1.250616413698842022e+00 -1.514462628866332372e-02
1.276879613621979770e+00 -1.562234563901489237e-02
1.300622423010074247e+00 -1.603993248372780414e-02
1.323853848811347822e+00 -1.614683471597430989e-02
1.349313445955195201e+00 -1.628380320104014928e-02
1.373932912920696081e+00 -1.673479699333008802e-02
1.398442797689021022e+00 -1.705216299531190152e-02
1.423208374250755970e+00 -1.738623247108223371e-02
1.448375752202135658e+00 -1.785058904240298394e-02
1.476026993289500266e+00 -1.828487936090441787e-02
1.500062021870062878e+00 -1.875925801649828625e-02
1.524571906638387819e+00 -1.881939052213693966e-02
1.548570407819891637e+00 -1.971803741195912729e-02
1.573628203574095608e+00 -1.923363667209215463e-02
1.598612944530181768e+00 -2.003540341394094079e-02
1.624949199251437104e+00 -2.067347611266227153e-02
1.648144097653651663e+00 -2.057659596468887353e-02
1.673749804393735108e+00 -2.115119546301383671e-02
1.699501620730051954e+00 -2.127814186380656489e-02
1.723609704108732377e+00 -2.102424906222111201e-02
1.749471102642225384e+00 -2.205986443710913208e-02
1.776391795748417657e+00 -2.238725252336406027e-02
1.798965728366636263e+00 -2.273134408340749327e-02
1.824973236496364004e+00 -2.300194035878146484e-02
1.849957977452451052e+00 -2.292844507411198954e-02
1.873262458051841106e+00 -2.408766615503503059e-02
1.898466363402279589e+00 -2.370682695265684953e-02
1.926117604489643975e+00 -2.443509840983617773e-02
1.947960989126691134e+00 -2.508653388758831301e-02
1.976744579584872152e+00 -2.489611428639922769e-02
1.999939477987087155e+00 -2.508319319283061621e-02
2.021782862624133426e+00 -2.586157507137547967e-02
2.049434103711498256e+00 -2.582148673428303481e-02
2.075660776235577210e+00 -2.681367307732092017e-02
2.098052071858502732e+00 -2.696400434141756758e-02
2.125484148551516128e+00 -2.726132617485315518e-02
2.150286252512309204e+00 -2.757201078731956467e-02
2.177499164810971166e+00 -2.797289415824396122e-02
2.199123385053666002e+00 -2.827355668643725256e-02
2.223925489014459522e+00 -2.846397628762633789e-02
2.250334798533831560e+00 -2.838714030819916578e-02
2.274041080522866576e+00 -2.922231399762498932e-02
2.301217465422469743e+00 -2.955638347339531805e-02
2.324375836425626396e+00 -2.964992292661100884e-02
2.350712091146881288e+00 -2.969335195846114703e-02
2.376463907483198579e+00 -3.036483160475951168e-02
2.399330059293885320e+00 -3.070892316480295509e-02
2.424314800249972368e+00 -3.099288221920773467e-02
2.450030089187230864e+00 -3.113653209378897807e-02
2.475380104133903636e+00 -3.228573109043890443e-02
2.499963043700345278e+00 -3.195500230942627945e-02
