-1.182574668879342685e-04 -1.213929149040603953e-03
2.245567515133060563e-02 -1.203907064767493823e-03
4.981469704622656230e-02 -1.828616984458008958e-03
7.534734898819218929e-02 -1.230632622829120476e-03
9.909015837628616652e-02 -1.681626415119064424e-03
1.238557349380210587e-01 -1.978948248554656796e-03
1.484386745044629086e-01 -2.236181744897810381e-03
1.729850866718461722e-01 -2.035740059435613408e-03
1.975314988392294635e-01 -2.890957917407655908e-03
2.225892945934332123e-01 -2.677153452914644415e-03
2.494734603005672735e-01 -2.997860149654161220e-03
2.737641806745403361e-01 -3.275137814543533765e-03
2.979818462503961429e-01 -3.271797119785830026e-03
3.227108954130724072e-01 -3.465557415732621258e-03
3.484992391484483254e-01 -3.856418702383906157e-03
3.742875828838241881e-01 -4.050178998330698256e-03
3.978112278775665089e-01 -3.929913987053378424e-03
4.239283182044699116e-01 -5.423204543746748194e-03
4.490956961558493776e-01 -5.343027869561871486e-03
4.742630741072289546e-01 -5.035683951853168333e-03
4.980058834953229319e-01 -5.673756650574497337e-03
5.228445148551750243e-01 -6.081321411014300495e-03
5.499843723557192865e-01 -5.667075261059088126e-03
5.751152229080402911e-01 -6.168179474714583811e-03
5.988215048970756405e-01 -6.462160613392472878e-03
6.258152528013856131e-01 -6.044573768679561108e-03
6.483161306214867414e-01 -6.829637036739836381e-03
6.720224126105223128e-01 -6.986649690351890395e-03
6.967514617731984661e-01 -7.594656136253890959e-03
7.264117098087868873e-01 -7.765031568896756456e-03
7.503736835912323544e-01 -7.891977969689481162e-03
7.743356573736779325e-01 -8.002220896693688912e-03
8.004162203015224852e-01 -8.075716181363164214e-03
8.228805707225652633e-01 -8.346312456737128849e-03
8.492168254438204889e-01 -9.295069767924862142e-03
8.746764225876687560e-01 -9.081265303431852384e-03
8.986749237691725734e-01 -9.856306487219015575e-03
9.238057743214936890e-01 -1.008347373074283855e-02
9.483887138879358858e-01 -1.012690276259298194e-02
9.757842631818901546e-01 -1.049437918594034458e-02
9.994174903728082482e-01 -1.048101640690953136e-02
1.023598628549605927e+00 -1.104893451571909227e-02
1.049752246275567513e+00 -1.115917744272330002e-02
1.074663932433536750e+00 -1.139302607576252874e-02
1.100561858366088774e+00 -1.128946453827372846e-02
1.124377722552299730e+00 -1.162687470880175572e-02
1.148814552522506860e+00 -1.186072334184098964e-02
1.173397492088948724e+00 -1.236516825025418820e-02
1.198930144030914580e+00 -1.288965732721360224e-02
1.223111282207711703e+00 -1.258899479902030744e-02
1.249009208140263505e+00 -1.290636080100211920e-02
1.277135305415389999e+00 -1.355779627875426142e-02
1.300878114803484698e+00 -1.366803920575846917e-02
1.326776040736035611e+00 -1.380166699606660136e-02
1.350738014518481522e+00 -1.463684068549242316e-02
1.373494584131992768e+00 -1.529161685800226739e-02
1.399100290872075769e+00 -1.496756946650504988e-02
1.423938922231928528e+00 -1.519473671002887112e-02
1.448302697404018069e+00 -1.593971164099670240e-02
1.472958691768577744e+00 -1.557557591240704871e-02
1.498929672499246468e+00 -1.638402404377124408e-02
1.524133577849684285e+00 -1.607668012606253832e-02
1.550615942167173467e+00 -1.674815977236090297e-02
1.574577915949619156e+00 -1.711897689046596935e-02
1.600037513093467645e+00 -1.681831436227267107e-02
1.626812096603426072e+00 -1.778043445249121932e-02
1.648838118235765204e+00 -1.746974984002481329e-02
1.674918681163610756e+00 -1.795749127464949663e-02
1.698844127546996763e+00 -1.827151658187360292e-02
1.723901923301201178e+00 -1.860892675240163538e-02
1.750055541027162986e+00 -1.939733071521961352e-02
1.773907932612432958e+00 -1.914343791363416411e-02
1.800463351728039729e+00 -1.953095850552774571e-02
1.822891174750023158e+00 -2.027927413125328246e-02
1.848022025302344273e+00 -2.050310068001940517e-02
1.875782848586885265e+00 -2.086389571385135339e-02
1.897297486632404384e+00 -2.126477908477574993e-02
1.923451104358366193e+00 -2.072358653402782067e-02
1.950262215267382970e+00 -2.134829645371833298e-02
1.974845154833824390e+00 -2.193291803631641085e-02
2.000377806775790024e+00 -2.201309471050128322e-02
2.022549938004364556e+00 -2.211331555323238843e-02
2.049141884519029233e+00 -2.232377932296769618e-02
2.074491899465702005e+00 -2.287833465274643693e-02
2.100645517191664258e+00 -2.352642943574087889e-02
2.124790127969402587e+00 -2.377364084781092429e-02
2.150541944305719433e+00 -2.359658402565264698e-02
2.176622507233564541e+00 -2.409100684979273085e-02
2.200986282405654748e+00 -2.390392794336135621e-02
2.225678804169272329e+00 -2.438832868322833233e-02
2.251649784899941054e+00 -2.479589344366812595e-02
2.275977032672972467e+00 -2.513330361419615841e-02
2.299683314662008371e+00 -2.559431949075921878e-02
2.324960274810563554e+00 -2.562772643833624575e-02
2.349981543165708953e+00 -2.600522494595672654e-02
2.375075866318971052e+00 -2.630922816890771815e-02
2.401375593641168038e+00 -2.675354057168225635e-02
2.426689081188781572e+00 -2.698404850996378307e-02
2.450651054971226817e+00 -2.711099491075650778e-02
2.474576501354613711e+00 -2.748515272361928136e-02
2.499561242310700315e+00 -2.767557232480835627e-02
