-1.725463025466601047e-03 -1.441096392564426929e-03
2.537786707601909567e-02 -1.481184729656866801e-03
4.999733404151956995e-02 -1.638197383268921248e-03
7.647969835900898794e-02 -1.841979763488822610e-03
9.945543236687220956e-02 -1.270720959921559480e-03
1.226868581681456599e-01 -1.715033362696096820e-03
1.506303184479792778e-01 -1.674945025603657598e-03
1.747384018266592287e-01 -1.985629638070063405e-03
2.006728551582695474e-01 -2.075828396528052195e-03
2.247809385369496094e-01 -2.723923179522490679e-03
2.494004055024501010e-01 -3.131487939962292102e-03
2.728509956980751383e-01 -2.997860149654160353e-03
3.004291819873227132e-01 -2.984497370623347134e-03
3.261809983236400035e-01 -3.328588930666785770e-03
3.505813008947888387e-01 -3.245071561724204023e-03
3.739223088932382422e-01 -3.562437563706016656e-03
3.974459538869803410e-01 -4.073563861634620087e-03
4.255355237630485399e-01 -3.923232597537972682e-03
4.498627715360801194e-01 -4.621437801897960301e-03
4.741169645109944986e-01 -4.601393633351739607e-03
5.032293015607035569e-01 -4.721658644629059438e-03
5.248535218033982819e-01 -4.588030854320926388e-03
5.498747901585435693e-01 -4.885352687756520061e-03
5.754804968986263480e-01 -5.109179236522641034e-03
6.025472996010535764e-01 -5.783999577578705087e-03
6.253038692145651556e-01 -5.399819680442827230e-03
6.506904115602961669e-01 -5.964397094494682666e-03
6.755655703192067207e-01 -6.301807265022715127e-03
6.984317221298943501e-01 -6.963264827047965962e-03
7.250967234426768382e-01 -6.649239519823856200e-03
7.501179917978220146e-01 -6.579084929912088105e-03
7.768925753077804419e-01 -7.233861102421932331e-03
7.985898503485918676e-01 -7.838526853566228289e-03
8.253644338585504059e-01 -7.811801295504602720e-03
8.483036404673551800e-01 -8.079056876120866218e-03
8.764662651415403571e-01 -7.952110475328141512e-03
9.003551841258685684e-01 -8.202662582155888921e-03
9.256321442744240846e-01 -8.523369278895402690e-03
9.526258921787341682e-01 -8.626930816384204698e-03
9.737022014355496413e-01 -8.526709973653106428e-03
1.002303154898438242e+00 -8.656997069203534872e-03
1.025717217695004901e+00 -9.001088629246976544e-03
1.049496554482157284e+00 -9.308432546955673625e-03
1.075504062611884581e+00 -9.809536760611170178e-03
1.100050474779268095e+00 -1.014694693113920611e-02
1.125546599322175156e+00 -1.035072931135910465e-02
1.150421758081085821e+00 -1.072822781897957156e-02
1.175479553835289348e+00 -1.106897868426530950e-02
1.199405000218676687e+00 -1.055785238633670867e-02
1.227932898883447699e+00 -1.105227521047679254e-02
1.251566126074365792e+00 -1.110906702135775088e-02
1.276733504025745480e+00 -1.086519630404540748e-02
1.301206861395011627e+00 -1.256560993571638300e-02
1.328164081900262694e+00 -1.183399778377936841e-02
1.350920651513774162e+00 -1.227831018655390141e-02
1.377037741840678287e+00 -1.230503574461552611e-02
1.401072770421240898e+00 -1.204780224827237296e-02
1.423646703039459505e+00 -1.330056278241110827e-02
1.451772800314585998e+00 -1.279277717924020598e-02
1.475332972707386725e+00 -1.375823796421645796e-02
1.502765049400399677e+00 -1.335067320377665741e-02
1.527311461567782969e+00 -1.353107072069263499e-02
1.550725524364349850e+00 -1.395199826016325050e-02
1.573737785771271769e+00 -1.411569230329070938e-02
1.599891403497233133e+00 -1.465354415928094012e-02
1.626337240415664187e+00 -1.533504588985241252e-02
1.649130337428234228e+00 -1.538181561646025965e-02
1.673822859191852030e+00 -1.527825407897145417e-02
1.697492613781828474e+00 -1.548871784870676192e-02
1.724486361686138558e+00 -1.569584092368436767e-02
1.749580684839401101e+00 -1.569250022892666394e-02
1.774346261401135605e+00 -1.568581883941125646e-02
1.800536406526156874e+00 -1.604995456800091536e-02
1.824133106318016173e+00 -1.617356027403593632e-02
1.850798107630798439e+00 -1.662789476108358228e-02
1.873993006033012998e+00 -1.684838061509199778e-02
1.900073568960857662e+00 -1.669804935099535384e-02
1.926117604489644419e+00 -1.755660790372509661e-02
1.951979003023137205e+00 -1.695528284733850352e-02
1.977292490570751626e+00 -1.759669624081753800e-02
2.000633498569200697e+00 -1.848198035160891067e-02
2.026275732708342048e+00 -1.762676249363686817e-02
2.048922720124678243e+00 -1.864233369997866929e-02
2.073286495296768006e+00 -1.864901508949407677e-02
2.098453873248147250e+00 -1.840848506693943884e-02
2.125374566354340189e+00 -1.910669027129942646e-02
2.151418601883126502e+00 -1.914343791363416758e-02
2.176914726426033120e+00 -1.962449795874343303e-02
2.200767118011303314e+00 -1.987839076032888591e-02
2.227651283718437014e+00 -1.945746322085827387e-02
2.253768374045340472e+00 -2.000533716112161409e-02
2.276050087471090055e+00 -1.970801532768601608e-02
2.303482164164103452e+00 -2.056991457517346952e-02
2.326202206378556347e+00 -2.048639720623087954e-02
2.351004310339350312e+00 -2.155207883393822979e-02
2.377925003445542362e+00 -2.105097462028274191e-02
2.402507943011984448e+00 -2.123471283195642323e-02
2.426689081188781572e+00 -2.130820811662589506e-02
2.451564239947692236e+00 -2.148860563354187264e-02
2.475635795927314309e+00 -2.217010736411333810e-02
2.501643304057040940e+00 -2.226030612257132862e-02
