8.314549086358234004e-04 -1.467821950626054016e-03
2.625452465342564823e-02 -1.524613761507009760e-03
5.003386144057818397e-02 -1.501228898203086845e-03
7.549345858442661761e-02 -1.380963886925767881e-03
9.777517201017635329e-02 -1.684967109876767295e-03
1.223946389756768033e-01 -2.025717975162503494e-03
1.495344964762210516e-01 -1.280743044194669394e-03
1.749210388219522849e-01 -1.808572815911789131e-03
1.992848139940425756e-01 -2.406557177540678480e-03
2.237216439642499832e-01 -2.393194398509865262e-03
2.477566725448128171e-01 -2.703879010976272153e-03
2.741294546651263930e-01 -3.037948486746600441e-03
3.006118189826157416e-01 -2.453326904148524310e-03
3.259618339292884026e-01 -2.683834842430051458e-03
3.512022666787851244e-01 -2.733945263795601460e-03
3.757486788461685268e-01 -3.225027393177984196e-03
3.993453786380279369e-01 -3.305204067362863506e-03
4.244397017912904246e-01 -3.288500593574346983e-03
4.505202647191350329e-01 -4.060201082603807736e-03
4.743361289053460994e-01 -4.046838303572993650e-03
4.991747602651983029e-01 -3.766219943925917801e-03
5.259128163760979913e-01 -4.541261127713080992e-03
5.511897765246532854e-01 -4.150399841061795658e-03
5.755535516967436038e-01 -4.327456663220070367e-03
5.990406692914272968e-01 -4.280686936612224103e-03
6.254499788107995562e-01 -5.403160375200529233e-03
6.486083498139556536e-01 -5.099157152249530686e-03
6.738853099625112808e-01 -5.209400079253740171e-03
6.991257427120078916e-01 -5.957715704979276924e-03
7.238547918746842669e-01 -5.419863848989046190e-03
7.517251973564007539e-01 -5.687119429605308821e-03
7.767099383124871359e-01 -6.111387663833626332e-03
7.997221997194089438e-01 -5.673756650574497337e-03
8.234284817084446262e-01 -6.445457139603956789e-03
8.503126474155786596e-01 -6.899791626651606211e-03
8.766489021368333301e-01 -7.116936785902317972e-03
9.017066978910370789e-01 -6.575744235154385234e-03
9.243902127064315133e-01 -7.080189143567582923e-03
9.519683989956791992e-01 -7.684854894711877146e-03
9.760399549753002724e-01 -7.260586660483557900e-03
9.982851410019915050e-01 -8.149211466032634313e-03
1.024913614915715643e+00 -7.691536284227285490e-03
1.049277390087805628e+00 -7.778394347927569674e-03
1.075138788621298414e+00 -7.591315441496185486e-03
1.100379221370795690e+00 -8.413126351891194940e-03
1.125217852730647783e+00 -8.249432308763732583e-03
1.149764264898031074e+00 -8.854098059908027674e-03
1.174566368858824372e+00 -8.937615428850610722e-03
1.199551109814911198e+00 -9.258322125590126225e-03
1.226143056329576320e+00 -8.630271511141908436e-03
1.249630173924259902e+00 -9.776129813034136265e-03
1.277208360213506921e+00 -9.612435769906675642e-03
1.301462553188422078e+00 -9.345180189290414746e-03
1.326483821543567254e+00 -9.919779687615379662e-03
1.350263158330719859e+00 -9.993274972284849761e-03
1.377914399418084024e+00 -1.033068514281288396e-02
1.399721256656072610e+00 -1.041420251175546700e-02
1.425947929180151119e+00 -1.099882409435353967e-02
1.448156587807783557e+00 -1.064471045003699025e-02
1.477122815261258548e+00 -1.132955287536616638e-02
1.500281186264414757e+00 -1.175048041483678016e-02
1.526033002600731825e+00 -1.075495337704120147e-02
1.551127325753994146e+00 -1.098212062056502618e-02
1.578522875047948526e+00 -1.159012706646702327e-02
1.601608191252988256e+00 -1.224824393373457297e-02
1.625314473242023272e+00 -1.205782433254548591e-02
1.650080049803757776e+00 -1.198432904787601234e-02
1.676927688111834014e+00 -1.240525658734662785e-02
1.698259689162059827e+00 -1.229501366034241490e-02
1.725070800071076160e+00 -1.279277717924021118e-02
1.749690267036576818e+00 -1.291972358003293068e-02
1.775003754584190796e+00 -1.288297593769819477e-02
1.798856146169460324e+00 -1.365801712148536143e-02
1.825155873491656866e+00 -1.348096029932708585e-02
1.852405313189377178e+00 -1.374821587994334848e-02
1.875271465000064364e+00 -1.362795086866603125e-02
1.902265212904374447e+00 -1.422927592505262087e-02
1.926117604489644419e+00 -1.466356624355404786e-02
1.950152633070207031e+00 -1.421257245126410391e-02
1.974881682232882962e+00 -1.425934217787195278e-02
1.999391567001208125e+00 -1.547535506967594697e-02
2.026275732708342048e+00 -1.513460420439021251e-02
2.048776610528443509e+00 -1.497759155077815763e-02
2.077231454395096932e+00 -1.535174936364092600e-02
2.101668284365305173e+00 -1.561566424949948836e-02
2.126616497922333426e+00 -1.600652553615077023e-02
2.154888704793694210e+00 -1.534840866888322573e-02
2.176732089430740480e+00 -1.587957913535804899e-02
2.199415604246135025e+00 -1.663123545584128948e-02
2.228966270084546508e+00 -1.622701139015918920e-02
2.252380332881113834e+00 -1.729603371262424319e-02
2.277474656034375933e+00 -1.648424488650234235e-02
2.303555218962221041e+00 -1.689180964694214290e-02
2.327115391355021323e+00 -1.734614413398979232e-02
2.351625276123345820e+00 -1.746640914526710955e-02
2.379970537792824636e+00 -1.781050070531054949e-02
2.403421127988449424e+00 -1.783388556861447219e-02
2.427127409977484884e+00 -1.723924190174328658e-02
2.451527712548633886e+00 -1.816461434962709717e-02
2.477060364490599298e+00 -1.838844089839321641e-02
2.503798420601498709e+00 -1.878932426931761296e-02
