-1.502143628279921025e-02 -5.224053341960226181e-04
7.881242926946793736e-03 5.887555364434988986e-05
3.429055244631897675e-02 -6.126040926540114078e-04
5.828905362782316885e-02 -3.754147648570777592e-04
8.608640431142239313e-02 -6.192854821694180169e-04
1.104867068825712423e-01 5.232321249651072665e-04
1.353618656414819488e-01 -9.800805160013735008e-04
1.604196613956857254e-01 3.528566923222393840e-04
1.849295461640103611e-01 1.457336173446354224e-04
2.106813625003276791e-01 -2.050393322142100394e-04
2.347163910808905130e-01 -2.798251005593567993e-05
2.614544471917900625e-01 -6.393296507156378443e-04
2.870236265328143244e-01 -2.016986374565067348e-04
3.141634840333586420e-01 -1.581405572387965287e-03
3.372488002383977612e-01 -7.128249353851102196e-04
3.593113492697957434e-01 -1.173840811948164298e-03
3.851362204042301784e-01 -8.531341152086483609e-04
4.108149819424303240e-01 -9.566956526974502604e-04
4.374069284570955563e-01 -9.065852313319010172e-04
4.600904432724898796e-01 -1.414370834502801360e-03
4.879243213551476277e-01 -2.583613999698952755e-03
5.127994801140584036e-01 -2.242863134413216990e-03
5.369806182908556380e-01 -2.012355196131689408e-03
5.628420168243486454e-01 -3.021245012958084786e-03
5.866213536115011395e-01 -2.907661391196171997e-03
6.136516289148696846e-01 -3.024585707715787223e-03
6.384172054766045212e-01 -3.492282973794247694e-03
6.615390490807024904e-01 -2.750648737584117116e-03
6.883501599897192680e-01 -3.305204067362863506e-03
7.141750311241535920e-01 -3.265115730270424284e-03
7.391597720802403071e-01 -3.799626891502950413e-03
7.609301019191693216e-01 -4.397611253131839329e-03
7.888370347999446031e-01 -4.000068576965147386e-03
8.137487209579138403e-01 -4.390929863616433587e-03
8.399388660829344433e-01 -4.247279989035191057e-03
8.643391686540831120e-01 -4.207191651942751402e-03
8.890316904177006929e-01 -4.557964601501598816e-03
9.106924380594542123e-01 -4.457743758770499679e-03
9.385993709402291607e-01 -5.035683951853168333e-03
9.651913174548942820e-01 -5.029002562337761724e-03
9.894089830307500888e-01 -5.419863848989046190e-03
1.014430251385895598e+00 -5.349709259077278962e-03
1.037917368980579180e+00 -5.333005785288761139e-03
1.063267383927251730e+00 -5.005617699033839026e-03
1.090626405822147316e+00 -5.964397094494684401e-03
1.115355454984824135e+00 -5.373094122381199926e-03
1.140851579527730975e+00 -6.268400317445682948e-03
1.164667443713942152e+00 -6.458819918634770008e-03
1.189140801083208299e+00 -6.041233073921858238e-03
1.213833322846826102e+00 -5.994463347314012841e-03
1.241155817342663115e+00 -6.508930340000320010e-03
1.265556119913811894e+00 -6.632536046035341845e-03
1.290796552663308727e+00 -6.221630590837837552e-03
1.315525601825985325e+00 -6.248356148899462253e-03
1.341058253767950292e+00 -6.542337287577353055e-03
1.362317200020059627e+00 -7.564589883434559049e-03
1.389566639717779717e+00 -8.042309233786130301e-03
1.414916654664452489e+00 -7.010034553655813960e-03
1.440485834005476695e+00 -6.732756888766440982e-03
1.464666972182273819e+00 -7.414258619337911645e-03
1.490601425513884193e+00 -8.663678458718942349e-03
1.513832851315157990e+00 -7.958791864843547254e-03
1.541593674599698316e+00 -8.530050668410810166e-03
1.564459826410385501e+00 -8.069034791847755003e-03
1.589919423554233990e+00 -8.005561591451394385e-03
1.614940691909379167e+00 -8.386400793829568504e-03
1.639414049278644647e+00 -9.188167535678359865e-03
1.664216153239438611e+00 -9.418675473959886579e-03
1.687739798233180766e+00 -8.930934039335204980e-03
1.713455087170439484e+00 -9.639161327968303813e-03
1.739316485703932713e+00 -9.986593582769447489e-03
1.765798850021422117e+00 -9.325136020744192317e-03
1.792500378733262734e+00 -9.378587136867445190e-03
1.813795852384430640e+00 -1.037077347990532361e-02
1.841045292082150509e+00 -9.852965792461313571e-03
1.864167135686247923e+00 -1.010017720453135724e-02
1.890065061618799946e+00 -9.789492592064951218e-03
1.915889932753234604e+00 -1.031064097426666673e-02
1.941714803887668817e+00 -1.123267272739276838e-02
1.964946229688942170e+00 -1.013024345735068568e-02
1.991647758400783452e+00 -1.099882409435354487e-02
2.014477382812411843e+00 -1.047099432263642362e-02
2.039973507355318905e+00 -1.150326900276674169e-02
2.063679789344355253e+00 -1.067477670285632042e-02
2.088993276891967898e+00 -1.090862533589555088e-02
2.114708565829227283e+00 -1.127944245400061551e-02
2.139839416381548176e+00 -1.250213673532002065e-02
2.167161910877385189e+00 -1.166696304589420405e-02
2.191781377842886069e+00 -1.151329108703984770e-02
2.215341550235687240e+00 -1.237184963976959567e-02
2.239851435004011737e+00 -1.230169504985782758e-02
2.267246984297965895e+00 -1.197096626884520260e-02
2.290697574493591127e+00 -1.217140795430739393e-02
2.313855945496747779e+00 -1.290302010624441546e-02
2.339973035823651237e+00 -1.271594119981303214e-02
2.366053598751495457e+00 -1.382171116461282032e-02
2.388116147782893162e+00 -1.379164491179349014e-02
2.417228484832602220e+00 -1.367472059527387665e-02
2.441044349018814064e+00 -1.327049652959177810e-02
2.466394363965486836e+00 -1.376491935373186197e-02
2.491525214517807729e+00 -1.374821587994334848e-02
