-7.752483870136601778e-03 4.898251773880743292e-04
1.734183928312576714e-02 -5.491308922576489462e-04
3.966008010793406480e-02 -2.484683640643528361e-04
6.574064303577878410e-02 -2.083800269719133169e-04
9.116371278056863148e-02 -8.765189785125713845e-04
1.142125015865490395e-01 4.430554507802282821e-04
1.386128041576978887e-01 -8.564748099663516655e-04
1.669215384281176051e-01 -1.482475213332540786e-04
1.915044779945593856e-01 6.221624840205316055e-05
2.138227188193677908e-01 -6.860993773234838914e-04
2.418392338973186784e-01 -2.150614164873198989e-04
2.664952282618776591e-01 -1.086982748247878813e-03
2.912608048236126068e-01 -8.999038418164944080e-04
3.158437443900545261e-01 -3.353264277646383212e-04
3.402805743602619892e-01 -9.934432950321865022e-04
3.653383701144656270e-01 -1.838639068731118872e-03
3.923686454178342276e-01 -1.414370834502800709e-03
4.172072767776862645e-01 -1.922156437673700835e-03
4.412423053582490984e-01 -1.247336096617636782e-03
4.661539915162185022e-01 -1.401008055471987708e-03
4.925267736365320781e-01 -1.781847257850163128e-03
5.175480419916773656e-01 -1.681626415119064208e-03
5.412543239807126039e-01 -1.377623192168064793e-03
5.695630582511321816e-01 -1.678285720361361337e-03
5.925387922589954171e-01 -1.771825173577053214e-03
6.175600606141404825e-01 -2.804099853707370422e-03
6.405723220210622904e-01 -2.764011516614929900e-03
6.677487069206653469e-01 -2.313017724324985952e-03
6.903591669379426365e-01 -2.192752713047667421e-03
7.175720792366041545e-01 -2.002333111858579928e-03
7.419358544086940288e-01 -2.439964125117711092e-03
7.690391845101799406e-01 -2.907661391196171563e-03
7.913939527340466684e-01 -2.971134591592534784e-03
8.180954814458879509e-01 -2.890957917407655908e-03
8.414364894443371323e-01 -3.485601584278841519e-03
8.686859291420573337e-01 -4.083585945907730434e-03
8.918443001452133201e-01 -2.991178760138754177e-03
9.152218355427212959e-01 -3.579141037494533179e-03
9.451377753717197239e-01 -3.736153691106587627e-03
9.683692011729930771e-01 -3.422128383882478298e-03
9.929156133403764795e-01 -3.559096868948313352e-03
1.017936881695521878e+00 -3.355314488728413508e-03
1.041606636285498544e+00 -3.585822427009939788e-03
1.066956651232171094e+00 -4.407633337404949676e-03
1.092160556582609354e+00 -4.223895125731268359e-03
1.116086002965996027e+00 -4.133696367273280436e-03
1.141253380917375715e+00 -4.972210751456805980e-03
1.165471046493231189e+00 -5.396478985685123492e-03
1.194364219148588813e+00 -5.169311742161298781e-03
1.217266898358335014e+00 -5.366412732865793317e-03
1.242799550300300648e+00 -5.606942755420432113e-03
1.268368729641324411e+00 -5.459952186081486712e-03
1.293755271987055977e+00 -5.854154167490475784e-03
1.318593903346908291e+00 -4.885352687756520929e-03
1.341825329148181423e+00 -5.089135067976421206e-03
1.367065761897678033e+00 -5.857494862248177787e-03
1.392561886440585761e+00 -6.094684190045111111e-03
1.418569394570312836e+00 -6.214949201322430943e-03
1.443152334136754478e+00 -5.610283450178132382e-03
1.469780808050478838e+00 -5.767296103790189865e-03
1.493267925645162419e+00 -5.490018438900815152e-03
1.517229899427608109e+00 -7.618040999557812790e-03
1.544588921322503694e+00 -7.143662343963945276e-03
1.567418545734132529e+00 -6.218289896080133813e-03
1.594667985431852841e+00 -6.699349941189407937e-03
1.618082048228419279e+00 -6.245015454141760250e-03
1.642263186405216180e+00 -6.418731581542331220e-03
1.667905420544357975e+00 -7.481072514491976001e-03
1.689566168186110939e+00 -6.355258381145968000e-03
1.718349758644293290e+00 -6.468842002907879488e-03
1.744466848971195860e+00 -8.149211466032636048e-03
1.767369528180942284e+00 -8.560116921230140341e-03
1.795093824066423815e+00 -7.050122890748253615e-03
1.817046790900646691e+00 -8.222706750702107881e-03
1.842542915443553531e+00 -7.871933801143262202e-03
1.867673765995874424e+00 -8.640293595415019651e-03
1.891453102783027251e+00 -8.623590121626502694e-03
1.918264213692043585e+00 -8.256113698279140059e-03
1.941824386084844978e+00 -8.570139005503248086e-03
1.966005524261641657e+00 -8.306224119644690929e-03
1.993328018757479558e+00 -8.366356625283349543e-03
2.017837903525804055e+00 -8.125826602728711615e-03
2.040923219730842675e+00 -7.918703527751109333e-03
2.066711563466218315e+00 -9.044517661097116468e-03
2.091623249624187775e+00 -9.391949915898260143e-03
2.116206189190629861e+00 -9.218233788497688305e-03
2.144734087855401761e+00 -8.590183174049468781e-03
2.168805643835022945e+00 -9.445401032021509546e-03
2.192767617617468190e+00 -9.662546191272226512e-03
2.218555961352844275e+00 -9.485489369113952671e-03
2.242846681726817337e+00 -9.027814187308599511e-03
2.268050587077255376e+00 -1.010351789928905925e-02
2.293911985610748605e+00 -1.037411417466302561e-02
2.320832678716941100e+00 -9.305091852197973357e-03
2.343041337344573982e+00 -1.069816156616024833e-02
2.369706338657356248e+00 -1.023380499483948769e-02
2.393339565848274120e+00 -9.642502022726004082e-03
2.420077621959173975e+00 -9.839603013430500353e-03
2.443235992962330627e+00 -9.956527329950113844e-03
2.469754884678878160e+00 -9.518896316690984849e-03
2.494520461240613329e+00 -1.106229729474990896e-02
