-3.113504189693631907e-03 -3.854368491301877271e-04
1.942390102946631170e-02 -7.595946619929561583e-04
4.356851180720490435e-02 3.561973870799426886e-04
6.815145137364679584e-02 -3.720740700993745631e-04
9.437812389772595734e-02 -5.057018604075060953e-04
1.191437004594608773e-01 -2.985787854299021878e-04
1.431056742419063998e-01 -8.631561994817581662e-04
1.692227645688097748e-01 -1.274061654679262785e-03
1.933673753465483536e-01 -1.113708306309505033e-03
2.180233697111075009e-01 -1.461973102512250909e-05
2.428620010709596211e-01 -1.187203590978977517e-03
2.670431392477568000e-01 -1.688307804634470817e-03
2.944021611426527185e-01 -4.155031019495173598e-04
3.194964842959151508e-01 -7.395504934467364393e-04
3.426913826981299871e-01 -1.601449740934185332e-03
3.700504045930259056e-01 -5.758564503192752744e-04
3.942680701688817124e-01 -1.571383488114856241e-03
4.192528111249681499e-01 -1.227291928071416955e-03
4.444932438744650383e-01 -1.013487463578406330e-03
4.690031286427896462e-01 -2.012355196131689842e-03
4.953028559649860774e-01 -2.182730628774557941e-03
5.194109393436661115e-01 -2.005673806616283666e-03
5.439208241119907195e-01 -2.239522439655513685e-03
5.697456952464252655e-01 -2.399875788025271871e-03
5.974699911319072410e-01 -1.838639068731118655e-03
6.215780745105873306e-01 -1.678285720361360686e-03
6.441885345278642871e-01 -2.336402587628909084e-03
6.704152070519437956e-01 -1.367601107894954662e-03
6.940849616419201285e-01 -2.069147007012645586e-03
7.179373532271899894e-01 -1.885408795338965136e-03
7.476341286618365389e-01 -1.691648499392174338e-03
7.689296023130040014e-01 -3.004541539169567396e-03
7.937682336728562049e-01 -3.228368087935687501e-03
8.201410157931696698e-01 -2.186071323532261246e-03
8.440299347774981031e-01 -2.429942040844601612e-03
8.689050935364086570e-01 -3.258434340755017675e-03
8.937437248962608605e-01 -3.776242028199029016e-03
9.162080753173037495e-01 -3.826352449564577284e-03
9.417041998602109221e-01 -2.720582484764787808e-03
9.686248929664035279e-01 -3.268456425028127155e-03
9.960204422603579077e-01 -4.033475524542181299e-03
1.020165053038096570e+00 -2.600317473487468844e-03
1.043834807628073458e+00 -4.213873041458158879e-03
1.070536336339914074e+00 -3.833033839079983893e-03
1.094059981333656673e+00 -3.084718213354446271e-03
1.118314174308571163e+00 -3.408765604851665947e-03
1.143992935846771308e+00 -3.422128383882478298e-03
1.166238121873462097e+00 -3.475579500005732039e-03
1.194473801345764974e+00 -4.461084453528202549e-03
1.219495069700909928e+00 -3.559096868948314219e-03
1.243968427070175853e+00 -4.250620683792894795e-03
1.268697476232851784e+00 -4.544601822470783863e-03
1.293791799386114771e+00 -3.809648975776061194e-03
1.319251396529963261e+00 -4.150399841061795658e-03
1.345624178650276281e+00 -4.207191651942751402e-03
1.369805316827073405e+00 -4.344160137008586456e-03
1.394570893388808797e+00 -6.004485431587123188e-03
1.419811326138305851e+00 -4.578008770047816908e-03
1.446622437047321741e+00 -4.698273781325136740e-03
1.470547883430709302e+00 -5.269532584892397918e-03
1.493779309231982655e+00 -5.964397094494683534e-03
1.518544885793717825e+00 -5.626986923966651941e-03
1.544150592533800159e+00 -5.546810249781772631e-03
1.569829354072000527e+00 -5.713844987666936125e-03
1.592695505882687934e+00 -5.830769304186550483e-03
1.619725781186056590e+00 -5.115860626038048510e-03
1.644418302949674171e+00 -5.239466332073070345e-03
1.668855132919881745e+00 -5.680438040089903079e-03
1.693365017688206686e+00 -5.319643006257948788e-03
1.720030019000989174e+00 -6.639217435550748454e-03
1.743845883187199464e+00 -5.697141513878420035e-03
1.766967726791297988e+00 -7.013375248413517699e-03
1.794180639089959062e+00 -6.625854656519934369e-03
1.819165380046045888e+00 -5.713844987666937859e-03
1.844515394992718216e+00 -7.290652913302890677e-03
1.869609718145980315e+00 -7.153684428237055623e-03
1.893023780942546974e+00 -6.996671774625000742e-03
1.921259460414849407e+00 -6.271741012203384952e-03
1.944600468413298922e+00 -6.318510738811232950e-03
1.969658264167502004e+00 -7.193772765329493543e-03
1.993254963959362414e+00 -7.634744473346328879e-03
2.019518163882500161e+00 -6.645898825066155931e-03
2.043443610265886612e+00 -6.655920909339263676e-03
2.070802632160782863e+00 -7.397555145549394688e-03
2.093522674375235315e+00 -7.922044222508813072e-03
2.120005038692724941e+00 -7.123618175417725448e-03
2.143126882296822799e+00 -8.065694097090053000e-03
2.171070342576655765e+00 -6.916495100440120565e-03
2.195908973936508968e+00 -8.115804518455602135e-03
2.220491913502950165e+00 -7.608018915284703310e-03
2.245549709257154358e+00 -8.924252649819799238e-03
2.268525443265017039e+00 -7.517820156826712785e-03
2.295373081573093277e+00 -7.818482685020009329e-03
2.321234480106585618e+00 -8.236069529732921099e-03
2.343443138734218945e+00 -8.259454393036845532e-03
2.368975790676183912e+00 -7.998880201935988643e-03
2.393850949435095021e+00 -8.099101044667086913e-03
2.420406368550700904e+00 -9.101309471978071344e-03
2.444149177938795159e+00 -8.874142228454248368e-03
2.469316555890174403e+00 -9.275025599378644917e-03
2.496821687381305388e+00 -8.827372501846402972e-03
