-7.898593466371025759e-03 -1.173840811948164298e-03
-5.524312527561631506e-03 2.693393233796572035e-04
-3.917106968982964239e-03 1.256894487984156492e-04
-4.647654950155085882e-03 -2.798251005593564944e-05
-3.990161767100176664e-03 -9.399921789089339544e-04
-6.181805710616541591e-03 -9.566956526974502604e-04
-6.839298893671449942e-03 -1.148405737562212091e-04
-3.734469973689934479e-03 -1.070279274459362290e-03
-5.195565936034175596e-03 3.549069034042683920e-05
-5.012928940741147137e-03 -1.197225675252087214e-03
-4.611127551096480537e-03 -4.722949128304732122e-04
-4.355435757686237051e-03 -2.685125326105725551e-04
-6.291387907792357626e-03 -1.210588454282900649e-03
-7.971648264488236449e-03 -2.551497535797593911e-04
-3.953634368041570452e-03 1.590963963754485593e-04
-5.487785128503025293e-03 8.765132278800505993e-06
-4.684182349213691227e-03 -1.537976540537822545e-03
-4.318908358627630839e-03 -9.399921789089337376e-04
-3.369195983103873224e-03 1.824812596793716100e-04
-5.049456339799752481e-03 -3.132320481363896078e-05
-5.889586518147691026e-03 -6.927807668388903922e-04
-7.314155081433328966e-03 1.290301435561189538e-04
-5.816531720030480336e-03 -1.883358584256935979e-04
-5.085983738858359561e-03 1.089859750098992348e-04
-3.588360377455510064e-03 -5.470806811756197079e-05
9.045097067530356080e-04 -1.415661318178475236e-04
-1.177552039587509815e-03 -7.395504934467364393e-04
5.616544185313218987e-03 1.223487540407123446e-04
1.113218144316273361e-02 1.089859750098992348e-04
1.675740089818806428e-02 -4.789763023458798214e-04
2.380718891649903982e-02 4.885346937124001004e-05
3.085697693481000842e-02 -1.093664137763285206e-03
3.958702530981685758e-02 -1.380963886925768097e-03
4.729430651118273626e-02 5.553485888664659885e-05
5.858127282029201160e-02 1.958440387101848012e-04
6.709215680094722523e-02 -4.021403229187041958e-04
8.199533561685848349e-02 -6.473015239067187094e-05
9.130982237680307367e-02 2.593172391065472356e-04
1.019392955028574355e-01 5.424437521097231071e-06
1.150526317648969954e-01 -7.061435458697036104e-04
1.296270639892808108e-01 -4.021403229187041958e-04
1.417541604767380004e-01 -6.126040926540114078e-04
1.543561131519570750e-01 -8.731782837548680799e-04
1.696245659584544596e-01 -6.092633978963082116e-04
1.835049776007246503e-01 -6.092633978963081032e-04
1.968740056561745499e-01 -9.399921789089339544e-04
2.101334515144485660e-01 -1.046894411155439159e-03
2.223336028000229836e-01 -1.117049001067208338e-03
2.390266241698059402e-01 -5.825378398346817751e-04
2.567789401122884674e-01 -1.327512770802515441e-03
2.671161940458740003e-01 -8.143362617918827181e-05
2.855260031714115243e-01 4.551277461353672580e-05
2.995159970108576264e-01 4.196705874763052586e-04
3.120448948879595008e-01 -8.397713361778353595e-04
3.310391423984346826e-01 -1.816544689102869887e-04
3.435680402755365570e-01 -2.798251005593566977e-05
3.584712190914478569e-01 -4.597646752012650446e-06
3.770636652122781873e-01 -7.896609148122857910e-04
3.887524329110321752e-01 -7.061435458697036104e-04
4.047149062996430180e-01 -5.457901974999455333e-04
4.201659961014333478e-01 -8.230678623893187282e-04
4.338272433493521318e-01 8.226041694827292020e-05
4.522005250758310280e-01 -1.217269843798307041e-03
4.680899436663245594e-01 -5.804876287526530924e-05
4.831757594775288878e-01 -5.470806811756198434e-05
4.987729588755535626e-01 2.259102915295143797e-04
5.142605760764025202e-01 -8.497934204509450563e-04
5.311727618405372997e-01 -2.150614164873199531e-04
5.451627556799834018e-01 -9.733991264859668917e-04
5.591162221203709315e-01 -8.497934204509450563e-04
5.781835244289632580e-01 2.158882072564045202e-04
5.928675388505229016e-01 -2.685125326105725551e-04
6.082090464551374032e-01 -8.431120309355384472e-04
6.251212322192720716e-01 -2.551497535797593911e-04
6.428735481617545711e-01 -6.092633978963082116e-04
6.597126791277718727e-01 2.092068177409979652e-04
6.741775291549800819e-01 -8.330899466624286419e-04
6.916010985059348748e-01 1.323708383138222583e-04
7.065773321199635415e-01 -6.126040926540115162e-04
7.237086822784498663e-01 4.296926717494151181e-04
7.379178405122476248e-01 -9.433328736666372590e-04
7.545012796848546976e-01 -3.353264277646384297e-04
7.739338559840330811e-01 -9.032445365741977126e-04
7.885448156074758019e-01 5.887555364434990342e-05
8.064432411461925909e-01 -3.453485120377481265e-04
8.199218513988182355e-01 -1.515882160909574102e-04
8.369801467591873045e-01 3.214999558272355496e-05
8.511162501948678072e-01 7.891972219056965629e-05
8.693068949260535083e-01 -1.317490686529405094e-03
8.844657655353750370e-01 -2.117207217296166214e-04
9.015971156938611397e-01 -3.453485120377482892e-04
9.182536096645859125e-01 -1.449068265755508553e-04
9.355310694193064158e-01 -5.658343660461653607e-04
9.528085291740269192e-01 -1.415661318178475236e-04
9.709626465061540479e-01 -9.566956526974502604e-04
9.852813869371278566e-01 -1.086982748247878813e-03
1.000622894541742358e+00 -9.667177369705602825e-04
1.020676436624917027e+00 -8.431120309355384472e-04
1.035652670238945694e+00 -9.600363474551536734e-04
1.053368458782369510e+00 -6.927807668388903922e-04
1.068892603382277429e+00 -1.036872326882329462e-03
