-1.141024640528904037e-03 -1.274061654679262785e-03
2.182968673804248048e-03 -7.696167462660660720e-04
-7.026958518256312246e-04 -9.733991264859668917e-04
3.200713218153384350e-04 -1.217269843798307041e-03
5.757631152255813243e-04 -1.878727405823558310e-03
-1.981154818876843665e-03 -1.958904080008436969e-03
5.392357161669748952e-04 -1.501228898203086628e-03
-3.008944621809644081e-04 -1.464481255868350495e-03
-2.278396640637523902e-04 -1.137093169613427948e-03
-3.739492602981767241e-04 -1.517932371991602717e-03
6.853453124013994188e-04 -1.173840811948164515e-03
3.169208448386611008e-03 -1.317490686529405744e-03
-1.652408227349388622e-03 -1.117049001067208338e-03
-1.396716433939146221e-03 -1.611471825207294812e-03
-6.661684527670252293e-04 -1.357579023621845616e-03
1.415893293573520628e-03 -1.467821950626053366e-03
8.314549086358235088e-04 -1.317490686529405744e-03
2.073386476628428978e-03 -1.751781005030833170e-03
1.050619302987460023e-03 -1.100345527278692032e-03
5.392357161669750036e-04 -1.330853465560219179e-03
2.182968673804248048e-03 -1.895430879612075049e-03
2.182968673804247615e-03 -1.618153214722701638e-03
2.584770063448914214e-03 -1.537976540537822978e-03
-8.173006782932813762e-05 -1.601449740934185115e-03
2.803934457800551054e-03 -1.193884980494383909e-03
7.223749743891885386e-03 -1.457799866352943669e-03
8.063879922239823930e-03 -1.377623192168064793e-03
1.211842121774509527e-02 -1.531295151022416152e-03
1.595379811889873628e-02 -1.300787212740889438e-03
2.380718891649903635e-02 -1.641538078026624986e-03
3.111266872822024757e-02 -1.651560162299734683e-03
3.783371015500376633e-02 -1.651560162299734683e-03
4.696555991965527255e-02 -2.045762143708722888e-03
5.763156044476824835e-02 -1.755121699788537125e-03
6.701910200283002494e-02 -1.751781005030833170e-03
7.731982853735691608e-02 -1.220610538556010346e-03
9.039663740033790362e-02 -8.664968942394614708e-04
9.901710357816895236e-02 -1.357579023621844749e-03
1.119112754458568698e-01 -1.404348750229691013e-03
1.252803035013066724e-01 -1.741758920757723690e-03
1.376630917821741185e-01 -1.103686222036394902e-03
1.528950171896128196e-01 -1.200566370009790735e-03
1.650951684751872928e-01 -1.885408795338965136e-03
1.778797581456993959e-01 -1.401008055471988142e-03
1.914314231964422963e-01 -1.551339319568636197e-03
2.044717046603645727e-01 -1.778506563092459389e-03
2.205437602461512991e-01 -1.076960663974768900e-03
2.316846169590261739e-01 -1.324172076044811703e-03
2.456015560003550757e-01 -1.250676791375339653e-03
2.607604266096765766e-01 -1.755121699788536258e-03
2.782570507587488473e-01 -1.377623192168065227e-03
2.935255035652461486e-01 -9.232887051204174316e-04
3.078442439962197352e-01 -8.063643886008023138e-04
3.240258817791822343e-01 -7.729574410237693765e-04
3.353493754873502208e-01 -1.417711529260504448e-03
3.520789242561916943e-01 -1.654900857057437771e-03
3.678222332504508807e-01 -9.500142631820439765e-04
3.817026448927212101e-01 -9.333107893935274537e-04
3.990531594455591358e-01 -1.220610538556009912e-03
4.134084272755913503e-01 -7.796388305391758772e-04
4.283481334905612226e-01 -1.260698875648450000e-03
4.458812850386921212e-01 -1.330853465560218963e-03
4.610036282489550219e-01 -1.267380265163856609e-03
4.769661016375658646e-01 -1.661582246572844597e-03
4.913213694675979681e-01 -1.013487463578406330e-03
5.072838428562087554e-01 -1.337534855075625572e-03
5.219313298787098265e-01 -5.725157555615719698e-04
5.379303306663794082e-01 -8.598155047240549700e-04
5.526873998860561965e-01 -1.207247759525197344e-03
5.680289074906706981e-01 -1.581405572387965721e-03
5.858542782312705643e-01 -1.875386711065855222e-03
6.030221557888152395e-01 -1.407689444987394317e-03
6.186924099849573366e-01 -1.374282497410361488e-03
6.348009929698026355e-01 -1.080301358732472204e-03
6.510556855508821128e-01 -1.411030139745097405e-03
6.654109533809146049e-01 -1.147115253886537862e-03
6.828710501309280811e-01 -1.421052224018207752e-03
6.974820097543706909e-01 -1.243995401859933261e-03
7.141019763260362252e-01 -1.223951233313713650e-03
7.296991757240610665e-01 -1.300787212740889221e-03
7.452598477230272245e-01 -1.340875549833328659e-03
7.613684307078726343e-01 -1.120389695824911642e-03
7.804357330164648499e-01 -1.725055446969207167e-03
7.961790420107242028e-01 -1.090323443005582118e-03
8.112283304228697922e-01 -1.050235105913142680e-03
8.264237284312500043e-01 -1.280743044194669611e-03
8.462215787210145557e-01 -7.061435458697036104e-04
8.607229561472812263e-01 -1.080301358732472204e-03
8.772333405217710434e-01 -1.337534855075625138e-03
8.942916358821400014e-01 -1.694989194149877209e-03
9.112403490453332422e-01 -1.531295151022415936e-03
9.265088018518305990e-01 -1.056916495428548855e-03
9.443341725924305763e-01 -1.350897634106438573e-03
9.584702760281107459e-01 -1.507910287718493237e-03
9.759303727781246662e-01 -1.354238328864142095e-03
9.939018531149587110e-01 -1.390985971198877794e-03
1.009462525113925313e+00 -1.631515993753515073e-03
1.028018443835696960e+00 -1.220610538556010562e-03
1.043213841844077283e+00 -1.250676791375339870e-03
1.060052972810094474e+00 -1.050235105913142680e-03
1.077768761353518068e+00 -8.698375889971649922e-04
