-4.538072752979267245e-03 -1.050235105913142897e-03
2.176165456921709887e-02 -4.731680728902168051e-03
4.590626534695569499e-02 -9.111331556251182559e-03
7.286348585220699114e-02 -1.291972358003293242e-02
9.781169940923495343e-02 -1.697532701588472595e-02
1.225407485719112455e-01 -2.165898106618473901e-02
1.467584141477669968e-01 -2.652303263340072617e-02
1.692592919678684027e-01 -3.173451645541786742e-02
1.963991494684126649e-01 -3.524892734052172821e-02
2.207994520395615556e-01 -4.079113994355147710e-02
2.476470903476369334e-01 -4.544472774103215651e-02
2.719012833225514236e-01 -5.056601280459132458e-02
2.957902023068797459e-01 -5.514276462264480066e-02
3.244276831688269191e-01 -5.987986978906808394e-02
3.461249582096389554e-01 -6.394215461443529536e-02
3.717306649497217896e-01 -6.899662578284035397e-02
3.967519333048670216e-01 -7.322928604085042481e-02
4.224306948430669451e-01 -7.819355845079750678e-02
4.488034769633805765e-01 -8.303422515470960941e-02
4.729115603420604996e-01 -8.736710625545075770e-02
4.981885204906159603e-01 -9.171000944046504844e-02
5.223696586674131392e-01 -9.655067614437709556e-02
5.489250777830197991e-01 -1.009069421084222012e-01
5.729601063635825220e-01 -1.050427222184588533e-01
5.971777719394383288e-01 -1.105782534319732224e-01
6.235140266606934434e-01 -1.148042323004678511e-01
6.453574112977396027e-01 -1.192874446653056919e-01
6.719128304133465956e-01 -1.246325562776309237e-01
6.989796331157734910e-01 -1.289955036311914716e-01
7.175720792366040435e-01 -1.339998643782309706e-01
7.473053820703094985e-01 -1.378583668233782922e-01
7.714499928480478275e-01 -1.423816675253085362e-01
7.943891994568523796e-01 -1.475062932836253560e-01
8.230266803187996638e-01 -1.519627800904015391e-01
8.481210034720620961e-01 -1.555139386178401306e-01
8.733614362215587068e-01 -1.606819934080071788e-01
8.992593621541102866e-01 -1.645004075160620138e-01
9.222350961619737442e-01 -1.693343928304586465e-01
9.465258165359469178e-01 -1.735470089199225574e-01
9.726063794637913595e-01 -1.775324577658625447e-01
9.956916956688305342e-01 -1.820256922149735002e-01
1.022393224380671706e+00 -1.865456522221460578e-01
1.047122273543348081e+00 -1.909687320813451827e-01
1.072983672076840866e+00 -1.954452630566675952e-01
1.098406741821630783e+00 -1.994607781554268988e-01
1.122222606007842183e+00 -2.045720411347130008e-01
1.148449278531921136e+00 -2.077056128174386562e-01
1.171717231732252840e+00 -2.122222321298535552e-01
1.197688212462922008e+00 -2.171230313394041933e-01
1.222271152029364094e+00 -2.217098052417308396e-01
1.248205605360974246e+00 -2.253144148852927187e-01
1.274761024476580795e+00 -2.299245736509232807e-01
1.296713991310803227e+00 -2.343309500363338904e-01
1.321990951459358188e+00 -2.379856701012612596e-01
1.349970939138250614e+00 -2.427895891628386316e-01
1.371156830592241915e+00 -2.476536407300546083e-01
1.398588907285255756e+00 -2.514720548381094156e-01
1.421382004297825796e+00 -2.562425669521097849e-01
1.446695491845439552e+00 -2.600943880077417059e-01
1.471753287599643523e+00 -2.640430892113469485e-01
1.495751788781148006e+00 -2.690441092636288167e-01
1.522380262694871256e+00 -2.724649806955169451e-01
1.546561400871668823e+00 -2.769481930603547304e-01
1.571363504832462121e+00 -2.813278438877037657e-01
1.599380019910413120e+00 -2.846986048982264039e-01
1.622940192303214069e+00 -2.888477477872938848e-01
1.647559659268714061e+00 -2.939289445137605594e-01
1.673676749595617963e+00 -2.976705226423881911e-01
1.698551908354528628e+00 -3.027851263164320628e-01
1.724888163075782854e+00 -3.050668208359433864e-01
1.746841129910005730e+00 -3.103083709107798405e-01
1.775295973776659597e+00 -3.144641951893626941e-01
1.798819618770402418e+00 -3.178750445369777355e-01
1.823219921341550531e+00 -3.229595819582022354e-01
1.847875915706109762e+00 -3.260363618300469168e-01
1.872458855272552070e+00 -3.304895079420654413e-01
1.897735815421107031e+00 -3.348858622432029364e-01
1.922684028978134840e+00 -3.384269986863684410e-01
1.945915454779409082e+00 -3.422287093206348163e-01
1.974479880843238000e+00 -3.470793981088198810e-01
1.998149635433215332e+00 -3.503232127185498812e-01
2.024303253159177363e+00 -3.549300307894226458e-01
2.047571206359509066e+00 -3.588987761615741179e-01
2.070145138977727672e+00 -3.627539379119637530e-01
2.100170661003902151e+00 -3.671168852655242731e-01
2.121648771650362253e+00 -3.705210532236238308e-01
2.146231711216804339e+00 -3.752047072739239653e-01
2.173554205712641796e+00 -3.784384997993807120e-01
2.197479652096028691e+00 -3.825809612989328201e-01
2.222975776638935308e+00 -3.874416721713911382e-01
2.249713832749835607e+00 -3.916141999237625626e-01
2.273566224335104913e+00 -3.947177053536689018e-01
2.298587492690250311e+00 -3.990906747915024533e-01
2.323389596651043831e+00 -4.036072941039173245e-01
2.347132406039137642e+00 -4.071684747156289474e-01
2.373212968966982306e+00 -4.111672863405999578e-01
2.401192956645874510e+00 -4.147351483418269535e-01
2.423218978278213864e+00 -4.188475435885596898e-01
2.450249253581581854e+00 -4.224521532321215966e-01
2.473224987589445867e+00 -4.265545263945811905e-01
2.472421384810156386e+00 -4.257627817370055467e-01
