-3.880579569924359328e-03 -1.093664137763284989e-03
2.325927793061994056e-02 -2.309677029567282647e-03
4.656375853001060161e-02 -4.414314726920356285e-03
7.300959544844140559e-02 -6.398687412996109658e-03
9.898057617911033834e-02 -8.436511215195119373e-03
1.222120019803837887e-01 -1.094537297823029026e-02
1.473793799317633380e-01 -1.198432904787601061e-02
1.723275934887912864e-01 -1.455332331654984185e-02
1.979333002288741206e-01 -1.673479699333008802e-02
2.214934726216750416e-01 -1.877262079552909774e-02
2.466243231739959629e-01 -2.080710390297039677e-02
2.741294546651263930e-01 -2.260105698785707176e-02
2.965572776871104321e-01 -2.531036043635443919e-02
3.228570050093068633e-01 -2.692725669908282993e-02
3.474034171766901546e-01 -2.901853161740509252e-02
3.745798020762930447e-01 -3.079244053374552773e-02
3.983956662625041667e-01 -3.331132438105381677e-02
4.231247154251804865e-01 -3.530571915140267442e-02
4.464657234236297789e-01 -3.684577943470389999e-02
4.722905945580643250e-01 -3.900720894293793067e-02
4.982615752887331606e-01 -4.119202331447588405e-02
5.220774394749444491e-01 -4.237796995346054807e-02
5.503861737453640268e-01 -4.480999573706854339e-02
5.717181747955899507e-01 -4.671085105420170330e-02
5.979083199206105537e-01 -4.892907237331668713e-02
6.235140266606934434e-01 -5.127758078798211328e-02
6.460879592789119386e-01 -5.233992172093175632e-02
6.708170084415883139e-01 -5.427752468039966777e-02
6.962766055854366920e-01 -5.606813707052862861e-02
7.210787095462303231e-01 -5.830974325294753513e-02
7.477071834599539057e-01 -6.054466804585103418e-02
7.710481914584033092e-01 -6.272280102787358702e-02
7.954484940295519779e-01 -6.428290547972101421e-02
8.230632077178585693e-01 -6.599000050090739200e-02
8.487784966551170651e-01 -6.850554365345797037e-02
8.726674156394451654e-01 -7.035962924398329876e-02
8.985288141729383948e-01 -7.167252228376069789e-02
9.240614661149039177e-01 -7.405109695124542646e-02
9.467449809302984631e-01 -7.566131182445842707e-02
9.737387288346083247e-01 -7.694747930617419629e-02
9.992348533775153863e-01 -7.913229367771214273e-02
1.024000429939250445e+00 -8.084607008841393494e-02
1.046793526951820485e+00 -8.388944301268161374e-02
1.072581870687196126e+00 -8.497182811417747228e-02
1.098370214422572211e+00 -8.719673082280789134e-02
1.121674695021962931e+00 -8.898400251817914497e-02
1.146695963377107885e+00 -9.099176006755879675e-02
1.170292663168967406e+00 -9.230465310733622364e-02
1.197651685063863658e+00 -9.467654638530553779e-02
1.222490316423715528e+00 -9.607629748878322717e-02
1.245794797023106248e+00 -9.813082476477073823e-02
1.272825072326474682e+00 -1.000016138290846096e-01
1.297079265301389173e+00 -1.010973617096112970e-01
1.323890376210406172e+00 -1.034391887347612948e-01
1.349569137748605874e+00 -1.047286969112347366e-01
1.372508344357410648e+00 -1.072208552004813714e-01
1.397237393520086801e+00 -1.083533507233428173e-01
1.421637696091236025e+00 -1.105849348214886230e-01
1.446695491845439774e+00 -1.122419194213094551e-01
1.470986212219412836e+00 -1.133410079965938150e-01
1.498381761513367438e+00 -1.161204660350029505e-01
1.521065276328761540e+00 -1.174767881066304948e-01
1.545940435087671982e+00 -1.188364508730157532e-01
1.570450319855997146e+00 -1.208108014748183884e-01
1.596165608793255641e+00 -1.226648870653437168e-01
1.624109069073089051e+00 -1.240980451163984366e-01
1.646317727700721711e+00 -1.259220644541044209e-01
1.671192886459632820e+00 -1.283908378800471539e-01
1.698880654946056001e+00 -1.293329138017194901e-01
1.723244430118146209e+00 -1.314342108043148327e-01
1.747023766905298370e+00 -1.332582301420208448e-01
1.774273206603018682e+00 -1.345343755394635132e-01
1.796554920028768487e+00 -1.366657387948781999e-01
1.822343263764144572e+00 -1.382325246362410276e-01
1.846816621133410274e+00 -1.403405030283518262e-01
1.873116348455606817e+00 -1.422847873773351313e-01
1.895799863271001140e+00 -1.434640526268043947e-01
1.922282227588490544e+00 -1.455820531031883081e-01
1.948508900112569275e+00 -1.470753436598816466e-01
1.972178654702546385e+00 -1.485552714375442118e-01
1.997053813461456828e+00 -1.506131394082894648e-01
2.020139129666496114e+00 -1.522534205343217539e-01
2.046658021383044090e+00 -1.533291242463022397e-01
2.070729577362665275e+00 -1.554404433331706969e-01
2.096298756703689481e+00 -1.569571187531679790e-01
2.121685299049421047e+00 -1.582499676243991626e-01
2.146889204399859086e+00 -1.606686306289763222e-01
2.173225459121114866e+00 -1.611964604006934365e-01
2.197077850706383728e+00 -1.629803914013069899e-01
2.222391338253997706e+00 -1.649514013083519803e-01
2.250407853331948704e+00 -1.668689600992736555e-01
2.274881210701214851e+00 -1.684691528882135414e-01
2.298076109103429410e+00 -1.695181310421323140e-01
2.322184192482109388e+00 -1.724178540918187563e-01
2.349177940386419916e+00 -1.738343086690850303e-01
2.372811167577337788e+00 -1.753075550572321950e-01
2.399037840101416741e+00 -1.770046279941454581e-01
2.424826183836792381e+00 -1.789455716483710213e-01
2.449116904210765444e+00 -1.802818495514523778e-01
2.471289035439339532e+00 -1.813642346529482363e-01
2.471800419026159989e+00 -1.815713577279258473e-01
