-3.697942574631327833e-03 -8.698375889971649922e-04
2.198081896356873788e-02 -1.618153214722702288e-03
4.747694350647577166e-02 -2.931046254500095129e-03
7.315570504467582003e-02 -2.957771812561719831e-03
9.646018564406652618e-02 -3.896507039476345378e-03
1.219928375860321462e-01 -4.153740535819499397e-03
1.489135306922247659e-01 -5.112519931280343904e-03
1.725102304840842871e-01 -5.917627367886836402e-03
1.975680262382880636e-01 -5.997804042071714845e-03
2.216761096169680978e-01 -7.290652913302888942e-03
2.461129395871755332e-01 -8.316246203917798674e-03
2.718647559234927957e-01 -8.079056876120864483e-03
2.975800448607514581e-01 -8.797306249027071062e-03
3.226743680140138903e-01 -9.548962569510315024e-03
3.455405198247012422e-01 -9.522237011448686853e-03
3.738857814941795588e-01 -1.062466628149077129e-02
3.981399744690939935e-01 -1.101552756814205315e-02
4.229055510308288857e-01 -1.293642705382144938e-02
4.475980727944464665e-01 -1.243198214540825429e-02
4.716331013750093004e-01 -1.375823796421645970e-02
4.985903218802606451e-01 -1.393863548113243728e-02
5.222966038692959945e-01 -1.479385333910448151e-02
5.468064886376207134e-01 -1.615017541073201363e-02
5.753343873023920585e-01 -1.536177144791404069e-02
5.999538542678923836e-01 -1.685506200460740872e-02
6.234409718625761876e-01 -1.699871187918865212e-02
6.486083498139556536e-01 -1.779045653676433053e-02
6.741410017559215095e-01 -1.842184784597025379e-02
6.964592425807295539e-01 -1.997527090830228391e-02
7.232703534897466646e-01 -1.953095850552774224e-02
7.489125876288883488e-01 -2.007549175103338218e-02
7.726919244160402878e-01 -2.133827436944522871e-02
7.971287543862479730e-01 -2.059329943847739569e-02
8.241590296896164070e-01 -2.271798130437668178e-02
8.484862774626480419e-01 -2.343288998252518462e-02
8.739093472074379587e-01 -2.369680486838375219e-02
8.987479785672898291e-01 -2.395069766996919466e-02
9.240249387158453453e-01 -2.440503215701685102e-02
9.480234398973497179e-01 -2.538385572102391102e-02
9.726429068628501540e-01 -2.561770435406313107e-02
9.961665518565921973e-01 -2.665331972895115462e-02
1.023196827159961186e+00 -2.739161327040358362e-02
1.047706711928285683e+00 -2.753192245022711634e-02
1.073275891269309668e+00 -2.797623485300166149e-02
1.098772015812217173e+00 -2.849070184568797126e-02
1.122989681388072869e+00 -2.941273359881407465e-02
1.149581627902737768e+00 -2.985036461207320191e-02
1.171498067337901627e+00 -3.036149091000180794e-02
1.197140301477042978e+00 -3.154743754898647889e-02
1.225266398752169916e+00 -3.208528940497670789e-02
1.249301427332732306e+00 -3.167772464453690734e-02
1.274614914880346284e+00 -3.310420130607621275e-02
1.300111039423253789e+00 -3.344829286611965269e-02
1.322940663834882624e+00 -3.342156730805802972e-02
1.348400260978730447e+00 -3.453401866237322537e-02
1.371522104582828305e+00 -3.497833106514775664e-02
1.397091283923852956e+00 -3.584691170215061062e-02
1.420907148110063689e+00 -3.560638167959597616e-02
1.447608676821904528e+00 -3.749721491245603527e-02
1.472008979393053751e+00 -3.697940722501203564e-02
1.497906905325605553e+00 -3.717316752095881083e-02
1.519932926957944908e+00 -3.876667892038329621e-02
1.546670983068843874e+00 -3.849274195025161049e-02
1.570706011649407152e+00 -3.943815856668164699e-02
1.596603937581958732e+00 -4.049381811011588256e-02
1.624182123871206418e+00 -4.083790967015932249e-02
1.646208145503545772e+00 -4.147598236888064976e-02
1.672179126234214941e+00 -4.206060395147872416e-02
1.696214154814777553e+00 -4.228777119500255754e-02
1.726130094643775870e+00 -4.262518136553059694e-02
1.748740554661053270e+00 -4.385455703636539915e-02
1.773944460011491309e+00 -4.427548457583600078e-02
1.797066303615588945e+00 -4.532780342451254996e-02
1.822562428158496228e+00 -4.461623544112174738e-02
1.847510641715524038e+00 -4.588569944904900139e-02
1.873262458051841106e+00 -4.658390465340900288e-02
1.896895685242759200e+00 -4.620974684054621889e-02
1.922793611175311002e+00 -4.787007213512475823e-02
1.946134619173759850e+00 -4.727876916301126248e-02
1.970388812148674784e+00 -4.779991754521299013e-02
1.998113108034156538e+00 -4.862506915036569205e-02
2.022732574999656752e+00 -4.906604085838252305e-02
2.050055069495494653e+00 -4.998139122199322937e-02
2.074126625475115837e+00 -5.040565945622153821e-02
2.098052071858502732e+00 -5.132769120934764506e-02
2.122671538824004056e+00 -5.149138525247510395e-02
2.148058081169734734e+00 -5.133771329362077362e-02
2.173188931722056072e+00 -5.212277656168104456e-02
2.197589234293204186e+00 -5.248357159551297890e-02
2.223048831437052453e+00 -5.385993783568675253e-02
2.247923990195963562e+00 -5.353254974943183475e-02
2.274990792898390346e+00 -5.411383063727221582e-02
2.298222218699664143e+00 -5.438442691264616657e-02
2.324814165214329265e+00 -5.491559737912098116e-02
2.347534207428782604e+00 -5.612492888140958869e-02
2.373797407351919464e+00 -5.638884376726815278e-02
2.397686326336248452e+00 -5.720063259339003281e-02
2.422853704287627696e+00 -5.722401745669396245e-02
2.447911500041831889e+00 -5.729417204660574442e-02
2.470923761448752920e+00 -5.816275268360857759e-02
2.470558487458167640e+00 -5.923511570083134226e-02
