-2.163791814169873425e-03 -1.414370834502801143e-03
2.088499699181055325e-02 -8.631561994817583830e-04
4.729430651118274320e-02 -5.691750608038686652e-04
7.220599266915207759e-02 -1.928837827189107661e-03
9.540089107136691393e-02 -1.995651722343173753e-03
1.211892348067427905e-01 -2.323039808598096299e-03
1.473063251336461099e-01 -3.295181983089754459e-03
1.698437303528060605e-01 -2.232841050140107076e-03
1.933308479474897257e-01 -2.764011516614930334e-03
2.188269724903967595e-01 -3.615888679829269529e-03
2.443596244323624767e-01 -3.298522677847456463e-03
2.713533723366722827e-01 -3.746175775379698841e-03
2.968129694805207164e-01 -3.201642529874061498e-03
3.239162995820065172e-01 -3.508986447582764651e-03
3.483896569512726082e-01 -4.841923655906376668e-03
3.721324663393664745e-01 -5.105838541764937295e-03
3.971172072954529675e-01 -4.414314726920355418e-03
4.210061262797814008e-01 -4.708295865598245353e-03
4.474154357991537156e-01 -5.175993131676706258e-03
4.730941973373535836e-01 -5.262851195376991309e-03
4.996130890539015046e-01 -5.553491639297178373e-03
5.225157682636475398e-01 -6.088002800529703634e-03
5.478292558112615174e-01 -6.138113221895254504e-03
5.718642843918243512e-01 -6.108046969075924329e-03
5.976526281272002139e-01 -7.628063083830920535e-03
6.239523554493966451e-01 -6.612491877489121150e-03
6.473664182459630823e-01 -6.345236296872857652e-03
6.733373989766320289e-01 -6.672624383127780633e-03
6.995275441016522988e-01 -7.010034553655812226e-03
7.233799356869223818e-01 -7.036760111717441264e-03
7.501910465959392704e-01 -6.632536046035341845e-03
7.726188696179232540e-01 -8.583501784534061305e-03
7.984072133532990057e-01 -8.192640497882777706e-03
8.207254541781074941e-01 -8.533391363168512170e-03
8.502395926174611818e-01 -8.633612205899612174e-03
8.730326896300311112e-01 -9.522237011448686853e-03
8.957527318444843401e-01 -8.753877217176927669e-03
9.213949659836258022e-01 -9.515555621933281111e-03
9.449916657754854343e-01 -9.138057114312808996e-03
9.734830370411980960e-01 -8.814009722815589754e-03
9.992348533775153863e-01 -8.930934039335204980e-03
1.022502806577847645e+00 -1.050106057545575032e-02
1.047085746144289065e+00 -9.876350655765232800e-03
1.071668685710730928e+00 -1.027055263717422361e-02
1.099466036394330271e+00 -1.054783030206359398e-02
1.123537592373951899e+00 -1.053780821779048450e-02
1.147645675752631655e+00 -1.076497546131431268e-02
1.171717231732252840e+00 -1.138968538100482673e-02
1.197286411073277490e+00 -1.085851491453000174e-02
1.223951412386059978e+00 -1.109904493708463794e-02
1.250031975313904642e+00 -1.197764765836060487e-02
1.272861599725533255e+00 -1.137632260197401178e-02
1.297152320099506539e+00 -1.238855311355810916e-02
1.322465807647120739e+00 -1.226494740752308646e-02
1.347121802011679081e+00 -1.225826601800768245e-02
1.374188604714106310e+00 -1.230169504985782584e-02
1.396945174327618666e+00 -1.184067917329476895e-02
1.423391011246049276e+00 -1.265914938893207900e-02
1.447754786418139039e+00 -1.313352804452593871e-02
1.473835349345984369e+00 -1.306337345461417582e-02
1.497651213532194880e+00 -1.285625037963656660e-02
1.520590420140999877e+00 -1.393195409161703154e-02
1.548935681810478249e+00 -1.388518436500918267e-02
1.572240162409868969e+00 -1.478717194958906883e-02
1.597736286952775364e+00 -1.463015929597701568e-02
1.622282699120158878e+00 -1.403885632386353381e-02
1.646098563306370055e+00 -1.467024763306945360e-02
1.672946201614445405e+00 -1.504106475117452171e-02
1.698661490551704123e+00 -1.440299205245319271e-02
1.722988738324735758e+00 -1.523148435236360877e-02
1.748010006679880934e+00 -1.435956302060304932e-02
1.771898925664209479e+00 -1.549539923822216766e-02
1.797102831014647517e+00 -1.621364861112837771e-02
1.822087571970733677e+00 -1.573258856601910533e-02
1.848496881490106380e+00 -1.520475879430198060e-02
1.872604964868786359e+00 -1.601988831518158865e-02
1.897553178425814391e+00 -1.631052875910177571e-02
1.923524159156483115e+00 -1.589294191438886047e-02
1.946865167154931964e+00 -1.724592329125869059e-02
1.971996017707253301e+00 -1.690851312073065812e-02
1.997893943639805325e+00 -1.672143421429928001e-02
2.020869677647668450e+00 -1.658112503447573688e-02
2.046694548782102441e+00 -1.693857937354998830e-02
2.069779864987141504e+00 -1.792742502183016298e-02
2.096590975896158504e+00 -1.708222924813122823e-02
2.122671538824003612e+00 -1.734280343923208859e-02
2.146122129019628400e+00 -1.793410641134557393e-02
2.173444623515465857e+00 -1.837173742460470466e-02
2.195397590349688066e+00 -1.789401807425313601e-02
2.224619509596572620e+00 -1.747643122954022077e-02
2.247083860017616175e+00 -1.847195826733580293e-02
2.272835676353932577e+00 -1.875257662698287531e-02
2.299865951657301455e+00 -1.820804338147724230e-02
2.321965028087758398e+00 -1.894299622817196063e-02
2.349543214377006084e+00 -1.869912551085962590e-02
2.372299783990516886e+00 -1.957104684262018710e-02
2.399074367500475535e+00 -1.973808158050534278e-02
2.424680074240558092e+00 -2.024920787843394535e-02
2.449555232999468757e+00 -1.989509423411739766e-02
2.470521960059108846e+00 -1.963117934825884398e-02
2.470375850462873668e+00 -1.932717612530784196e-02
