-1.542826030173570419e-03 -9.199480103627141270e-04
2.125027098239661363e-02 -1.377623192168065443e-03
4.744041610741715070e-02 -1.183862896221273778e-03
7.227904746726929175e-02 -2.139301596924415415e-03
9.737337062053166847e-02 -1.855342542519635395e-03
1.235269883464935881e-01 -1.738418226000020168e-03
1.459182839694190825e-01 -1.254017486133043174e-03
1.735329976577253130e-01 -1.324172076044812353e-03
1.986273208109876620e-01 -2.149323681197525329e-03
2.222240206028471277e-01 -1.982288943312360968e-03
2.461859943852927335e-01 -1.915475048158294226e-03
2.735084888811300519e-01 -2.737285958553304765e-03
2.972147708701654012e-01 -2.580273304941249016e-03
3.226378406149551514e-01 -3.024585707715786789e-03
3.490106227352687829e-01 -2.483393156967854485e-03
3.728995417195970496e-01 -2.276270081990249602e-03
3.995280156333209653e-01 -2.516800104544886663e-03
4.237456812091768832e-01 -2.713901095249381199e-03
4.500454085313732588e-01 -3.351973793970709336e-03
4.736786357222912414e-01 -3.519008531855873263e-03
4.989921232699051634e-01 -3.605866595556160049e-03
5.204702339163657099e-01 -3.659317711679412055e-03
5.473909270225583157e-01 -3.241730866966501153e-03
5.749691133118058906e-01 -3.341951709697598989e-03
5.999173268688337002e-01 -3.819671060049169373e-03
6.225643142851696732e-01 -2.493415241240963965e-03
6.469280894572595475e-01 -3.776242028199026848e-03
6.727894879907529990e-01 -3.398743520578555600e-03
6.977377015477808087e-01 -4.003409271722850257e-03
7.258272714238491741e-01 -3.335270320182192813e-03
7.504102109902908158e-01 -4.882011992998816323e-03
7.732763628009782231e-01 -4.060201082603806869e-03
7.984802681514164835e-01 -4.404292642647245071e-03
8.255835982529021733e-01 -4.601393633351739607e-03
8.489246062513512436e-01 -3.759538554410510325e-03
8.752243335735476748e-01 -4.093608030180839914e-03
8.982365949804693717e-01 -4.390929863616433587e-03
9.220524591666805492e-01 -4.120333588242466351e-03
9.474024741133534322e-01 -4.962188667183696500e-03
9.747249686091906673e-01 -4.638141275686476390e-03
9.985043053963432724e-01 -4.618097107140256563e-03
1.022393224380671484e+00 -5.449930101808375497e-03
1.048802533900043521e+00 -5.673756650574498205e-03
1.075284898217532925e+00 -5.616964839693541593e-03
1.099173817201861691e+00 -5.510062607447035847e-03
1.124304667754182585e+00 -5.657053176785978646e-03
1.150458285480144394e+00 -5.399819680442826363e-03
1.171863341328487351e+00 -5.961056399736980663e-03
1.197943904256332459e+00 -5.513403302204736983e-03
1.222417261625598606e+00 -5.753933324759375779e-03
1.252515838449889785e+00 -5.356390648592682970e-03
1.276733504025745480e+00 -6.144794611410660246e-03
1.300878114803484475e+00 -5.730548461455451346e-03
1.324913143384046865e+00 -5.626986923966649339e-03
1.349678719945781591e+00 -5.730548461455453081e-03
1.374115549915989387e+00 -5.974419178767792146e-03
1.400159585444775479e+00 -6.241674759384055644e-03
1.422002970081821971e+00 -5.897583199340618310e-03
1.448339224803076863e+00 -5.877539030794395013e-03
1.472155088989288041e+00 -6.876406763347678308e-03
1.499696747879476932e+00 -6.238334064626351906e-03
1.523293447671336454e+00 -6.572403540396681496e-03
1.549118318805770667e+00 -6.799570783920503604e-03
1.572861128193864921e+00 -6.936539268986339525e-03
1.596494355384783015e+00 -7.237201797179636069e-03
1.622721027908862190e+00 -6.184882948503099033e-03
1.648071042855534962e+00 -7.360807503214657037e-03
1.674297715379614138e+00 -7.130299564933132057e-03
1.698953709744173146e+00 -7.354126113699252162e-03
1.722331245141680789e+00 -7.263927355241262505e-03
1.748777082060112065e+00 -7.063485669779064231e-03
1.774127097006784171e+00 -7.567930578192263655e-03
1.796883666620296305e+00 -7.297334302818295551e-03
1.823402558336844281e+00 -6.933198574228636654e-03
1.846451347142823884e+00 -7.968813949116656734e-03
1.871691779892320939e+00 -7.721602537046612195e-03
1.898575945599455528e+00 -7.661470031407952713e-03
1.921697789203552498e+00 -7.781735042685273412e-03
1.947230441145518576e+00 -7.885296580174075420e-03
1.974151134251711071e+00 -7.698217673742688630e-03
1.997784361442629386e+00 -7.524501546342120262e-03
2.023572705178005471e+00 -8.212684666428996666e-03
2.050785617476666989e+00 -7.975495338632064210e-03
2.073213440498650861e+00 -8.296202035371579714e-03
2.098088599257561082e+00 -7.871933801143260467e-03
2.123876942992937167e+00 -7.871933801143260467e-03
2.150395834709485587e+00 -8.403104267618085460e-03
2.174394335890990071e+00 -8.443192604710525115e-03
2.201607248189651145e+00 -8.069034791847756738e-03
2.225897968563623763e+00 -8.710448185326787746e-03
2.249896469745128691e+00 -8.499984415591479991e-03
2.276890217649438775e+00 -8.840735280877217925e-03
2.298916239281777685e+00 -9.221574483255390309e-03
2.324558473420919036e+00 -8.322927593433206150e-03
2.348995303391126832e+00 -8.930934039335204980e-03
2.374674064929326978e+00 -9.218233788497686571e-03
2.398782148308006512e+00 -9.545621874752609551e-03
2.426287279799137053e+00 -9.198189619951467610e-03
2.448788157619238071e+00 -9.194848925193763872e-03
2.472932768396976844e+00 -9.067902524401040901e-03
2.471617782030866461e+00 -9.391949915898258408e-03
