-1.542826030173570419e-03 -1.678285720361360686e-03
2.461079169578837128e-02 -1.023509547851516243e-03
4.802485449235484316e-02 -6.293075664425278222e-04
7.607789696936430313e-02 -1.541317235295526066e-03
9.759253501488331095e-02 -4.555914390419569062e-04
1.252437761022480722e-01 -1.040213021640032766e-03
1.482195101101112800e-01 -1.360919718379548053e-03
1.718892647000880292e-01 -1.157137338159647992e-03
1.996866153836872326e-01 -8.965631470587918624e-04
2.233198425746053539e-01 -1.170500117190461211e-03
2.467704327702304745e-01 -7.428911882044398523e-04
2.715360093319653667e-01 -1.454459171595240364e-03
2.980914284475719711e-01 -5.424495027422434213e-04
3.243546283707097744e-01 -1.083642053490175509e-03
3.498507529136168359e-01 -7.762981357814727895e-04
3.727534321233628156e-01 -4.455693547688469383e-04
3.985417758587385673e-01 -5.023611656498027907e-04
4.230151332280048249e-01 -1.023509547851516243e-03
4.498262441370217135e-01 -1.264039570406153088e-03
4.724001767552402087e-01 -8.531341152086483609e-04
4.979693560962643040e-01 -1.384304581683471619e-03
5.237942272306987945e-01 -9.533549579397469559e-04
5.480484202056131737e-01 -1.240654707102230173e-03
5.733253803541686899e-01 -1.227291928071416955e-03
5.975795733290829581e-01 -9.299700946358241491e-04
6.234774992616347600e-01 -8.832003680279781020e-04
6.480239114290180513e-01 -8.999038418164944080e-04
6.749080771361523068e-01 -1.143774559128834557e-03
6.974089549562534351e-01 -7.495725777198465698e-04
7.249140864473838652e-01 -1.197225675252087214e-03
7.482550944458329356e-01 -1.604790435691888636e-03
7.733859449981541623e-01 -1.073619969217065595e-03
7.985533229495334062e-01 -1.110367611551801728e-03
8.238302830980889224e-01 -1.514591677233899630e-03
8.499108460259335862e-01 -1.110367611551801728e-03
8.740554568036721372e-01 -1.220610538556010779e-03
8.972868826049456015e-01 -8.664968942394614708e-04
9.230752263403215752e-01 -1.370941802652658401e-03
9.497767550521627467e-01 -1.220610538556010346e-03
9.737387288346081027e-01 -1.120389695824911859e-03
9.999288739596288167e-01 -6.894400720811870876e-04
1.023196827159960742e+00 -3.119415644607153519e-04
1.050154047665212032e+00 -1.143774559128834774e-03
1.072874089879665149e+00 -9.399921789089340628e-04
1.099575618591506210e+00 -1.674945025603658466e-03
1.123902866364538067e+00 -9.967839897898900237e-04
1.148814552522506860e+00 -8.865410627856812982e-04
1.174822060652234601e+00 -1.888749490096668440e-03
1.198199596049742688e+00 -9.767398212436701962e-04
1.221431021851016041e+00 -8.163864728739124443e-04
1.250433776703549160e+00 -6.927807668388903922e-04
1.270852592777309553e+00 -8.865410627856812982e-04
1.298321196869381966e+00 -1.120389695824911208e-03
1.323305937825468570e+00 -8.264085571470220328e-04
1.348181096584379013e+00 -7.829795252968793987e-04
1.373348474535758701e+00 -2.019036585647096885e-03
1.398698489482431029e+00 -7.195063249005167203e-04
1.424852107208393059e+00 -1.233973317586823564e-03
1.448083533009666191e+00 -5.725157555615719698e-04
1.473506602754456107e+00 -1.334194160317922267e-03
1.499221891691715269e+00 -1.397667360714284837e-03
1.524097050450625712e+00 -8.631561994817583830e-04
1.546999729660371914e+00 -9.333107893935274537e-04
1.574103059761857493e+00 -1.117049001067207904e-03
1.595617697807376167e+00 -1.928837827189108095e-03
1.623926432077796633e+00 -9.633770422128569780e-04
1.647632714066831650e+00 -1.771825173577052780e-03
1.675320482553254831e+00 -1.137093169613427948e-03
1.698150106964883665e+00 -1.207247759525197344e-03
1.724376779488962841e+00 -7.529132724775499828e-04
1.748119588877057096e+00 -1.725055446969207167e-03
1.773907932612432736e+00 -1.076960663974768900e-03
1.798710036573226256e+00 -6.426703454733411489e-04
1.822343263764144350e+00 -1.304127907498592309e-03
1.848789100682575404e+00 -1.715033362696097253e-03
1.872641492267844932e+00 -1.347556939348735485e-03
1.898831637392865312e+00 -1.120389695824911642e-03
1.921149878217673912e+00 -1.431074308291317666e-03
1.950408324863617260e+00 -1.561361403841745677e-03
1.972616983491249476e+00 -1.491206813929977148e-03
1.995665772297229745e+00 -1.441096392564427580e-03
2.022294246210953883e+00 -1.895430879612075049e-03
2.046658021383044090e+00 -6.927807668388906090e-04
2.070108611578668878e+00 -9.867619055167801100e-04
2.099294003426495081e+00 -7.228470196582201333e-04
2.122488901828710084e+00 -1.183862896221274212e-03
2.147729334578207361e+00 -1.006806074062999721e-03
2.173554205712640908e+00 -1.110367611551802596e-03
2.198831165861196979e+00 -1.063597884943955681e-03
2.224363817803162835e+00 -4.121624071918140010e-04
2.246682058627971212e+00 -1.160478032917351080e-03
2.274369827114394393e+00 -1.304127907498592526e-03
2.301144410624352599e+00 -1.220610538556010129e-03
2.323974035035980990e+00 -5.224053341960230518e-04
2.349031830790185182e+00 -1.020168853093813156e-03
2.375696832102967448e+00 -1.621493909480405376e-03
2.399731860683530726e+00 -7.128249353851103280e-04
2.426689081188781127e+00 -5.858785345923851881e-04
2.450066616586289214e+00 -1.340875549833328659e-03
2.472092638218628569e+00 -7.930016095699892039e-04
2.470777651852519519e+00 -3.887775438878910859e-04
