1.000000000000000000e+02 3.089963481265905365e+00 1.119983420384499162e+00 -1.478083294553570459e-01 3.901202528476298004e-01
1.266380173467403409e+02 3.513422984267517535e+00 1.028582816811424107e-04 -4.256773385275525179e-04 2.382643699113861572e-04
1.603718743751331033e+02 3.513455793241242020e+00 9.523372176795475775e-05 -3.271358481012343056e-04 2.479058895382060942e-04
2.030917620904734804e+02 3.513422384269482279e+00 1.197240517020422727e-04 -4.686039778858952509e-04 2.571221982008159304e-04
2.571913809059344658e+02 3.513460062381812410e+00 6.167793227529343484e-05 -7.302875083415316659e-04 3.978570262166188239e-04
3.257020655659782733e+02 3.513619165722511983e+00 9.832841746575983477e-05 -9.261519035623222429e-04 3.052692563236448662e-04
4.124626382901352031e+02 3.513573389479541120e+00 1.040723520820415431e-04 -1.227694935800549558e-03 2.248614774492342563e-04
5.223345074266843540e+02 3.513598199171076075e+00 1.463797379532880789e-04 -1.464145933485094808e-03 1.017549632276498517e-04
6.614740641230146139e+02 3.513592889003270159e+00 9.144295132412048215e-05 -1.922471184024943103e-03 2.656912499847540626e-04
8.376776400682915664e+02 3.513564149685516558e+00 1.334515961558776001e-04 -2.368398002344229702e-03 3.034473832943113667e-04
1.060818355139448158e+03 3.513589288556959289e+00 1.603168312242813287e-04 -2.911545639844248523e-03 2.143274131431356655e-04
1.343399332598900173e+03 3.513651470013041234e+00 1.831285064526523164e-04 -3.588800420431637050e-03 1.757561580087678562e-04
1.701254279852589207e+03 3.513642129862287078e+00 2.559307757763848879e-04 -4.631455091726854878e-03 2.138812644639925559e-04
2.154434690031882383e+03 3.513583666831710417e+00 1.954689432277009070e-04 -6.086043596250034771e-03 2.782578132860465971e-04
2.728333376486769339e+03 3.513169806250600935e+00 3.215979169407472528e-04 -7.851352455858440216e-03 5.238171944927870992e-04
3.455107294592218295e+03 3.513095758112537936e+00 2.514278675405007854e-04 -9.762164383991245309e-03 4.505108582158206154e-04
4.375479375074184645e+03 3.512443660293508074e+00 2.231141204865246799e-04 -1.250343971690731637e-02 2.809054993768819362e-04
5.541020330009491772e+03 3.511289877237091517e+00 1.811748532393692786e-04 -1.625240990448861833e-02 6.191082978649646226e-04
7.017038286703822450e+03 3.510164970888351110e+00 2.539938744604688177e-04 -1.970067942324427168e-02 6.636393439072500559e-04
8.886238162743407884e+03 3.509006166295853824e+00 2.476853353843552004e-04 -2.426352258742864310e-02 5.177985787463822848e-04
1.125335582600764610e+04 3.507648638439929467e+00 1.659694753604551236e-04 -3.041156092138458389e-02 3.350029737230580105e-04
1.425102670302996376e+04 3.505924101081090871e+00 2.733828762707679345e-04 -3.762974912946570605e-02 6.843354744815650405e-04
1.804721766827170359e+04 3.504157024352684502e+00 4.177282749701254137e-04 -4.637876694506509745e-02 6.446776796938682129e-04
2.285463864134993128e+04 3.502091247341333702e+00 3.630664359083274968e-04 -5.727390801117770991e-02 1.132210317007741702e-03
2.894266124716751801e+04 3.499960002949232152e+00 2.660676142559721354e-04 -6.885468363187813301e-02 7.371493991213366606e-04
3.665241237079625716e+04 3.496899487129556228e+00 3.687939091177375975e-04 -8.310302971527394611e-02 1.059671871383391969e-03
4.641588833612772578e+04 3.493365021452232710e+00 3.787401088558316523e-04 -1.013804173256158681e-01 1.874872045439804780e-03
5.878016072274911858e+04 3.488833507817631574e+00 5.666631280212995267e-04 -1.237191974574641806e-01 9.207176482638814189e-04
7.443803013251695666e+04 3.483589208726986630e+00 5.603304263491878847e-04 -1.530440472323930656e-01 5.078643235314717020e-04
9.426684551178854599e+04 3.478923655526505954e+00 6.545696209906431582e-04 -1.865131160923381715e-01 2.651761137047331258e-03
1.193776641714435682e+05 3.475401612535915952e+00 5.918522944829195196e-04 -2.276218910868404444e-01 1.197299777613728376e-03
1.511775070615659934e+05 3.473793406295230035e+00 4.339558144284123798e-04 -2.841409725590375301e-01 1.342687799196887232e-03
1.914481976169957488e+05 3.475355823681833822e+00 7.278359245628181510e-04 -3.564151713973557900e-01 2.436191411979345481e-03
2.424462017082330713e+05 3.478346351703980321e+00 9.521483365717293545e-04 -4.443196676360679498e-01 1.506084946683104719e-03
3.070290629757849965e+05 3.480596718445041482e+00 8.126672367574721244e-04 -5.542109821990977014e-01 4.454173264167854765e-03
3.888155180308085401e+05 3.477619068669751012e+00 1.201094180377513046e-03 -6.872736753342075788e-01 2.195547360606889351e-03
4.923882631706731627e+05 3.465330822065742389e+00 1.977042259582934176e-03 -8.510609465802249085e-01 1.094811562387236828e-03
6.235507341273912461e+05 3.434187390796872741e+00 2.564715733285047664e-03 -1.055531836206811125e+00 3.733364570696991701e-03
7.896522868499732576e+05 3.375723130955172291e+00 3.285070823160687794e-03 -1.311304021151419530e+00 1.934435550730858461e-02
1.000000000000000000e+06 3.273189883248824206e+00 8.367935951248822724e-03 -1.669310366918519639e+00 9.002932806838523025e-03
