1.000000000000000000e+02 8.432506351153907787e-01 2.908703921022612882e-01 -3.447847794594292026e-01 9.049805804459474246e-01
1.266380173467403409e+02 9.526434338697307158e-01 3.928511656152018985e-03 -2.661917040887029628e-03 7.650389620800583093e-04
1.603718743751331033e+02 9.522812669381566231e-01 4.338476193723608300e-03 -3.664652192443884626e-03 7.789782115152277990e-04
2.030917620904734804e+02 9.522055555649854286e-01 3.966636901689247520e-03 -4.985407749483361517e-03 1.144853032627591747e-03
2.571913809059344658e+02 9.525735154191272702e-01 4.913775451391968509e-03 -5.929289057325703993e-03 7.550091739185330660e-04
3.257020655659782733e+02 9.541336181170694264e-01 3.859760562630780347e-03 -7.075730084934783726e-03 5.351114825001665638e-04
4.124626382901352031e+02 9.552022646878461920e-01 7.665517114331090766e-03 -9.446986770417997725e-03 9.447002129818808614e-04
5.223345074266843540e+02 9.521170052972336428e-01 4.815543153484014814e-03 -1.102496222880311461e-02 2.245785869369647594e-03
6.614740641230146139e+02 9.539692707910862879e-01 4.718558024551273641e-03 -1.504315085392016194e-02 9.733299722336028609e-04
8.376776400682915664e+02 9.534249684910531819e-01 5.219572082820764583e-03 -1.890891323297982929e-02 2.888327513774725992e-04
1.060818355139448158e+03 9.546721702293707867e-01 4.354426760757158441e-03 -2.339558951525599895e-02 3.577875585706280460e-04
1.343399332598900173e+03 9.534753133772573275e-01 4.681096221780330253e-03 -2.993758018436309953e-02 5.326569272339424631e-04
1.701254279852589207e+03 9.534014630579106253e-01 4.147126293351912317e-03 -3.785118479193672059e-02 3.027695108700189102e-04
2.154434690031882383e+03 9.537790702730917225e-01 3.910630024701829133e-03 -4.813634880125183813e-02 8.058766443325961421e-04
2.728333376486769339e+03 9.525934818725948494e-01 4.251975947974833032e-03 -6.112854566921277488e-02 4.529360337304847968e-04
3.455107294592218295e+03 9.512555283339054757e-01 4.843903509452456881e-03 -7.662368926914775447e-02 8.907127228819758423e-04
4.375479375074184645e+03 9.492630434134794459e-01 5.987628756687823559e-03 -9.699808787063057824e-02 2.950667480290366314e-04
5.541020330009491772e+03 9.475996802875241709e-01 5.200913380228403167e-03 -1.220261609318209484e-01 6.166430594907801929e-04
7.017038286703822450e+03 9.455650593416263794e-01 2.665227533015982961e-03 -1.543308924087896106e-01 1.002140659393361416e-03
8.886238162743407884e+03 9.392664477544996338e-01 4.694023165095447155e-03 -1.939310448799089204e-01 8.588141010461714919e-04
1.125335582600764610e+04 9.318797423365050570e-01 4.253271173867451127e-03 -2.437578396725632590e-01 1.432279826189414903e-03
1.425102670302996376e+04 9.199192426612340379e-01 3.473292598684562214e-03 -3.043753073103008244e-01 1.012346289006523480e-03
1.804721766827170359e+04 9.009391512908797583e-01 3.696259584658018529e-03 -3.782685956819366035e-01 2.368552507035848534e-03
2.285463864134993128e+04 8.725919220397273524e-01 5.348802526806583323e-03 -4.623887727086537502e-01 2.719220310960035556e-03
2.894266124716751801e+04 8.366900832576226188e-01 3.744365410358299357e-03 -5.638434928624924680e-01 1.427667946391831090e-03
3.665241237079625716e+04 7.873452325670127205e-01 6.937295867776617497e-03 -6.717629970148337737e-01 3.807734389339490454e-03
4.641588833612772578e+04 7.304721060828750501e-01 4.632158757793330625e-03 -7.847478216615610958e-01 8.031500606038426485e-03
5.878016072274911858e+04 6.629436011770499793e-01 7.686239939988694612e-03 -8.988332949314818965e-01 9.226442606237403657e-03
7.443803013251695666e+04 5.947090803979124818e-01 4.991529150588213531e-03 -9.919388619608957569e-01 4.919093448913836909e-03
9.426684551178854599e+04 5.303441673248047161e-01 6.237973652316861073e-03 -1.089928595407634981e+00 1.548879610069134848e-02
1.193776641714435682e+05 4.650429451740727416e-01 5.903982626927425231e-03 -1.158827608317970492e+00 3.370902159077904942e-02
1.511775070615659934e+05 4.003974079517881313e-01 6.208000783315789813e-03 -1.202956351308884564e+00 3.187729318914263310e-02
1.914481976169957488e+05 3.285765484949954018e-01 7.230524767731574820e-03 -1.247623182587413559e+00 1.955872567343993826e-02
2.424462017082330713e+05 2.564131813676953087e-01 2.414771189454155507e-03 -1.256533764577935974e+00 2.184215262170566968e-02
3.070290629757849965e+05 2.073359099176236564e-01 2.771855782292353878e-03 -1.268167301768303501e+00 1.946944004990468907e-02
3.888155180308085401e+05 1.665130261070642548e-01 3.553002128503677300e-03 -1.241726950672412011e+00 3.497214552524661318e-02
4.923882631706731627e+05 1.327269488379973494e-01 1.704831546308498407e-03 -1.234353431439189741e+00 2.550646030944083223e-02
6.235507341273912461e+05 1.083332428877457343e-01 3.400115382726302902e-03 -1.172904122503290791e+00 5.678476152724928894e-02
7.896522868499732576e+05 8.843592224406178481e-02 2.769149125104139984e-03 -1.119973490567596874e+00 5.501529394539539375e-02
1.000000000000000000e+06 7.257158887790018942e-02 1.077465946256852495e-03 -1.078084804467863256e+00 2.334378531930523040e-02
