1.000000000000000000e+01 1.427166494472731806e+00 1.930761794748936389e-03 -1.906961992147870877e-02 3.720886751054981734e-03
1.266380173467403480e+01 1.426283150268619515e+00 9.914046512243046897e-05 -2.582962050575016155e-02 1.569386170723902768e-04
1.603718743751329967e+01 1.426124743811774342e+00 1.635533488733915042e-04 -3.273228414506018646e-02 4.715058420811603281e-04
2.030917620904735799e+01 1.425483832890286795e+00 1.073983094267002631e-04 -4.147645056343890468e-02 2.398819692281741486e-04
2.571913809059344302e+01 1.424645922640471518e+00 3.055782893283658791e-04 -5.252772433288788179e-02 5.109867485183381894e-04
3.257020655659783159e+01 1.423325880673357524e+00 4.107826104867339716e-04 -6.690945488738991864e-02 4.405515363062143539e-04
4.124626382901352173e+01 1.421373194968295284e+00 5.095123107879186500e-03 -8.309603895860162570e-02 4.255046467347247882e-03
5.223345074266843113e+01 1.417596542034779805e+00 6.472138220183746779e-03 -1.052846322705439652e-01 5.766147201757332308e-03
6.614740641230149265e+01 1.412525563842116583e+00 5.201343922912384302e-03 -1.353812665697889384e-01 3.166100014185098226e-03
8.376776400682915380e+01 1.404127293692676082e+00 3.230755533849633855e-03 -1.690137103432788890e-01 4.404322226380275214e-03
1.060818355139448244e+02 1.396791958510483989e+00 5.248419575345446460e-03 -2.126732093498141518e-01 4.449945853440332583e-03
1.343399332598900173e+02 1.373271582931613555e+00 3.911118022986216115e-03 -2.671707115341317440e-01 2.357360956760015148e-03
1.701254279852589093e+02 1.347866396207828776e+00 3.768408568396219849e-03 -3.349525324060913523e-01 1.068920836362661098e-03
2.154434690031882269e+02 1.305761215725411706e+00 2.532464631840781848e-03 -4.140671091059466291e-01 1.739606683193227563e-03
2.728333376486769453e+02 1.244647239490785040e+00 1.698610690771258040e-03 -5.093073556641578570e-01 1.379192456549083266e-03
3.455107294592218068e+02 1.165027024052426974e+00 3.439127368968232859e-03 -6.153804696625985171e-01 1.451285367728305563e-03
4.375479375074184532e+02 1.062693002514429663e+00 3.339147049743876761e-03 -7.296465077492986229e-01 2.158994742938321991e-03
5.541020330009491772e+02 9.439915111208041498e-01 2.824702224648586307e-03 -8.468576964818650410e-01 2.833791621595122597e-03
7.017038286703822223e+02 8.149371601333207371e-01 1.760051554984837924e-03 -9.608476390587348259e-01 2.551962555782670821e-03
8.886238162743406974e+02 6.870272133646432300e-01 1.133311728355334506e-03 -1.062738216343195097e+00 5.308981858524836235e-03
1.125335582600764610e+03 5.680112652753579461e-01 5.861623579987696158e-04 -1.158307799533785820e+00 3.231734478819050810e-03
1.425102670302997694e+03 4.630052202375770642e-01 6.504373226871065479e-04 -1.240712080403810980e+00 9.674398404280465727e-03
1.804721766827170313e+03 3.731878472560752336e-01 3.297242900621593395e-04 -1.303102510892330645e+00 5.712648469235876575e-03
2.285463864134990672e+03 2.986896273573964034e-01 4.180068983014512997e-04 -1.353704993528759504e+00 9.288034565676671003e-03
2.894266124716751619e+03 2.380419157520793361e-01 3.438058048245824999e-04 -1.394744927182467009e+00 1.174855316683003255e-02
3.665241237079625989e+03 1.890310845801733697e-01 3.644815044758235238e-04 -1.426681493125516509e+00 1.326929080766502816e-02
4.641588833612777307e+03 1.498909744922817810e-01 1.486785652084770420e-04 -1.448081923910656155e+00 6.141407998540655312e-03
5.878016072274911494e+03 1.188796011910529526e-01 1.322339408262914590e-04 -1.464464938430054097e+00 8.748286312055285341e-03
7.443803013251688753e+03 9.409004797572989576e-02 1.103496894833423919e-04 -1.481733335566451704e+00 5.631525012755315973e-03
9.426684551178854235e+03 7.458988109859655824e-02 1.741087907702913099e-04 -1.490173249666001398e+00 6.313226016690731170e-03
1.193776641714435755e+04 5.928457597027085579e-02 1.854509756100357191e-04 -1.495232829731377278e+00 6.895624916871195657e-03
1.511775070615659934e+04 4.707927682326371044e-02 1.703539714591232007e-04 -1.498665313503725560e+00 4.513957056961285380e-03
1.914481976169957488e+04 3.763140200359110787e-02 2.083443715013884182e-04 -1.494319902692112123e+00 6.363042375374656015e-03
2.424462017082330931e+04 2.982338923967384897e-02 3.001271677960752875e-04 -1.493005281708094323e+00 7.838074181811042346e-03
3.070290629757849820e+04 2.398364243130157725e-02 1.592785306846609310e-04 -1.492143379722770558e+00 1.047962945704691319e-02
3.888155180308085255e+04 1.916826263673190867e-02 5.932750978963833698e-04 -1.499841976596564708e+00 1.178551731197409642e-02
4.923882631706731627e+04 1.550701765872319893e-02 1.347169102635522534e-03 -1.534200970512185291e+00 6.871570468020764266e-02
6.235507341273911879e+04 1.151082647596531755e-02 1.173416993981347576e-03 -1.502943435251371085e+00 3.540013309689189758e-02
7.896522868499733158e+04 1.005808363966582616e-02 8.996074842923371031e-04 -1.527334938561252020e+00 1.249847556766882917e-01
1.000000000000000000e+05 7.182987970263664604e-03 1.922704407159907258e-03 -1.526753630844229992e+00 1.777835870510196814e-01
