1.000000000000000000e+01 1.538815384218822802e+00 4.511465213582482197e-04 -6.680647453623511645e-03 1.415950803029552868e-04
1.266380173467403480e+01 1.539021317090841556e+00 2.075438988762333490e-04 -8.333073438921645426e-03 5.005396727684462447e-04
1.603718743751329967e+01 1.538923999812836563e+00 6.960798211039273921e-05 -1.092718054584129739e-02 1.823372357422781826e-04
2.030917620904735799e+01 1.538911312577205370e+00 4.460913177448137454e-05 -1.369283060116777140e-02 9.859001369391159474e-05
2.571913809059344302e+01 1.538720668611458509e+00 1.576783279454972459e-04 -1.737222729351123318e-02 1.471380289665054364e-04
3.257020655659783159e+01 1.538630060682558476e+00 6.150909967687381808e-04 -2.196537770099454834e-02 8.773589244263803181e-05
4.124626382901352173e+01 1.536938727926798975e+00 1.561630030546228357e-03 -2.828393952522434418e-02 2.474824735552388997e-03
5.223345074266843113e+01 1.540157169577881069e+00 5.792052706524440306e-03 -3.438638023794748921e-02 1.158278180806582161e-03
6.614740641230149265e+01 1.536885702549289245e+00 2.792214308156717052e-03 -4.451413564621287122e-02 1.783243131621076128e-03
8.376776400682915380e+01 1.536095687225697670e+00 2.544936762656916599e-03 -5.578556460613048884e-02 1.357595379276448425e-03
1.060818355139448244e+02 1.536183443476795363e+00 3.914565665508150383e-03 -7.055460934022861341e-02 1.397384384460619152e-03
1.343399332598900173e+02 1.533167203899444608e+00 2.440202000530092719e-03 -9.006130941195444883e-02 9.828041264443451112e-04
1.701254279852589093e+02 1.528448376847913792e+00 1.431195541924351871e-03 -1.142074516418348229e-01 5.148067004353606762e-04
2.154434690031882269e+02 1.523838627952265767e+00 1.447514042673202217e-03 -1.444115875233920043e-01 7.887915216214699257e-04
2.728333376486769453e+02 1.512998780199477755e+00 7.577268268337177199e-04 -1.820323308288441799e-01 5.975758391636938659e-04
3.455107294592218068e+02 1.499003087831432213e+00 1.368443595475858946e-03 -2.290183092042459845e-01 7.957779097390082004e-04
4.375479375074184532e+02 1.475541174387290599e+00 1.591634613946832800e-03 -2.868853054575452588e-01 5.736347013330115804e-04
5.541020330009491772e+02 1.440964772044527553e+00 6.670164332572333515e-04 -3.572981525321793361e-01 3.999530855051666787e-04
7.017038286703822223e+02 1.390224466268598746e+00 7.690992141760636877e-04 -4.415099523662781023e-01 4.640022496016447799e-04
8.886238162743406974e+02 1.318506078996252384e+00 1.327699303546744491e-03 -5.392186033921035904e-01 7.033206619748603528e-04
1.125335582600764610e+03 1.224410561146142662e+00 3.513571006251943788e-04 -6.480965631947854799e-01 6.318074904665290075e-04
1.425102670302997694e+03 1.107757226213181845e+00 5.082326821489045916e-04 -7.632298084675017691e-01 1.373223453801578802e-03
1.804721766827170313e+03 9.752324669251306588e-01 3.547885137242203684e-04 -8.801902858654522266e-01 9.918318660789332726e-04
2.285463864134990672e+03 8.360424620032926857e-01 3.149697824371162501e-04 -9.911408764504963109e-01 1.660006659278315429e-03
2.894266124716751619e+03 7.003765798998004000e-01 2.857365639879892076e-04 -1.090382373131620897e+00 1.868481879257933567e-03
3.665241237079625989e+03 5.762351853368721244e-01 4.041757349391004615e-04 -1.177690330511705907e+00 4.410484055020615773e-03
4.641588833612777307e+03 4.679702486962208363e-01 1.502040795412444682e-04 -1.250497472086967710e+00 2.667105719890260161e-03
5.878016072274911494e+03 3.766817379348799122e-01 3.039397879489666855e-04 -1.306740224226510483e+00 2.962163893312720966e-03
7.443803013251688753e+03 3.013753733335073903e-01 3.011889017375564545e-04 -1.355415679746221347e+00 4.090135255365906324e-03
9.426684551178854235e+03 2.405099949308760476e-01 2.633333817514108997e-04 -1.393314131840790671e+00 5.327384659320106436e-03
1.193776641714435755e+04 1.917585133520639806e-01 1.069888633263945988e-04 -1.416789961683834420e+00 2.402834514238263042e-03
1.511775070615659934e+04 1.531345095282841406e-01 1.386448006778438194e-04 -1.437439829431546245e+00 5.223594377189355077e-03
1.914481976169957488e+04 1.223337800564322370e-01 1.715466094376281439e-04 -1.455788167225257279e+00 2.733485590817299506e-03
2.424462017082330931e+04 9.789638359372854204e-02 3.363725364999894918e-04 -1.472007225294480026e+00 1.808509830126272437e-03
3.070290629757849820e+04 7.871187305455079608e-02 2.377563577461547944e-04 -1.488911070316528695e+00 3.570640360728417548e-03
3.888155180308085255e+04 6.294181191076067550e-02 8.204743302558748039e-04 -1.507066674732862932e+00 1.003224205451345649e-02
4.923882631706731627e+04 5.124426963960576620e-02 2.043448024870595826e-03 -1.530534688880978322e+00 2.289430783870895908e-02
6.235507341273911879e+04 3.863042175150559199e-02 1.843684877561748044e-03 -1.566532334029379525e+00 3.093022579627740035e-02
7.896522868499733158e+04 3.241693987018672701e-02 8.936199199877679434e-04 -1.591327627541688550e+00 4.449069637256162363e-02
1.000000000000000000e+05 2.461175725936533276e-02 2.167401369531268655e-03 -1.638609779388439769e+00 1.005485039745434434e-01
