1.000000000000000000e+02 1.371047743457750157e+00 4.437834898846215737e-01 1.102648757164742532e-02 3.127095802810943292e-02
1.266380173467403409e+02 1.538536496445769508e+00 4.921302316496591099e-04 -7.270381795084213117e-04 2.532886616736644320e-04
1.603718743751331033e+02 1.539266986341329968e+00 5.276797231936012234e-04 -1.064148337798442867e-03 1.921090144779715966e-04
2.030917620904734804e+02 1.538940312988818171e+00 2.706693653637253514e-04 -1.205920708421015508e-03 4.572750802909232581e-04
2.571913809059344658e+02 1.538500203866726812e+00 4.746060540678899518e-04 -2.156033588122441280e-03 4.679612259701038763e-04
3.257020655659782733e+02 1.538652997928478650e+00 4.854842064660632697e-04 -2.089308166722814164e-03 6.459875147373159154e-04
4.124626382901352031e+02 1.538707493705464557e+00 1.620019615292863095e-04 -2.895664729639702006e-03 3.782752797220342920e-04
5.223345074266843540e+02 1.538772579684720254e+00 3.141676509112748743e-04 -3.815876976380527807e-03 2.689275907947877883e-04
6.614740641230146139e+02 1.539055115441104959e+00 6.772835952156746947e-04 -4.482808557378092917e-03 6.662394033100951752e-04
8.376776400682915664e+02 1.538624336686419625e+00 5.349865584051616187e-04 -6.045246458405872936e-03 1.023650163120219371e-04
1.060818355139448158e+03 1.538866235786316317e+00 3.247226103225130133e-04 -7.788011417791951274e-03 1.818524826478258463e-04
1.343399332598900173e+03 1.539919387899650882e+00 3.898951486558872512e-03 -9.782247591554105171e-03 2.930869157700640749e-04
1.701254279852589207e+03 1.538738780025211250e+00 1.875418739183675756e-04 -1.233229381594630469e-02 7.406468110874195820e-05
2.154434690031882383e+03 1.538534425860561328e+00 2.036293029419456563e-04 -1.562112470899218453e-02 7.730434475053574010e-05
2.728333376486769339e+03 1.538383461706526401e+00 3.273998335803807473e-04 -1.957120849589372158e-02 3.551852217223935328e-04
3.455107294592218295e+03 1.538129852485213389e+00 2.296937297870698031e-04 -2.491870251577810169e-02 2.094680383350079459e-04
4.375479375074184645e+03 1.537586169919940016e+00 3.898778931466284408e-04 -3.147494950296014782e-02 2.498256720265667336e-04
5.541020330009491772e+03 1.536982983044036910e+00 4.647921738383685637e-04 -3.991699255554509440e-02 2.188830302739140025e-04
7.017038286703822450e+03 1.536053312288660821e+00 6.084588223350977836e-04 -5.044119789086687344e-02 2.893921674238506860e-04
8.886238162743407884e+03 1.534605428227046708e+00 4.094656772003706200e-04 -6.348806165369386134e-02 3.360483704697719170e-04
1.125335582600764610e+04 1.532639884689350307e+00 4.388932528479041681e-04 -8.013045795651113634e-02 2.214712595449171281e-04
1.425102670302996376e+04 1.529766897698399131e+00 2.013341819893798451e-04 -1.014609024876541032e-01 3.592016195179945407e-04
1.804721766827170359e+04 1.525036170489266318e+00 4.642344915029086860e-04 -1.279542523519657249e-01 5.269412050795952958e-04
2.285463864134993128e+04 1.517349162078975411e+00 5.782479410600881945e-04 -1.614374838834926051e-01 5.480770370930211502e-04
2.894266124716751801e+04 1.505988967917180288e+00 6.024157056197310730e-04 -2.034003486544973538e-01 5.920162280188413350e-04
3.665241237079625716e+04 1.487005127896682488e+00 6.902736052551444344e-04 -2.557797496171005380e-01 8.879106658261736026e-04
4.641588833612772578e+04 1.459290210973096524e+00 3.782984794983696580e-03 -3.184907013706702594e-01 1.448333017756181940e-03
5.878016072274911858e+04 1.417646648684788957e+00 4.089889252285375081e-03 -3.969279459200057425e-01 2.037986775450974578e-03
7.443803013251695666e+04 1.355162536850657906e+00 2.946137226176138730e-03 -4.858879049559328145e-01 2.791926244338251151e-03
9.426684551178854599e+04 1.268623388819565712e+00 5.780151746004090832e-03 -5.909139267259149175e-01 5.938172056303743160e-03
1.193776641714435682e+05 1.161474150151721840e+00 7.936469526393877955e-03 -6.999164720075294888e-01 6.413034952828543245e-03
1.511775070615659934e+05 1.032447472442776792e+00 7.535722704533767170e-03 -8.171802569824775375e-01 6.890248287627132907e-03
1.914481976169957488e+05 8.961511448705647975e-01 7.491601028678453351e-03 -9.249110181071398262e-01 6.476429367096141372e-03
2.424462017082330713e+05 7.578453952230495005e-01 2.645814683294146763e-03 -1.026479132383565585e+00 6.034946225600154243e-03
3.070290629757849965e+05 6.274236134328303738e-01 2.540169331304970978e-03 -1.114919237038245914e+00 5.017885440314737502e-03
3.888155180308085401e+05 5.108930749498223900e-01 5.088012692911472387e-03 -1.184235586418797226e+00 8.663895120230170888e-03
4.923882631706731627e+05 4.144203001415392995e-01 3.075577006267929663e-03 -1.232508764515007460e+00 1.175960666677855482e-02
6.235507341273912461e+05 3.323847065655911592e-01 1.654062322264090177e-03 -1.274882220361384100e+00 9.410973953404637785e-03
7.896522868499732576e+05 2.660189745105992487e-01 8.577858151839310059e-04 -1.298612406077631176e+00 1.054196357968118468e-02
1.000000000000000000e+06 2.127317834910901762e-01 1.195089203091203233e-03 -1.301879315672908044e+00 1.522919460491664427e-02
