1.000000000000000000e+01 3.513368742904133590e+00 1.036186188518431933e-04 -2.099213460612536775e-03 5.161132151644986821e-05
1.266380173467403480e+01 3.513443046619930676e+00 9.854881103648708012e-05 -2.694182773294473421e-03 2.941760022140326312e-05
1.603718743751329967e+01 3.513416645573825825e+00 8.617595751126962090e-05 -3.418215049443062981e-03 3.345385791055365291e-05
2.030917620904735799e+01 3.513405853538772661e+00 7.401562966405073301e-05 -4.243425645581333505e-03 3.982807892431376566e-05
2.571913809059344302e+01 3.513406791378679728e+00 6.688457185563232452e-05 -5.455421461731668753e-03 6.506865541919348123e-05
3.257020655659783159e+01 3.513409126903653590e+00 1.021397126926061084e-04 -6.835829390535341776e-03 5.272379489174651738e-05
4.124626382901352173e+01 3.513359935362551312e+00 1.226397100390070986e-04 -8.630379706018931341e-03 3.066243684872160385e-05
5.223345074266843113e+01 3.513382110622698118e+00 1.490600495479643770e-04 -1.081077879484182436e-02 5.680495188058069176e-05
6.614740641230149265e+01 3.513336563802742951e+00 1.125262097853665005e-04 -1.350432986836458404e-02 8.315530091782098808e-05
8.376776400682915380e+01 3.513375316412810978e+00 6.685244075290471683e-05 -1.684912417719564015e-02 4.264095863700667491e-05
1.060818355139448244e+02 3.513343056790880770e+00 1.428148936735493659e-04 -2.090995773529780166e-02 3.552199175698230485e-05
1.343399332598900173e+02 3.513298474188901288e+00 1.036243447121546499e-04 -2.569007240877951848e-02 2.911680609537688755e-05
1.701254279852589093e+02 3.513148523356389497e+00 1.528588164705024463e-04 -3.180851168798076722e-02 6.421324487112485882e-05
2.154434690031882269e+02 3.513131035916043476e+00 8.818083332431550330e-05 -3.896198387374355532e-02 3.507167684891310900e-05
2.728333376486769453e+02 3.512908045218586572e+00 1.837368725545653753e-04 -4.812701202988306504e-02 4.781401497242536517e-05
3.455107294592218068e+02 3.512584661686084075e+00 1.592866015194772597e-04 -5.927944798357409617e-02 4.425600234631749434e-05
4.375479375074184532e+02 3.512199043207677285e+00 1.189360794979840024e-04 -7.353818654638577534e-02 6.234940477551088856e-05
5.541020330009491772e+02 3.511405774192771556e+00 1.770796838386969486e-04 -9.174450895329128164e-02 1.291821425539479323e-04
7.017038286703822223e+02 3.510100312058166416e+00 6.769867163075313015e-05 -1.155250803527798076e-01 7.197356003362378812e-05
8.886238162743406974e+02 3.508022769098777527e+00 1.028398561398317132e-04 -1.461823699287753686e-01 4.673499936252772588e-05
1.125335582600764610e+03 3.504607520940578702e+00 1.885432718431176240e-04 -1.858022168510735650e-01 9.212817130170500833e-05
1.425102670302997694e+03 3.498679852577985194e+00 2.101281132268478108e-04 -2.369007504339205594e-01 6.867525767179060434e-05
1.804721766827170313e+03 3.489517019333909786e+00 2.430032441754545046e-04 -3.026715463608511958e-01 1.280148870216266392e-04
2.285463864134990672e+03 3.475153169681186593e+00 2.435827281011594962e-04 -3.870673990440470780e-01 8.943341987892821201e-05
2.894266124716751619e+03 3.451682747781581906e+00 2.574593905043452528e-04 -4.945875031591718818e-01 1.496141907151148781e-04
3.665241237079625989e+03 3.414737020522125022e+00 2.667327636732877406e-04 -6.314378034270402562e-01 2.222386115328998490e-04
4.641588833612777307e+03 3.355797169324616025e+00 1.868607650794911444e-04 -8.050074528240109828e-01 3.118418794375943468e-04
5.878016072274911494e+03 3.262173036188649178e+00 2.953625489625388064e-04 -1.025086911686201807e+00 2.504037379182355301e-04
7.443803013251688753e+03 3.114452482387895849e+00 2.979660592338088162e-04 -1.298800218551123820e+00 1.772764052686945271e-04
9.426684551178854235e+03 2.833107299969001236e+00 3.292247746238018743e-03 -1.471633153363066882e+00 5.242438642596323681e-04
1.193776641714435755e+04 2.264328749700607268e+00 1.227292345605761337e-01 -1.483719638986526812e+00 3.818035300627723241e-03
1.511775070615659934e+04 1.711020779019919669e+00 7.146399812059864298e-02 -1.492338175737446981e+00 1.961179004170703240e-03
1.914481976169957488e+04 1.490615299154796958e+00 1.206669563780565779e-01 -1.493278817071092224e+00 3.366745177925495498e-03
2.424462017082330931e+04 1.320249501650393675e+00 5.344761805489146173e-02 -1.497294346362487927e+00 2.473324888625161137e-03
3.070290629757849820e+04 1.100061483376533644e+00 1.227543168696423360e-03 -1.501503491143004521e+00 3.830844515686919732e-03
3.888155180308085255e+04 8.838792522429179677e-01 5.551168095090932512e-04 -1.508903430475172502e+00 2.195132743397478804e-03
4.923882631706731627e+04 7.077190851632767510e-01 3.881825893541001812e-04 -1.518718327835609117e+00 1.579519498705571996e-03
6.235507341273911879e+04 5.625328321826388311e-01 4.036467775930946953e-04 -1.529091592433314606e+00 1.075832886607090135e-03
7.896522868499733158e+04 4.444722060487283910e-01 3.639771642262694938e-04 -1.539060296317087628e+00 1.040110739529972539e-03
1.000000000000000000e+05 3.485793180107614742e-01 6.309127401853921110e-04 -1.545852582961767308e+00 1.280088653829415061e-03
