1.000000000000000000e+00 9.925755871336358616e-03 8.181560131094903318e-05 1.542146665675118822e+00 5.742800001280753443e-03
1.123324032978027409e+00 1.112106886972487677e-02 4.887893929277297128e-05 1.539433747800179830e+00 1.102663288587343859e-02
1.261856883066020396e+00 1.235831261328071071e-02 8.455320247932558491e-05 1.538794118992000914e+00 3.209160668335704885e-03
1.417474162926805281e+00 1.398436518714557888e-02 8.733030579366348161e-05 1.545406713157106982e+00 4.745298615267530724e-03
1.592282793341092351e+00 1.558814218245230775e-02 1.060934939123211871e-04 1.539354611024782660e+00 7.146450375929799814e-03
1.788649529057434906e+00 1.749788083501797181e-02 2.781633308371659306e-05 1.540155836630723307e+00 4.939072357781577015e-03
2.009233002565047332e+00 1.976948659882233478e-02 7.023535990317339277e-05 1.537524694495167266e+00 4.296613603739411237e-03
2.257019719633920118e+00 2.204482229166128404e-02 1.001500530595311967e-04 1.540269637677820214e+00 3.976735369366924538e-03
2.535364493970111877e+00 2.478552504410688057e-02 9.622402934815256243e-05 1.537991021234794919e+00 1.477874470443577004e-03
2.848035868435801365e+00 2.779197668251644562e-02 8.093323282051779425e-05 1.535497115687399550e+00 2.492742631985450132e-03
3.199267137797383587e+00 3.117364140183118137e-02 4.932457988439947495e-05 1.532630028208937345e+00 2.551686065362941680e-03
3.593813663804627634e+00 3.504013090165728622e-02 1.411893045238542495e-05 1.529719891045394409e+00 1.568855876666588791e-03
4.037017258596554470e+00 3.924300261804269940e-02 7.010580511212241789e-05 1.525102316074714803e+00 1.443125907975744250e-03
4.534878508128581842e+00 4.405131632861173513e-02 3.667040743115337648e-05 1.521433233553214581e+00 2.257644841245235422e-03
5.094138014816379290e+00 4.944118629553941741e-02 9.668491921890838602e-05 1.516120003681366679e+00 1.961689534336101808e-03
5.722367659350217295e+00 5.553766382816403141e-02 6.410416869121784956e-05 1.509157807019011255e+00 1.693478939769517411e-03
6.428073117284320404e+00 6.254452758813829061e-02 8.000020174267620076e-05 1.502449891772017043e+00 2.703320407886589029e-03
7.220809018385463851e+00 6.987406321569508694e-02 4.225370143205605083e-05 1.495950010465936453e+00 9.536893245209187870e-04
8.111308307896869962e+00 7.832339486091600966e-02 1.190786017795925208e-04 1.489374039536670358e+00 4.361160565216421945e-04
9.111627561154891808e+00 8.789085263419119110e-02 6.160572561223649215e-05 1.479044630856624520e+00 1.156959308586345651e-03
1.023531021899026250e+01 9.880885113222456773e-02 1.003006480980187589e-04 1.467773962829537648e+00 5.685612069891278573e-04
1.149756995397735615e+01 1.108970222624084956e-01 9.648162982932260707e-05 1.455717111938722663e+00 8.772746636331317819e-04
1.291549665014884063e+01 1.242785447818004069e-01 1.706474380720716542e-04 1.443913402999951634e+00 6.893676012283322854e-04
1.450828778495939453e+01 1.396390558792445502e-01 2.420367321290958177e-04 1.427694312580531477e+00 1.237102956206991315e-03
1.629750834620644184e+01 1.558630571819585864e-01 3.418781609406355967e-04 1.412833915771531945e+00 7.884163785917811971e-04
1.830738280295367915e+01 1.746885791493001661e-01 7.451227296724700954e-04 1.393472565374306305e+00 2.678444588326768256e-03
2.056512308348651530e+01 1.957120126888746703e-01 9.868545328822484267e-04 1.371203300444779449e+00 2.621640029476912399e-03
2.310129700083159321e+01 2.175366651367239279e-01 1.344751851935617037e-03 1.350175034658385620e+00 3.516474176106898497e-03
2.595024211399735847e+01 2.437641069574627561e-01 1.201864006575976279e-03 1.322523730337422210e+00 2.994799047604151335e-03
2.915053062825175800e+01 2.715512338299939099e-01 2.185609598502091452e-03 1.294001075623621100e+00 3.886610329709905189e-03
3.274549162877728037e+01 3.004212445506840301e-01 4.197137718980776047e-03 1.264497877876455068e+00 7.303443747562908019e-03
3.678379771828632272e+01 3.342049255695350718e-01 3.448437374308407129e-03 1.228602551060328896e+00 5.452530135725795757e-03
4.132012400115336703e+01 3.689874929816904792e-01 5.114104804776927783e-03 1.191326448110620717e+00 7.668100308958382925e-03
4.641588833612780007e+01 4.048296039115902856e-01 3.928383506177959492e-03 1.150967769344129810e+00 4.980174373643894876e-03
5.214008287999684654e+01 4.442500186079775260e-01 8.166999844507740955e-03 1.106506807693642624e+00 1.022380234172620347e-02
5.857020818056667366e+01 4.798232389682677845e-01 8.397141668620895089e-03 1.067120814342749524e+00 9.913904510813210599e-03
6.579332246575678766e+01 5.264275170399892456e-01 7.549482516284250315e-03 1.010272216936649370e+00 7.531878361778007389e-03
7.390722033525779011e+01 5.594887097611149773e-01 1.530359014101399795e-02 9.664373166969897344e-01 1.512408617784579724e-02
8.302175681319744172e+01 5.906962600494678473e-01 8.360567310105952374e-03 9.216271824268511548e-01 8.069227629415802461e-03
9.326033468832198992e+01 6.534072536270673082e-01 1.256467180487788604e-02 8.451510903442915890e-01 1.077398572437169612e-02
1.047615752789665180e+02 6.849761814109667224e-01 1.797036885959414979e-02 7.940147045459324815e-01 1.506820293377133038e-02
1.176811952434997863e+02 7.119060844643108066e-01 1.980249923934739031e-02 7.441309580740331775e-01 1.605404247644767052e-02
1.321941148466028721e+02 7.516874157005479784e-01 2.333698496965490657e-02 6.825228789688662090e-01 1.781522086478754680e-02
1.484968262254465117e+02 7.889205177585069118e-01 2.198619553793314599e-02 6.216096606539963654e-01 1.496348739028261800e-02
1.668100537200059250e+02 8.081063612081995640e-01 2.378603309121304216e-02 5.740799031632513039e-01 1.658542699640550705e-02
1.873817422860383033e+02 8.331722020268668150e-01 2.139686581673965957e-02 5.217266591836904333e-01 1.382852356570666609e-02
2.104904144512019855e+02 8.566816394794605216e-01 1.885736375785455193e-02 4.711584459226719201e-01 1.196530237339908827e-02
2.364489412645407072e+02 8.784285093579503600e-01 2.117471800671764937e-02 4.234482909244364768e-01 1.306435545477130714e-02
2.656087782946686957e+02 9.198761680705640487e-01 1.566907543574712694e-02 3.650529608813020133e-01 9.515857961141221261e-03
2.983647240283340238e+02 9.357091693372702190e-01 9.654382373120318911e-03 3.239916128724811273e-01 5.361121416762223632e-03
3.351602650938841066e+02 9.415724387697743669e-01 1.542531207059415557e-02 2.909027900319713922e-01 8.975051410170705943e-03
3.764935806792467474e+02 9.595770317478116151e-01 2.554846889731844563e-03 2.523010416732324179e-01 1.280118892818512925e-03
4.229242874389498752e+02 9.653742184077671595e-01 1.478722597199319316e-03 2.229705996633385701e-01 7.331773850772822397e-04
4.750810162102798131e+02 9.663301525714536044e-01 1.054255009831379236e-02 1.977605068465655980e-01 5.764403106934527614e-03
5.336699231206307559e+02 9.735800345763407915e-01 2.040068222900610646e-03 1.705618879103305008e-01 1.108554621127601919e-03
5.994842503189408944e+02 9.784726162101889946e-01 3.008159505039446294e-03 1.463950974841544128e-01 1.727362749364794257e-03
6.734150657750820983e+02 9.815529017792397060e-01 1.832904074978802898e-03 1.244779566916058428e-01 1.134641836314203905e-03
7.564633275546290179e+02 9.845108873899643953e-01 2.468521584057992505e-03 1.039596024299280358e-01 1.273057890625512324e-03
8.497534359086438371e+02 9.852256299050768940e-01 2.213964426447855884e-03 8.543818638647308894e-02 1.193655801324391454e-03
9.545484566618337112e+02 9.871493173442281721e-01 2.499118581950038765e-03 6.714276543360409022e-02 1.188684412236102640e-03
1.072267222010323167e+03 9.883875123502109394e-01 2.113531776564319450e-03 4.991478491074978485e-02 1.081157380597165237e-03
1.204503540258782323e+03 9.913159255926945468e-01 1.218030667150677088e-03 3.237369246497303482e-02 6.235065317937493528e-04
1.353047774579806173e+03 9.897318848426305271e-01 1.876111140020228886e-03 1.707498472452684268e-02 8.235789161445785430e-04
1.519911082952933157e+03 9.908768057198177326e-01 1.558626197982159768e-03 7.510328832593060827e-04 6.185818459413645843e-04
1.707352647470690499e+03 9.903266287188362549e-01 6.028073521162924126e-04 -1.466437359827565956e-02 4.021628520320644933e-04
1.917910261672488787e+03 9.916540459632002813e-01 1.040819502926495707e-03 -3.159987376977593104e-02 4.964216114715319737e-04
2.154434690031884656e+03 9.920056070886353883e-01 7.981207566895747504e-04 -4.834547994747042526e-02 4.226061259033724298e-04
2.420128264794380812e+03 9.904825597682899163e-01 5.412223898527729511e-04 -6.541035298101452455e-02 4.167786864714367965e-04
2.718588242732940216e+03 9.894538230697985659e-01 5.208452060823505437e-04 -8.361933198260693145e-02 2.235560561297233453e-04
3.053855508833415570e+03 9.884345560212901560e-01 7.121216338859521046e-04 -1.027341855214017607e-01 1.337451860155812217e-04
3.430469286314919373e+03 9.859613861700790016e-01 3.484588880998413921e-04 -1.228426378301406829e-01 1.859063692471833718e-04
3.853528593710527275e+03 9.838964839293409259e-01 2.540150415748538702e-04 -1.450562124089415650e-01 4.097290729561994788e-05
4.328761281083056929e+03 9.805225019298544620e-01 3.238536970159504682e-04 -1.686525132625531498e-01 2.391360069533473036e-04
4.862601580065353119e+03 9.762356460577727990e-01 3.047136378110895552e-04 -1.944175992361416583e-01 1.649321545640615677e-04
5.462277217684342759e+03 9.709599054015679576e-01 3.465124089671356477e-04 -2.223223561336037102e-01 2.419682781255739611e-04
6.135907273413169605e+03 9.641568644978606439e-01 2.167952321931039235e-04 -2.527273695658214803e-01 2.592566520668482971e-04
6.892612104349695073e+03 9.562616609927439004e-01 2.489853061950578227e-04 -2.859530454811376465e-01 4.453162629105169960e-04
7.742636826811270112e+03 9.462585196528883191e-01 2.019780905146155068e-04 -3.220665963664091080e-01 3.203082519344755568e-04
8.697490026177834807e+03 9.339675315400152167e-01 9.903699392958432578e-05 -3.617268970878914081e-01 3.719063555258014255e-04
9.770099572992246976e+03 9.193562699621203871e-01 2.274812151279512597e-04 -4.046205151871743455e-01 1.942811486822271260e-04
1.097498765493056817e+04 9.021998611638226695e-01 4.377864694067531721e-04 -4.508522872251362057e-01 3.041386300925541086e-04
1.232846739442065882e+04 8.813869679336857610e-01 1.995151433754483036e-04 -5.007100396831478673e-01 1.867075850775643453e-04
1.384886371393871741e+04 8.573920913901058594e-01 3.261611867298886552e-04 -5.532637565079662201e-01 4.835257021808672738e-04
1.555676143930472244e+04 8.294927742639990331e-01 1.030380915913495341e-04 -6.095787167401358619e-01 4.661278945910237001e-04
1.747528400007683013e+04 7.985377506297772765e-01 3.132571334298767389e-04 -6.682042124648848169e-01 2.571239891516994029e-04
1.963040650040272521e+04 7.636841535638935197e-01 5.317771069674556055e-04 -7.293711708617628409e-01 1.416372749666281470e-04
2.205130739903045469e+04 7.261487749053590068e-01 3.392087645840373812e-04 -7.915599598632198086e-01 4.480932700734655385e-04
2.477076355991708988e+04 6.856386061596537740e-01 3.002046908595234391e-04 -8.555289045324258046e-01 6.206968114675126590e-04
2.782559402207125822e+04 6.426369288140052483e-01 3.320481163715566946e-04 -9.193269465098115045e-01 2.430974130402001668e-04
3.125715849688235176e+04 5.994294688204550026e-01 3.132234185566902356e-04 -9.830071570221360355e-01 1.896664845330332263e-04
3.511191734215127508e+04 5.550413775994763599e-01 1.689807690250931158e-04 -1.046318587583630277e+00 9.948030891816343497e-04
3.944206059437656222e+04 5.111041488684294753e-01 5.722058237867469347e-04 -1.109133180250873263e+00 6.721988106488744610e-04
4.430621457583877782e+04 4.684130963713754037e-01 1.425053402201409782e-04 -1.169743269241193317e+00 1.290603821627948379e-03
4.977023564332113892e+04 4.280585790011565139e-01 3.295090209520840541e-04 -1.227304716611918423e+00 4.668254128556449385e-04
5.590810182512222673e+04 3.884415211624735464e-01 5.217995069381817360e-04 -1.287650272457957712e+00 1.605519814743621440e-03
6.280291441834246507e+04 3.521902334375963117e-01 3.536020477120588659e-04 -1.345380004887244407e+00 1.582698060584077689e-03
7.054802310718645458e+04 3.174985543919577324e-01 2.963189283058256058e-04 -1.404320047917394065e+00 1.074148001853469231e-03
7.924828983539169712e+04 2.865785324623258967e-01 5.573297754216294296e-04 -1.467150526946385813e+00 2.061768518861821844e-03
8.902150854450392944e+04 2.567926907314204144e-01 3.804048342512925444e-04 -1.529429965156098303e+00 2.302524758504686814e-03
1.000000000000000000e+05 2.289779551524694645e-01 2.588011110077154077e-04 -1.607347596762293218e+00 2.571769706260864253e-03
