-5.120000000000000419e-03 -3.939895105316095769e-01 2.763481579125805609e+00
-5.110000000000000826e-03 -3.771981282261921975e-01 2.763481579125805609e+00
-5.100000000000000366e-03 -3.543618482908244549e-01 2.763481579125805609e+00
-5.090000000000000774e-03 -3.338763618782152331e-01 2.763481579125805609e+00
-5.080000000000000314e-03 -3.066743225434390152e-01 2.763481579125805609e+00
-5.070000000000000721e-03 -2.808155937930961743e-01 2.763481579125805609e+00
-5.060000000000000261e-03 -2.539493821044283006e-01 2.673730473765349114e+00
-5.050000000000000669e-03 -2.254040321852186224e-01 2.396716723761834533e+00
-5.040000000000000209e-03 -1.975303375582257159e-01 2.111942539836175303e+00
-5.030000000000000616e-03 -1.703282982234494702e-01 1.818733101647315387e+00
-5.020000000000000157e-03 -1.404396377198064705e-01 1.521812151582647044e+00
-5.010000000000000564e-03 -1.118942878005968478e-01 1.213081845549497384e+00
-5.000000000000000104e-03 -7.763986789754531714e-02 9.067134107100441875e-01
-4.990000000000000512e-03 -4.875869033222733628e-02 5.892104402431658228e-01
-4.980000000000000052e-03 -1.416844278306744233e-02 2.700204189236472541e-01
-4.970000000000000459e-03 1.538439007446722531e-02 -4.545809052006297840e-02
-4.959999999999999999e-03 4.762384410086867997e-02 -3.666725728627496794e-01
-4.950000000000000407e-03 7.986329812727013810e-02 -6.821510823064599327e-01
-4.940000000000000814e-03 1.077369927542630723e-01 -9.959425408975299820e-01
-4.930000000000000354e-03 1.403122744267728816e-01 -1.305010257101207660e+00
-4.920000000000000762e-03 1.691934519920908486e-01 -1.610703871599604931e+00
-4.910000000000000302e-03 1.943805254502169733e-01 -1.909311872516913366e+00
-4.900000000000000709e-03 2.269558071227267826e-01 -2.198472388659437282e+00
-4.890000000000000249e-03 2.534861911652862565e-01 -2.483921392926152549e+00
-4.880000000000000657e-03 2.810240581461708742e-01 -2.755536580201218388e+00
-4.870000000000000197e-03 3.052036486659719383e-01 -2.764309244634947316e+00
-4.860000000000000604e-03 3.307265497702064350e-01 -2.764309244634947316e+00
-4.850000000000000144e-03 3.545703126438991548e-01 -2.764309244634947316e+00
-4.840000000000000552e-03 3.767349372870501534e-01 -2.764309244634947316e+00
-4.830000000000000092e-03 3.995712172224178960e-01 -2.764309244634947316e+00
-4.820000000000000499e-03 4.163625995278352754e-01 -2.764309244634947316e+00
-4.810000000000000039e-03 4.348331200637944871e-01 -2.764309244634947316e+00
-4.800000000000000447e-03 4.459154323853699586e-01 -2.764309244634947316e+00
-4.789999999999999987e-03 4.593485382297038955e-01 -2.764309244634947316e+00
-4.780000000000000394e-03 4.721099887818211438e-01 -2.764309244634947316e+00
-4.770000000000000802e-03 4.845356116878300479e-01 -2.764309244634947316e+00
-4.760000000000000342e-03 4.899088540255636115e-01 -2.764309244634947316e+00
-4.750000000000000749e-03 4.942746134249721424e-01 -2.764309244634947316e+00
-4.740000000000000289e-03 4.949462687171888309e-01 -2.764309244634947316e+00
-4.730000000000000697e-03 4.999836834088140503e-01 -2.764309244634947316e+00
-4.720000000000000237e-03 4.979687175321639847e-01 -2.764309244634947316e+00
-4.710000000000000644e-03 4.969612345938389519e-01 -2.764309244634947316e+00
-4.700000000000000185e-03 4.936029581327554538e-01 -2.764309244634947316e+00
-4.690000000000000592e-03 4.882297157950218902e-01 -2.764309244634947316e+00
-4.680000000000000132e-03 4.794981969962048285e-01 -2.764309244634947316e+00
-4.670000000000000540e-03 4.711025058434961110e-01 -2.764309244634947316e+00
-4.660000000000000080e-03 4.566619170608371414e-01 -2.764309244634947316e+00
-4.650000000000000487e-03 4.422213282781781163e-01 -2.764309244634947316e+00
-4.640000000000000027e-03 4.287882224338441794e-01 -2.764309244634947316e+00
-4.630000000000000435e-03 4.123326677745350888e-01 -2.764309244634947316e+00
-4.619999999999999975e-03 3.952054578230093651e-01 -2.764309244634947316e+00
-4.610000000000000382e-03 3.737124884720750551e-01 -2.764309244634947316e+00
-4.600000000000000790e-03 3.491970703061655912e-01 -2.764309244634947316e+00
-4.590000000000000330e-03 3.283757562474479696e-01 -2.764309244634947316e+00
-4.580000000000000737e-03 3.065469592504053153e-01 -2.764309244634947316e+00
-4.570000000000000277e-03 2.793449199156290974e-01 -2.764309244634947316e+00
-4.560000000000000685e-03 2.511353976425278467e-01 -2.672196268080794468e+00
-4.550000000000000225e-03 2.252766688921850335e-01 -2.395182518077279887e+00
-4.540000000000000632e-03 1.943805254502169733e-01 -2.113445025686373047e+00
-4.530000000000000172e-03 1.678501414076574438e-01 -1.814837024769064389e+00
-4.520000000000000580e-03 1.386331361962311326e-01 -1.515554203510699693e+00
-4.510000000000000120e-03 1.100877862770215099e-01 -1.208510948330190349e+00
-4.500000000000000527e-03 7.415422814342820246e-02 -9.007928728086248560e-01
-4.490000000000000067e-03 4.795967174697703117e-02 -5.826150820006903430e-01
-4.480000000000000475e-03 1.504856242835887585e-02 -2.664617522159241636e-01
-4.470000000000000015e-03 -1.450427042917579006e-02 5.610237080887474359e-02
-4.460000000000000422e-03 -4.943034562444403174e-02 3.682067785473046584e-01
-4.449999999999999963e-03 -8.334893788138722504e-02 6.873967998668232271e-01
-4.440000000000000370e-03 -1.135734260311385968e-01 1.002200488969477332e+00
-4.430000000000000777e-03 -1.421187759503482195e-01 1.304857411933122213e+00
-4.420000000000000318e-03 -1.706641258695578423e-01 1.614262538307327910e+00
-4.410000000000000725e-03 -2.022319246037425911e-01 1.913545359565692383e+00
-4.400000000000000265e-03 -2.307772745229522138e-01 2.202368465537688280e+00
-4.390000000000000673e-03 -2.556285203349700219e-01 2.487817469804403547e+00
-4.380000000000000213e-03 -2.835022149619629284e-01 2.759770067249997627e+00
-4.370000000000000620e-03 -3.096967713584141135e-01 2.763481579125805609e+00
-4.360000000000000160e-03 -3.328688789398902004e-01 2.763481579125805609e+00
-4.350000000000000568e-03 -3.570484694596912645e-01 2.763481579125805609e+00
-4.340000000000000108e-03 -3.751831623495420764e-01 2.763481579125805609e+00
-4.330000000000000515e-03 -3.976836146388014193e-01 2.763481579125805609e+00
-4.320000000000000055e-03 -4.161541351747605755e-01 2.763481579125805609e+00
-4.310000000000000463e-03 -4.302588963113112563e-01 2.763481579125805609e+00
-4.300000000000000003e-03 -4.487294168472704126e-01 2.763481579125805609e+00
-4.290000000000000410e-03 -4.614908673993876609e-01 2.763481579125805609e+00
-4.279999999999999950e-03 -4.715656967826380996e-01 2.763481579125805609e+00
-4.270000000000000358e-03 -4.846629749808636922e-01 2.763481579125805609e+00
-4.260000000000000765e-03 -4.870137685036221575e-01 2.763481579125805609e+00
-4.250000000000000305e-03 -4.954094596563308195e-01 2.763481579125805609e+00
-4.240000000000000713e-03 -4.987677361174143176e-01 2.763481579125805609e+00
-4.230000000000000253e-03 -5.004468743479559834e-01 2.763481579125805609e+00
-4.220000000000000660e-03 -5.011185296401726719e-01 2.763481579125805609e+00
-4.210000000000000200e-03 -4.974244255329809405e-01 2.763481579125805609e+00
-4.200000000000000608e-03 -4.950736320102224752e-01 2.763481579125805609e+00
-4.190000000000000148e-03 -4.913795279030306884e-01 2.763481579125805609e+00
-4.180000000000000555e-03 -4.819763538119968826e-01 2.763481579125805609e+00
-4.170000000000000095e-03 -4.749239732437215977e-01 2.763481579125805609e+00
-4.160000000000000503e-03 -4.601475568149542283e-01 2.763481579125805609e+00
-4.150000000000000043e-03 -4.453711403861869145e-01 2.763481579125805609e+00
-4.140000000000000450e-03 -4.262289645580110697e-01 2.763481579125805609e+00
-4.129999999999999991e-03 -4.151466522364355427e-01 2.763481579125805609e+00
-4.120000000000000398e-03 -3.966761317004763865e-01 2.763481579125805609e+00
-4.109999999999999938e-03 -3.788772664567339188e-01 2.763481579125805609e+00
-4.100000000000000346e-03 -3.553693312291495432e-01 2.763481579125805609e+00
-4.090000000000000753e-03 -3.311897407093484236e-01 2.763481579125805609e+00
-4.080000000000000293e-03 -3.086892884200890808e-01 2.763481579125805609e+00
-4.070000000000000701e-03 -2.808155937930961743e-01 2.763481579125805609e+00
-4.060000000000000241e-03 -2.556285203349700219e-01 2.677779395811685781e+00
-4.050000000000000648e-03 -2.280906533540854320e-01 2.395029672909194662e+00
-4.040000000000000188e-03 -2.005527863732008420e-01 2.112954770347759581e+00
-4.030000000000000596e-03 -1.696566429312327817e-01 1.816371230453619257e+00
-4.020000000000000136e-03 -1.370813612587229724e-01 1.519112870218422673e+00
-4.010000000000000543e-03 -1.098793219239467545e-01 1.212744435378969365e+00
-4.000000000000000083e-03 -7.898317848197869417e-02 9.019896683226517053e-01
-3.990000000000000491e-03 -2.793737627350972863e-02 6.084428199632636591e-01
-3.980000000000000031e-03 -1.618340865971753390e-02 2.730571104583995323e-01
-3.970000000000000438e-03 1.572021772057557304e-02 -5.119406341903952329e-02
-3.959999999999999978e-03 4.728801645476032878e-02 -3.636358813279974012e-01
-3.950000000000000386e-03 7.818415989672838906e-02 -6.821510823064599327e-01
-3.939999999999999926e-03 1.097519586309131379e-01 -9.969547714091140378e-01
-3.930000000000000333e-03 1.416555850112062587e-01 -1.302648385907511308e+00
-3.920000000000000741e-03 1.681859690537657881e-01 -1.610703871599604931e+00
-3.910000000000000281e-03 1.987462848496255041e-01 -1.906950001323217236e+00
-3.900000000000000255e-03 2.269558071227267826e-01 -2.197797568318381245e+00
-3.890000000000000228e-03 2.544936741036113448e-01 -2.478522830197703808e+00
-3.880000000000000202e-03 2.816957134383875627e-01 -2.758235861565442537e+00
-3.870000000000000176e-03 3.031886827893218728e-01 -2.764309244634947316e+00
-3.860000000000000150e-03 3.303907221240980907e-01 -2.764309244634947316e+00
-3.850000000000000124e-03 3.532270020594657778e-01 -2.764309244634947316e+00
-3.840000000000000531e-03 3.780782478714835859e-01 -2.764309244634947316e+00
-3.830000000000000505e-03 3.965487684074427421e-01 -2.764309244634947316e+00
-3.820000000000000479e-03 4.133401507128601771e-01 -2.764309244634947316e+00
-3.810000000000000452e-03 4.287882224338441794e-01 -2.764309244634947316e+00
-3.800000000000000426e-03 4.439004665087198931e-01 -2.764309244634947316e+00
-3.790000000000000400e-03 4.606918488141372725e-01 -2.764309244634947316e+00
-3.780000000000000374e-03 4.768115758273380189e-01 -2.764309244634947316e+00
-3.770000000000000347e-03 4.761399205351213304e-01 -2.764309244634947316e+00
-3.760000000000000321e-03 4.889013710872385787e-01 -2.764309244634947316e+00
-3.750000000000000295e-03 4.912521646099969885e-01 -2.764309244634947316e+00
-3.740000000000000269e-03 4.929313028405387653e-01 -2.764309244634947316e+00
-3.730000000000000242e-03 5.006553387010308498e-01 -2.764309244634947316e+00
-3.720000000000000216e-03 4.996478557627057060e-01 -2.764309244634947316e+00
-3.710000000000000190e-03 4.966254069477306077e-01 -2.764309244634947316e+00
-3.700000000000000164e-03 4.956179240094055194e-01 -2.764309244634947316e+00
-3.690000000000000138e-03 4.875580605028052017e-01 -2.764309244634947316e+00
-3.680000000000000111e-03 4.811773352267465498e-01 -2.764309244634947316e+00
-3.670000000000000085e-03 4.700950229051710783e-01 -2.764309244634947316e+00
-3.660000000000000493e-03 4.576693999991621742e-01 -2.764309244634947316e+00
-3.650000000000000466e-03 4.455796047392616144e-01 -2.764309244634947316e+00
-3.640000000000000440e-03 4.281165671416274909e-01 -2.764309244634947316e+00
-3.630000000000000414e-03 4.143476336511852098e-01 -2.764309244634947316e+00
-3.620000000000000388e-03 3.972204236996594306e-01 -2.764309244634947316e+00
-3.610000000000000361e-03 3.774065925792668974e-01 -2.764309244634947316e+00
-3.600000000000000335e-03 3.518836914750324008e-01 -2.764309244634947316e+00
-3.590000000000000309e-03 3.283757562474479696e-01 -2.764309244634947316e+00
-3.580000000000000283e-03 3.085619251270554364e-01 -2.764309244634947316e+00
-3.570000000000000256e-03 2.783374369773040646e-01 -2.764309244634947316e+00
-3.560000000000000230e-03 2.558369846880447218e-01 -2.669834396887098116e+00
-3.550000000000000204e-03 2.252766688921850335e-01 -2.392483236713055739e+00
-3.540000000000000178e-03 1.977388019113004713e-01 -2.111083154492676695e+00
-3.530000000000000152e-03 1.691934519920908486e-01 -1.817198895962760741e+00
-3.520000000000000125e-03 1.372898256117977278e-01 -1.517241254363340008e+00
-3.510000000000000099e-03 1.080728204003714166e-01 -1.209523178841774405e+00
-3.500000000000000073e-03 7.784833225062004480e-02 -8.997806422970406892e-01
-3.490000000000000480e-03 4.695218880865198452e-02 -5.832899023417463802e-01
-3.480000000000000454e-03 1.236194125949208883e-02 -2.654495217043399968e-01
-3.470000000000000428e-03 -2.054916805912606476e-02 5.272826910359441899e-02
-3.460000000000000402e-03 -4.808703504001064083e-02 3.688815988883606956e-01
-3.450000000000000375e-03 -8.334893788138722504e-02 6.890838507194633200e-01
-3.440000000000000349e-03 -1.115584601544885035e-01 9.974767465820848500e-01
-3.430000000000000323e-03 -1.380888441970480329e-01 1.309243744149986677e+00
-3.420000000000000297e-03 -1.709999535156661865e-01 1.614262538307327910e+00
-3.410000000000000270e-03 -1.995453034348758092e-01 1.912533129054108327e+00
-3.400000000000000244e-03 -2.301056192307355253e-01 2.206417387584024503e+00
-3.390000000000000218e-03 -2.573076585655117432e-01 2.489167110486515622e+00
-3.380000000000000192e-03 -2.831663873158545841e-01 2.758083016397357312e+00
-3.370000000000000166e-03 -3.100325990045224578e-01 2.763481579125805609e+00
-3.360000000000000139e-03 -3.321972236476734563e-01 2.763481579125805609e+00
-3.350000000000000113e-03 -3.563768141674745760e-01 2.763481579125805609e+00
-3.340000000000000087e-03 -3.748473347034337322e-01 2.763481579125805609e+00
-3.330000000000000061e-03 -3.976836146388014193e-01 2.763481579125805609e+00
-3.320000000000000468e-03 -4.174974457591940080e-01 2.763481579125805609e+00
-3.310000000000000442e-03 -4.305947239574196006e-01 2.763481579125805609e+00
-3.300000000000000416e-03 -4.457069680322952587e-01 2.763481579125805609e+00
-3.290000000000000389e-03 -4.588042462305208513e-01 2.763481579125805609e+00
-3.280000000000000363e-03 -4.729090073670714767e-01 2.763481579125805609e+00
-3.270000000000000337e-03 -4.802972155814551614e-01 2.763481579125805609e+00
-3.260000000000000311e-03 -4.933944937796807539e-01 2.763481579125805609e+00
-3.250000000000000284e-03 -4.960811149485475635e-01 2.763481579125805609e+00
-3.240000000000000258e-03 -4.967527702407642520e-01 2.763481579125805609e+00
-3.230000000000000232e-03 -5.014543572862810716e-01 2.763481579125805609e+00
-3.220000000000000206e-03 -4.987677361174143176e-01 2.763481579125805609e+00
-3.210000000000000180e-03 -4.997752190557393503e-01 2.763481579125805609e+00
-3.200000000000000153e-03 -4.957452873024392193e-01 2.763481579125805609e+00
-3.190000000000000127e-03 -4.900362173185972559e-01 2.763481579125805609e+00
-3.180000000000000101e-03 -4.819763538119968826e-01 2.763481579125805609e+00
-3.170000000000000075e-03 -4.745881455976132535e-01 2.763481579125805609e+00
-3.160000000000000048e-03 -4.608192121071709724e-01 2.763481579125805609e+00
-3.150000000000000456e-03 -4.463786233245119472e-01 2.763481579125805609e+00
-3.140000000000000430e-03 -4.346246557107197872e-01 2.763481579125805609e+00
-3.130000000000000403e-03 -4.158183075286522312e-01 2.763481579125805609e+00
-3.120000000000000377e-03 -3.970119593465847307e-01 2.763481579125805609e+00
-3.110000000000000351e-03 -3.765264729339754535e-01 2.763481579125805609e+00
-3.100000000000000325e-03 -3.563768141674745760e-01 2.763481579125805609e+00
-3.090000000000000299e-03 -3.325330512937818006e-01 2.763481579125805609e+00
-3.080000000000000272e-03 -3.063384948973306710e-01 2.763481579125805609e+00
-3.070000000000000246e-03 -2.818230767314212071e-01 2.763481579125805609e+00
-3.060000000000000220e-03 -2.539493821044283006e-01 2.671706012742181002e+00
-3.050000000000000194e-03 -2.274189980618687157e-01 2.397391544102890570e+00
-3.040000000000000167e-03 -1.995453034348758092e-01 2.108905848301423358e+00
-3.030000000000000141e-03 -1.662983664701493114e-01 1.819745332158899442e+00
-3.020000000000000115e-03 -1.417829483042398475e-01 1.520462510900534747e+00
-3.010000000000000089e-03 -1.088718389856217217e-01 1.213756665890553421e+00
-3.000000000000000062e-03 -7.663238495922025661e-02 9.053637700279321132e-01
-2.990000000000000036e-03 -4.540041387114385207e-02 5.898852605842218599e-01
-2.980000000000000444e-03 -1.517592572139248724e-02 2.733945206289275509e-01
-2.970000000000000417e-03 1.605604536668392077e-02 -4.478327017900691348e-02
-2.960000000000000391e-03 4.728801645476032878e-02 -3.622862406458853268e-01
-2.950000000000000365e-03 7.784833225062004480e-02 -6.821510823064599327e-01
-2.940000000000000339e-03 1.097519586309131379e-01 -9.959425408975299820e-01
-2.930000000000000313e-03 1.372898256117977278e-01 -1.303323206248567567e+00
-2.920000000000000286e-03 1.695292796381991929e-01 -1.608342000405908578e+00
-2.910000000000000260e-03 1.980746295574088156e-01 -1.905600360641105162e+00
-2.900000000000000234e-03 2.289707729993768759e-01 -2.201846490364717468e+00
-2.890000000000000208e-03 2.538220188113946563e-01 -2.481222111561928401e+00
-2.880000000000000181e-03 2.806882305000625299e-01 -2.754186939519106314e+00
-2.870000000000000155e-03 3.068827868965137151e-01 -2.764309244634947316e+00
-2.860000000000000129e-03 3.344206538773982773e-01 -2.764309244634947316e+00
-2.850000000000000103e-03 3.555777955822242431e-01 -2.764309244634947316e+00
-2.840000000000000076e-03 3.777424202253752417e-01 -2.764309244634947316e+00
-2.830000000000000050e-03 3.938621472385759326e-01 -2.764309244634947316e+00
-2.820000000000000024e-03 4.123326677745350888e-01 -2.764309244634947316e+00
-2.810000000000000431e-03 4.291240500799525237e-01 -2.764309244634947316e+00
-2.800000000000000405e-03 4.472587429698033357e-01 -2.764309244634947316e+00
-2.790000000000000379e-03 4.576693999991621742e-01 -2.764309244634947316e+00
-2.780000000000000353e-03 4.694233676129543342e-01 -2.764309244634947316e+00
-2.770000000000000327e-03 4.768115758273380189e-01 -2.764309244634947316e+00
-2.760000000000000300e-03 4.895730263794552672e-01 -2.764309244634947316e+00
-2.750000000000000274e-03 4.949462687171888309e-01 -2.764309244634947316e+00
-2.740000000000000248e-03 4.952820963632971751e-01 -2.764309244634947316e+00
-2.730000000000000222e-03 4.972970622399472962e-01 -2.764309244634947316e+00
-2.720000000000000195e-03 5.006553387010308498e-01 -2.764309244634947316e+00
-2.710000000000000169e-03 4.979687175321639847e-01 -2.764309244634947316e+00
-2.700000000000000143e-03 4.932671304866471096e-01 -2.764309244634947316e+00
-2.690000000000000117e-03 4.885655434411302345e-01 -2.764309244634947316e+00
-2.680000000000000090e-03 4.784907140578797402e-01 -2.764309244634947316e+00
-2.670000000000000064e-03 4.714383334896044553e-01 -2.764309244634947316e+00
-2.660000000000000038e-03 4.596843658758122397e-01 -2.764309244634947316e+00
-2.650000000000000012e-03 4.442362941548282373e-01 -2.764309244634947316e+00
-2.640000000000000419e-03 4.321464988949276775e-01 -2.764309244634947316e+00
-2.630000000000000393e-03 4.136759783589685213e-01 -2.764309244634947316e+00
-2.620000000000000367e-03 3.941979748846842768e-01 -2.764309244634947316e+00
-2.610000000000000341e-03 3.733766608259667108e-01 -2.764309244634947316e+00
-2.600000000000000314e-03 3.532270020594657778e-01 -2.764309244634947316e+00
-2.590000000000000288e-03 3.293832391857730579e-01 -2.764309244634947316e+00
-2.580000000000000262e-03 3.072186145426220594e-01 -2.764309244634947316e+00
-2.570000000000000236e-03 2.796807475617374417e-01 -2.764309244634947316e+00
-2.560000000000000209e-03 2.534861911652862565e-01 -2.670846627398682394e+00
-2.550000000000000183e-03 2.252766688921850335e-01 -2.399231440123616554e+00
-2.540000000000000157e-03 1.990821124957338484e-01 -2.108383873128452546e+00
-2.530000000000000131e-03 1.702009349304158814e-01 -1.818211126474344796e+00
-2.520000000000000104e-03 1.382973085501227883e-01 -1.515891613681227712e+00
-2.510000000000000078e-03 1.063936821698296675e-01 -1.212897280547054812e+00
-2.500000000000000052e-03 7.449005578953654672e-02 -8.987684117854566335e-01
-2.490000000000000026e-03 4.460139528589354002e-02 -5.863265938764987695e-01
-2.480000000000000000e-03 1.303359655170878602e-02 -2.637624708516999039e-01
-2.470000000000000407e-03 -1.819837453636762373e-02 5.441531995623458129e-02
-2.460000000000000381e-03 -4.976617327055238293e-02 3.705686497410008995e-01
-2.450000000000000355e-03 -8.166979965084547599e-02 6.880716202078792643e-01
-2.440000000000000328e-03 -1.122301154467051920e-01 9.998386177757810911e-01
-2.430000000000000302e-03 -1.390963271353730657e-01 1.309581154320514695e+00
-2.420000000000000276e-03 -1.713357811617745308e-01 1.612912897625215614e+00
-2.410000000000000250e-03 -2.008886140193091863e-01 1.909833847689884179e+00
-2.400000000000000223e-03 -2.274189980618687157e-01 2.202368465537688280e+00
-2.390000000000000197e-03 -2.583151415038368315e-01 2.486130418951763232e+00
-2.380000000000000171e-03 -2.804797661469878300e-01 2.756733375715245238e+00
-2.370000000000000145e-03 -3.090251160661974250e-01 2.763481579125805609e+00
-2.360000000000000119e-03 -3.335405342321068889e-01 2.763481579125805609e+00
-2.350000000000000092e-03 -3.553693312291495432e-01 2.763481579125805609e+00
-2.340000000000000066e-03 -3.792130941028422630e-01 2.763481579125805609e+00
-2.330000000000000040e-03 -3.973477869926930750e-01 2.763481579125805609e+00
-2.320000000000000014e-03 -4.154824798825438870e-01 2.763481579125805609e+00
-2.309999999999999987e-03 -4.305947239574196006e-01 2.763481579125805609e+00
-2.300000000000000395e-03 -4.470502786167286358e-01 2.763481579125805609e+00
-2.290000000000000369e-03 -4.601475568149542283e-01 2.763481579125805609e+00
-2.280000000000000342e-03 -4.722373520748547882e-01 2.763481579125805609e+00
-2.270000000000000316e-03 -4.809688708736718499e-01 2.763481579125805609e+00
-2.260000000000000290e-03 -4.927228384874640654e-01 2.763481579125805609e+00
-2.250000000000000264e-03 -4.964169425946559078e-01 2.763481579125805609e+00
-2.240000000000000237e-03 -4.980960808251976291e-01 2.763481579125805609e+00
-2.230000000000000211e-03 -4.991035637635226618e-01 2.763481579125805609e+00
-2.220000000000000185e-03 -5.027976678707144487e-01 2.763481579125805609e+00
-2.210000000000000159e-03 -4.980960808251976291e-01 2.763481579125805609e+00
-2.200000000000000133e-03 -4.927228384874640654e-01 2.763481579125805609e+00
-2.190000000000000106e-03 -4.913795279030306884e-01 2.763481579125805609e+00
-2.180000000000000080e-03 -4.782822497048050958e-01 2.763481579125805609e+00
-2.170000000000000054e-03 -4.695507309059880341e-01 2.763481579125805609e+00
-2.160000000000000028e-03 -4.598117291688458841e-01 2.763481579125805609e+00
-2.150000000000000001e-03 -4.460427956784036030e-01 2.763481579125805609e+00
-2.139999999999999975e-03 -4.292514133729861681e-01 2.763481579125805609e+00
-2.130000000000000383e-03 -4.174974457591940080e-01 2.763481579125805609e+00
-2.120000000000000356e-03 -3.980194422849097635e-01 2.763481579125805609e+00
-2.110000000000000330e-03 -3.765264729339754535e-01 2.763481579125805609e+00
-2.100000000000000304e-03 -3.553693312291495432e-01 2.763481579125805609e+00
-2.090000000000000278e-03 -3.285031195404816695e-01 2.763481579125805609e+00
-2.080000000000000251e-03 -3.113759095889558903e-01 2.763481579125805609e+00
-2.070000000000000225e-03 -2.824947320236378956e-01 2.763481579125805609e+00
-2.060000000000000199e-03 -2.563001756271867104e-01 2.674742704276933392e+00
-2.050000000000000173e-03 -2.280906533540854320e-01 2.401777876319755034e+00
-2.040000000000000147e-03 -2.008886140193091863e-01 2.112279950006703544e+00
-2.030000000000000120e-03 -1.703282982234494702e-01 1.821432383011539535e+00
-2.020000000000000094e-03 -1.377530165509396887e-01 1.519112870218422673e+00
-2.010000000000000068e-03 -1.068568731089716284e-01 1.211394794696857291e+00
-2.000000000000000042e-03 -8.099814435862878748e-02 9.087378717332124101e-01
-1.990000000000000015e-03 -4.909451797833568748e-02 5.905600809252778971e-01
-1.979999999999999989e-03 -1.719089159804257708e-02 2.733945206289275509e-01
-1.969999999999999963e-03 1.538439007446722531e-02 -4.343362949689478364e-02
-1.960000000000000370e-03 4.896715468530207088e-02 -3.639732914985254197e-01
-1.950000000000000127e-03 7.986329812727013810e-02 -6.804640314538197288e-01
-1.940000000000000101e-03 1.097519586309131379e-01 -9.962799510680580006e-01
-1.930000000000000075e-03 1.382973085501227883e-01 -1.300286514713815178e+00
-1.920000000000000265e-03 1.698651072843075371e-01 -1.606654949553268485e+00
-1.910000000000000239e-03 1.984104572035171599e-01 -1.907624821664273274e+00
-1.900000000000000213e-03 2.246050135999683450e-01 -2.197122747977325208e+00
-1.890000000000000187e-03 2.555011570419363776e-01 -2.480884701391400160e+00
-1.880000000000000161e-03 2.800165752078457859e-01 -2.752837298836994240e+00
-1.870000000000000134e-03 3.078902698348387479e-01 -2.764309244634947316e+00
-1.860000000000000108e-03 3.324056880007481563e-01 -2.764309244634947316e+00
-1.850000000000000082e-03 3.552419679361158988e-01 -2.764309244634947316e+00
-1.840000000000000056e-03 3.737124884720750551e-01 -2.764309244634947316e+00
-1.830000000000000246e-03 3.948696301769010208e-01 -2.764309244634947316e+00
-1.820000000000000220e-03 4.109893571901017117e-01 -2.764309244634947316e+00
-1.810000000000000194e-03 4.314748436027109890e-01 -2.764309244634947316e+00
-1.800000000000000168e-03 4.469229153236949914e-01 -2.764309244634947316e+00
-1.790000000000000141e-03 4.600201935219205840e-01 -2.764309244634947316e+00
-1.780000000000000115e-03 4.697591952590626785e-01 -2.764309244634947316e+00
-1.770000000000000089e-03 4.805056799345298613e-01 -2.764309244634947316e+00
-1.760000000000000063e-03 4.878938881489135460e-01 -2.764309244634947316e+00
-1.750000000000000036e-03 4.972970622399472962e-01 -2.764309244634947316e+00
-1.740000000000000227e-03 4.946104410710804866e-01 -2.764309244634947316e+00
-1.730000000000000201e-03 5.013269939932475383e-01 -2.764309244634947316e+00
-1.720000000000000175e-03 4.996478557627057060e-01 -2.764309244634947316e+00
-1.710000000000000148e-03 4.979687175321639847e-01 -2.764309244634947316e+00
-1.700000000000000122e-03 4.919238199022137326e-01 -2.764309244634947316e+00
-1.690000000000000096e-03 4.889013710872385787e-01 -2.764309244634947316e+00
-1.680000000000000070e-03 4.825206458111799268e-01 -2.764309244634947316e+00
-1.670000000000000043e-03 4.680800570285209572e-01 -2.764309244634947316e+00
-1.660000000000000234e-03 4.606918488141372725e-01 -2.764309244634947316e+00
-1.650000000000000208e-03 4.566619170608371414e-01 -2.764309244634947316e+00
-1.640000000000000182e-03 4.261016012649774254e-01 -2.764309244634947316e+00
-1.630000000000000155e-03 4.156909442356185869e-01 -2.764309244634947316e+00
-1.620000000000000129e-03 3.941979748846842768e-01 -2.764309244634947316e+00
-1.610000000000000103e-03 3.753916267026167763e-01 -2.764309244634947316e+00
-1.600000000000000077e-03 3.522195191211407450e-01 -2.764309244634947316e+00
-1.590000000000000050e-03 3.327415156468565005e-01 -2.764309244634947316e+00
-1.580000000000000024e-03 3.062111316042969711e-01 -2.764309244634947316e+00
-1.570000000000000215e-03 2.813598857922792185e-01 -2.764309244634947316e+00
-1.560000000000000189e-03 2.544936741036113448e-01 -2.674895549445018617e+00
-1.550000000000000162e-03 2.262841518305100941e-01 -2.401255901146784666e+00
-1.540000000000000136e-03 1.980746295574088156e-01 -2.113445025686373047e+00
-1.530000000000000110e-03 1.681859690537657881e-01 -1.818885946815400834e+00
-1.520000000000000084e-03 1.399764467806645096e-01 -1.515891613681227712e+00
-1.510000000000000057e-03 1.074011651081547003e-01 -1.212897280547054812e+00
-1.500000000000000031e-03 7.751250460451170055e-02 -8.991058219559846520e-01
-1.490000000000000222e-03 4.628053351643528213e-02 -5.859891837059706399e-01
-1.480000000000000196e-03 1.303359655170878602e-02 -2.640998810222279225e-01
-1.470000000000000169e-03 -1.651923630582588162e-02 5.374049961517851637e-02
-1.460000000000000143e-03 -4.808703504001064083e-02 3.722557005936409924e-01
-1.450000000000000117e-03 -7.730404025143694513e-02 6.890838507194633200e-01
-1.440000000000000091e-03 -1.125659430928135363e-01 1.002875309310533369e+00
-1.430000000000000064e-03 -1.411112930120231590e-01 1.310255974661570733e+00
-1.420000000000000038e-03 -1.709999535156661865e-01 1.617636640012608096e+00
-1.410000000000000012e-03 -1.988736481426590930e-01 1.909159027348828142e+00
-1.400000000000000203e-03 -2.260756874774353387e-01 2.201018824855575762e+00
-1.390000000000000176e-03 -2.559643479810783662e-01 2.481406676564370972e+00
-1.380000000000000150e-03 -2.861888361308297379e-01 2.751672223157324737e+00
-1.370000000000000124e-03 -3.073459778356557037e-01 2.763481579125805609e+00
-1.360000000000000098e-03 -3.328688789398902004e-01 2.763481579125805609e+00
-1.350000000000000071e-03 -3.546976759369328547e-01 2.763481579125805609e+00
-1.340000000000000045e-03 -3.778697835184088860e-01 2.763481579125805609e+00
-1.330000000000000019e-03 -3.993627528693431961e-01 2.763481579125805609e+00
-1.320000000000000210e-03 -4.148108245903271984e-01 2.763481579125805609e+00
-1.310000000000000183e-03 -4.302588963113112563e-01 2.763481579125805609e+00
-1.300000000000000157e-03 -4.473861062628370355e-01 2.763481579125805609e+00
-1.290000000000000131e-03 -4.588042462305208513e-01 2.763481579125805609e+00
-1.280000000000000105e-03 -4.715656967826380996e-01 2.763481579125805609e+00
-1.270000000000000078e-03 -4.836554920425386594e-01 2.763481579125805609e+00
-1.260000000000000052e-03 -4.903720449647056001e-01 2.763481579125805609e+00
-1.250000000000000026e-03 -4.957452873024392193e-01 2.763481579125805609e+00
-1.240000000000000000e-03 -4.984319084713059733e-01 2.763481579125805609e+00
-1.230000000000000190e-03 -5.041409784551478257e-01 2.763481579125805609e+00
-1.220000000000000164e-03 -4.997752190557393503e-01 2.763481579125805609e+00
-1.210000000000000138e-03 -4.994393914096310061e-01 2.763481579125805609e+00
-1.200000000000000112e-03 -4.937303214257890982e-01 2.763481579125805609e+00
-1.190000000000000085e-03 -4.890287343802722231e-01 2.763481579125805609e+00
-1.180000000000000059e-03 -4.816405261658885384e-01 2.763481579125805609e+00
-1.170000000000000033e-03 -4.719015244287464439e-01 2.763481579125805609e+00
-1.160000000000000007e-03 -4.588042462305208513e-01 2.763481579125805609e+00
-1.150000000000000197e-03 -4.467144509706202915e-01 2.763481579125805609e+00
-1.140000000000000171e-03 -4.316022068957446334e-01 2.763481579125805609e+00
-1.130000000000000145e-03 -4.161541351747605755e-01 2.763481579125805609e+00
-1.120000000000000119e-03 -3.980194422849097635e-01 2.763481579125805609e+00
-1.110000000000000092e-03 -3.775339558723005418e-01 2.763481579125805609e+00
-1.100000000000000066e-03 -3.530185377063910779e-01 2.763481579125805609e+00
-1.090000000000000040e-03 -3.305180854171317351e-01 2.763481579125805609e+00
-1.080000000000000014e-03 -3.076818054817640480e-01 2.763481579125805609e+00
-1.069999999999999988e-03 -2.814872490853128628e-01 2.763481579125805609e+00
-1.060000000000000178e-03 -2.563001756271867104e-01 2.673730473765349114e+00
-1.050000000000000152e-03 -2.280906533540854320e-01 2.398741184785003089e+00
-1.040000000000000126e-03 -1.992094757887674372e-01 2.113292180518287378e+00
-1.030000000000000100e-03 -1.686491599929077490e-01 1.824469074546291925e+00
-1.020000000000000073e-03 -1.354022230281812511e-01 1.517088409195254561e+00
-1.010000000000000047e-03 -1.098793219239467545e-01 1.215443716743193736e+00
-1.000000000000000021e-03 -7.663238495922025661e-02 9.050263598574039836e-01
-9.899999999999999946e-04 -4.707955210168559418e-02 5.908974910958059157e-01
-9.800000000000001852e-04 -1.752671924415092827e-02 2.754189816520957734e-01
-9.700000000000000505e-04 1.739935595111731514e-02 -4.545809052006297840e-02
-9.600000000000001327e-04 4.695218880865198452e-02 -3.639732914985254197e-01
-9.500000000000001065e-04 7.885581518894507758e-02 -6.797892111127636916e-01
-9.400000000000000803e-04 1.077369927542630723e-01 -9.942554900448897781e-01
-9.300000000000000541e-04 1.426630679495313192e-01 -1.300286514713815178e+00
-9.200000000000000278e-04 1.678501414076574438e-01 -1.606992359723796504e+00
-9.100000000000001100e-04 1.990821124957338484e-01 -1.906275180982161199e+00
-9.000000000000000838e-04 2.279632900610518154e-01 -2.197122747977325208e+00
-8.900000000000000576e-04 2.568444676263697546e-01 -2.484596213267208586e+00
-8.800000000000000313e-04 2.830390240228209398e-01 -2.752499888666465999e+00
-8.700000000000001135e-04 3.065469592504053153e-01 -2.764309244634947316e+00
-8.600000000000000873e-04 3.320698603546398120e-01 -2.764309244634947316e+00
-8.500000000000000611e-04 3.562494508744409316e-01 -2.764309244634947316e+00
-8.400000000000000348e-04 3.737124884720750551e-01 -2.764309244634947316e+00
-8.300000000000001170e-04 3.955412854691177094e-01 -2.764309244634947316e+00
-8.200000000000000908e-04 4.163625995278352754e-01 -2.764309244634947316e+00
-8.100000000000000646e-04 4.321464988949276775e-01 -2.764309244634947316e+00
-8.000000000000000383e-04 4.479303982620200797e-01 -2.764309244634947316e+00
-7.900000000000000121e-04 4.580052276452705184e-01 -2.764309244634947316e+00
-7.800000000000000943e-04 4.724458164279294881e-01 -2.764309244634947316e+00
-7.700000000000000681e-04 4.818489905189632383e-01 -2.764309244634947316e+00
-7.600000000000000418e-04 4.845356116878300479e-01 -2.764309244634947316e+00
-7.500000000000000156e-04 4.925954751944304211e-01 -2.764309244634947316e+00
-7.400000000000000978e-04 4.956179240094055194e-01 -2.764309244634947316e+00
-7.300000000000000716e-04 4.966254069477306077e-01 -2.764309244634947316e+00
-7.200000000000000453e-04 4.999836834088140503e-01 -2.764309244634947316e+00
-7.100000000000000191e-04 4.976328898860556404e-01 -2.764309244634947316e+00
-7.000000000000001013e-04 4.922596475483220768e-01 -2.764309244634947316e+00
-6.900000000000000751e-04 4.855430946261550806e-01 -2.764309244634947316e+00
-6.800000000000000488e-04 4.808415075806382055e-01 -2.764309244634947316e+00
-6.700000000000000226e-04 4.707666781973877668e-01 -2.764309244634947316e+00
-6.600000000000001048e-04 4.573335723530538299e-01 -2.764309244634947316e+00
-6.500000000000000786e-04 4.445721218009365816e-01 -2.764309244634947316e+00
-6.400000000000000524e-04 4.291240500799525237e-01 -2.764309244634947316e+00
-6.300000000000000261e-04 4.140118060050768656e-01 -2.764309244634947316e+00
-6.199999999999999999e-04 3.938621472385759326e-01 -2.764309244634947316e+00
-6.100000000000000821e-04 3.743841437642917436e-01 -2.764309244634947316e+00
-6.000000000000000559e-04 3.555777955822242431e-01 -2.764309244634947316e+00
-5.900000000000000296e-04 3.283757562474479696e-01 -2.764309244634947316e+00
-5.800000000000000034e-04 3.099052357114888134e-01 -2.764309244634947316e+00
-5.700000000000000856e-04 2.827031963767125955e-01 -2.764309244634947316e+00
-5.600000000000000594e-04 2.568444676263697546e-01 -2.667809935863930004e+00
-5.500000000000000331e-04 2.272916347688351268e-01 -2.395182518077279887e+00
-5.400000000000000069e-04 1.967313189729754108e-01 -2.111083154492676695e+00
-5.300000000000000891e-04 1.698651072843075371e-01 -1.819223356985928852e+00
-5.200000000000000629e-04 1.369539979656893836e-01 -1.516229023851755953e+00
-5.100000000000000366e-04 1.094161309848047936e-01 -1.210197999182830442e+00
-5.000000000000000104e-04 7.616919402007829576e-02 -8.984310016149286149e-01
-4.900000000000000926e-04 4.560887822421858667e-02 -5.880136447291388624e-01
-4.800000000000000664e-04 1.101863067505869445e-02 -2.681488030685642565e-01
-4.700000000000000401e-04 -1.853420218247597145e-02 5.239085893306638653e-02
-4.600000000000000139e-04 -4.842286268611898509e-02 3.725931107641690110e-01
-4.500000000000000419e-04 -8.133397200473713173e-02 6.880716202078792643e-01
-4.400000000000000157e-04 -1.132375983850302525e-01 1.003212719481061388e+00
-4.300000000000000436e-04 -1.404396377198064705e-01 1.307556693297346362e+00
-4.200000000000000174e-04 -1.703282982234494702e-01 1.615274768818911966e+00
-4.100000000000000454e-04 -2.039110628342843401e-01 1.909833847689884179e+00
-4.000000000000000192e-04 -2.290981362924104647e-01 2.201693645196632243e+00
-3.900000000000000471e-04 -2.599942797343785528e-01 2.485118188440178955e+00
-3.800000000000000209e-04 -2.804797661469878300e-01 2.754371504521548886e+00
-3.700000000000000489e-04 -3.096967713584141135e-01 2.763481579125805609e+00
-3.600000000000000227e-04 -3.308539130632400793e-01 2.763481579125805609e+00
-3.500000000000000507e-04 -3.557051588752578875e-01 2.763481579125805609e+00
-3.400000000000000244e-04 -3.768623005800838532e-01 2.763481579125805609e+00
-3.300000000000000524e-04 -3.973477869926930750e-01 2.763481579125805609e+00
-3.200000000000000262e-04 -4.151466522364355427e-01 2.763481579125805609e+00
-3.099999999999999999e-04 -4.302588963113112563e-01 2.763481579125805609e+00
-3.000000000000000279e-04 -4.453711403861869145e-01 2.763481579125805609e+00
-2.900000000000000017e-04 -4.614908673993876609e-01 2.763481579125805609e+00
-2.800000000000000297e-04 -4.742523179515049092e-01 2.763481579125805609e+00
-2.700000000000000035e-04 -4.890287343802722231e-01 2.763481579125805609e+00
-2.600000000000000314e-04 -4.880212514419471903e-01 2.763481579125805609e+00
-2.500000000000000052e-04 -4.944019767180057867e-01 2.763481579125805609e+00
-2.400000000000000332e-04 -4.964169425946559078e-01 2.763481579125805609e+00
-2.300000000000000070e-04 -4.994393914096310061e-01 2.763481579125805609e+00
-2.200000000000000078e-04 -5.014543572862810716e-01 2.763481579125805609e+00
-2.100000000000000087e-04 -4.984319084713059733e-01 2.763481579125805609e+00
-2.000000000000000096e-04 -4.944019767180057867e-01 2.763481579125805609e+00
-1.900000000000000105e-04 -4.880212514419471903e-01 2.763481579125805609e+00
-1.800000000000000113e-04 -4.826480091042136267e-01 2.763481579125805609e+00
-1.700000000000000122e-04 -4.729090073670714767e-01 2.763481579125805609e+00
-1.600000000000000131e-04 -4.638416609221460707e-01 2.763481579125805609e+00
-1.500000000000000140e-04 -4.470502786167286358e-01 2.763481579125805609e+00
-1.400000000000000148e-04 -4.326096898340696661e-01 2.763481579125805609e+00
-1.300000000000000157e-04 -4.134675140058938214e-01 2.763481579125805609e+00
-1.200000000000000166e-04 -3.960044764082596980e-01 2.763481579125805609e+00
-1.100000000000000039e-04 -3.771981282261921975e-01 2.763481579125805609e+00
-1.000000000000000048e-04 -3.540260206447161107e-01 2.763481579125805609e+00
-9.000000000000000567e-05 -3.308539130632400793e-01 2.763481579125805609e+00
-8.000000000000000654e-05 -3.076818054817640480e-01 2.763481579125805609e+00
-7.000000000000000742e-05 -2.848455255463963609e-01 2.763481579125805609e+00
-6.000000000000000830e-05 -2.563001756271867104e-01 2.676092344959045466e+00
-5.000000000000000240e-05 -2.270831704157603714e-01 2.396379313591306737e+00
-4.000000000000000327e-05 -1.985378204965507487e-01 2.112617360177231340e+00
-3.000000000000000415e-05 -1.693208152851244375e-01 1.824469074546291925e+00
-2.000000000000000164e-05 -1.407754653659148147e-01 1.518100639706838617e+00
-1.000000000000000082e-05 -1.122301154467051920e-01 1.214431486231609458e+00
0.000000000000000000e+00 -8.066231671252044322e-02 9.040141293458199279e-01
1.000000000000000082e-05 -4.808703504001064083e-02 5.885356199021097856e-01
2.000000000000000164e-05 -1.819837453636762373e-02 2.754189816520957734e-01
3.000000000000000415e-05 1.538439007446722531e-02 -4.140916847372658888e-02
4.000000000000000327e-05 5.165377585416885964e-02 -3.629610609869413640e-01
5.000000000000000240e-05 7.415422814342820246e-02 -6.804640314538197288e-01
6.000000000000000830e-05 1.087444756925881051e-01 -9.942554900448897781e-01
7.000000000000000742e-05 1.382973085501227883e-01 -1.304335436760151623e+00
8.000000000000000654e-05 1.712084178687409419e-01 -1.611041281770132949e+00
9.000000000000000567e-05 1.970671466190837551e-01 -1.906612591152689218e+00
1.000000000000000048e-04 2.279632900610518154e-01 -2.200496849682605394e+00
1.100000000000000039e-04 2.555011570419363776e-01 -2.483921392926152549e+00
1.200000000000000166e-04 2.810240581461708742e-01 -2.757223631053858703e+00
1.300000000000000157e-04 3.058753039581886268e-01 -2.764309244634947316e+00
1.400000000000000148e-04 3.293832391857730579e-01 -2.764309244634947316e+00
1.500000000000000140e-04 3.518836914750324008e-01 -2.764309244634947316e+00
1.600000000000000131e-04 3.747199714104000878e-01 -2.764309244634947316e+00
1.700000000000000122e-04 3.938621472385759326e-01 -2.764309244634947316e+00
1.800000000000000113e-04 4.123326677745350888e-01 -2.764309244634947316e+00
1.900000000000000105e-04 4.321464988949276775e-01 -2.764309244634947316e+00
2.000000000000000096e-04 4.435646388626115488e-01 -2.764309244634947316e+00
2.100000000000000087e-04 4.593485382297038955e-01 -2.764309244634947316e+00
2.200000000000000078e-04 4.711025058434961110e-01 -2.764309244634947316e+00
2.300000000000000070e-04 4.805056799345298613e-01 -2.764309244634947316e+00
2.400000000000000332e-04 4.922596475483220768e-01 -2.764309244634947316e+00
2.500000000000000052e-04 4.949462687171888309e-01 -2.764309244634947316e+00
2.600000000000000314e-04 4.966254069477306077e-01 -2.764309244634947316e+00
2.700000000000000035e-04 5.026703045776809153e-01 -2.764309244634947316e+00
2.800000000000000297e-04 4.986403728243806732e-01 -2.764309244634947316e+00
2.900000000000000017e-04 4.989762004704890175e-01 -2.764309244634947316e+00
3.000000000000000279e-04 4.939387857788637981e-01 -2.764309244634947316e+00
3.099999999999999999e-04 4.889013710872385787e-01 -2.764309244634947316e+00
3.200000000000000262e-04 4.771474034734463632e-01 -2.764309244634947316e+00
3.300000000000000524e-04 4.704308505512794225e-01 -2.764309244634947316e+00
3.400000000000000244e-04 4.583410552913788627e-01 -2.764309244634947316e+00
3.500000000000000507e-04 4.422213282781781163e-01 -2.764309244634947316e+00
3.600000000000000227e-04 4.261016012649774254e-01 -2.764309244634947316e+00
3.700000000000000489e-04 4.160267718817269311e-01 -2.764309244634947316e+00
3.800000000000000209e-04 3.935263195924675883e-01 -2.764309244634947316e+00
3.900000000000000471e-04 3.753916267026167763e-01 -2.764309244634947316e+00
4.000000000000000192e-04 3.522195191211407450e-01 -2.764309244634947316e+00
4.100000000000000454e-04 3.263607903707979041e-01 -2.764309244634947316e+00
4.200000000000000174e-04 3.062111316042969711e-01 -2.764309244634947316e+00
4.300000000000000436e-04 2.823673687306042512e-01 -2.764309244634947316e+00
4.400000000000000157e-04 2.538220188113946563e-01 -2.670171807057626356e+00
4.500000000000000419e-04 2.229258753694265960e-01 -2.394845107906752091e+00
4.600000000000000139e-04 1.963954913268670666e-01 -2.112432795174788769e+00
4.700000000000000401e-04 1.685217966998741324e-01 -1.815174434939592407e+00
4.800000000000000664e-04 1.376256532579060721e-01 -1.518928305215980101e+00
4.900000000000000926e-04 1.080728204003714166e-01 -1.209523178841774405e+00
5.000000000000000104e-04 7.449005578953654672e-02 -9.004554626380968374e-01
5.100000000000000366e-04 4.560887822421858667e-02 -5.853143633649146027e-01
5.200000000000000629e-04 1.370525184392548321e-02 -2.657869318748680154e-01
5.300000000000000891e-04 -1.618340865971753390e-02 5.407790978570654883e-02
5.400000000000000069e-04 -4.674372445557724298e-02 3.692190090588887141e-01
5.500000000000000331e-04 -7.898317848197869417e-02 6.857097490141830232e-01
5.600000000000000594e-04 -1.125659430928135363e-01 9.995012076052530725e-01
5.700000000000000856e-04 -1.401038100736981262e-01 1.304520001762594195e+00
5.800000000000000034e-04 -1.733507470384246241e-01 1.611900667113631558e+00
5.900000000000000296e-04 -2.005527863732008420e-01 1.908484207007771882e+00
6.000000000000000559e-04 -2.270831704157603714e-01 2.200681414685047965e+00
6.100000000000000821e-04 -2.579793138577284872e-01 2.480394446052786694e+00
6.199999999999999999e-04 -2.838380426080712726e-01 2.756395965544716997e+00
6.300000000000000261e-04 -3.039877013745722056e-01 2.763481579125805609e+00
6.400000000000000524e-04 -3.311897407093484236e-01 2.763481579125805609e+00
6.500000000000000786e-04 -3.570484694596912645e-01 2.763481579125805609e+00
6.600000000000001048e-04 -3.768623005800838532e-01 2.763481579125805609e+00
6.700000000000000226e-04 -3.960044764082596980e-01 2.763481579125805609e+00
6.800000000000000488e-04 -4.151466522364355427e-01 2.763481579125805609e+00
6.900000000000000751e-04 -4.319380345418529776e-01 2.763481579125805609e+00
7.000000000000001013e-04 -4.460427956784036030e-01 2.763481579125805609e+00
7.100000000000000191e-04 -4.594759015227375398e-01 2.763481579125805609e+00
7.200000000000000453e-04 -4.708940414904214111e-01 2.763481579125805609e+00
7.300000000000000716e-04 -4.799613879353468171e-01 2.763481579125805609e+00
7.400000000000000978e-04 -4.883570790880555346e-01 2.763481579125805609e+00
7.500000000000000156e-04 -4.957452873024392193e-01 2.763481579125805609e+00
7.600000000000000418e-04 -4.987677361174143176e-01 2.763481579125805609e+00
7.700000000000000681e-04 -5.001110467018476946e-01 2.763481579125805609e+00
7.800000000000000943e-04 -5.014543572862810716e-01 2.763481579125805609e+00
7.900000000000000121e-04 -4.970885978868725963e-01 2.763481579125805609e+00
8.000000000000000383e-04 -4.954094596563308195e-01 2.763481579125805609e+00
8.100000000000000646e-04 -4.900362173185972559e-01 2.763481579125805609e+00
8.200000000000000908e-04 -4.816405261658885384e-01 2.763481579125805609e+00
8.300000000000001170e-04 -4.725731797209631324e-01 2.763481579125805609e+00
8.400000000000000348e-04 -4.604833844610626281e-01 2.763481579125805609e+00
8.500000000000000611e-04 -4.473861062628370355e-01 2.763481579125805609e+00
8.600000000000000873e-04 -4.289155857268778238e-01 2.763481579125805609e+00
8.700000000000001135e-04 -4.158183075286522312e-01 2.763481579125805609e+00
8.800000000000000313e-04 -3.976836146388014193e-01 2.763481579125805609e+00
8.900000000000000576e-04 -3.748473347034337322e-01 2.763481579125805609e+00
9.000000000000000838e-04 -3.520110547680660451e-01 2.763481579125805609e+00
9.100000000000001100e-04 -3.315255683554567678e-01 2.763481579125805609e+00
9.200000000000000278e-04 -3.039877013745722056e-01 2.763481579125805609e+00
9.300000000000000541e-04 -2.828305596697462398e-01 2.763481579125805609e+00
9.400000000000000803e-04 -2.532777268122116121e-01 2.671706012742181002e+00
9.500000000000001065e-04 -2.267473427696520272e-01 2.395704493250250700e+00
9.600000000000001327e-04 -1.988736481426590930e-01 2.110930309324591470e+00
9.700000000000000505e-04 -1.699924705773411260e-01 1.818395691476787368e+00
9.800000000000001852e-04 -1.370813612587229724e-01 1.517763229536310599e+00
9.899999999999999946e-04 -1.118942878005968478e-01 1.212744435378969365e+00
1.000000000000000021e-03 -7.797569554365366140e-02 9.073882310511002247e-01
1.010000000000000047e-03 -4.875869033222733628e-02 5.905600809252778971e-01
1.020000000000000073e-03 -1.651923630582588162e-02 2.760938019931518106e-01
1.030000000000000100e-03 1.639187301279226849e-02 -4.781996171375920562e-02
1.040000000000000126e-03 4.527305057811024241e-02 -3.609365999637731415e-01
1.050000000000000152e-03 7.818415989672838906e-02 -6.804640314538197288e-01
1.060000000000000178e-03 1.107594415692381984e-01 -9.929058493627775928e-01
1.069999999999999988e-03 1.389689638423394769e-01 -1.304335436760151623e+00
1.080000000000000014e-03 1.685217966998741324e-01 -1.610703871599604931e+00
1.090000000000000040e-03 1.987462848496255041e-01 -1.909311872516913366e+00
1.100000000000000066e-03 2.266199794766184383e-01 -2.199147209000493319e+00
1.110000000000000092e-03 2.548295017497196890e-01 -2.479872470879815882e+00
1.120000000000000119e-03 2.820315410844959070e-01 -2.755536580201218388e+00
1.130000000000000145e-03 3.099052357114888134e-01 -2.764309244634947316e+00
1.140000000000000171e-03 3.307265497702064350e-01 -2.764309244634947316e+00
1.150000000000000197e-03 3.532270020594657778e-01 -2.764309244634947316e+00
1.160000000000000007e-03 3.730408331798583665e-01 -2.764309244634947316e+00
1.170000000000000033e-03 3.945338025307926211e-01 -2.764309244634947316e+00
1.180000000000000059e-03 4.146834612972935541e-01 -2.764309244634947316e+00
1.190000000000000085e-03 4.284523947877358352e-01 -2.764309244634947316e+00
1.200000000000000112e-03 4.455796047392616144e-01 -2.764309244634947316e+00
1.210000000000000138e-03 4.583410552913788627e-01 -2.764309244634947316e+00
1.220000000000000164e-03 4.700950229051710783e-01 -2.764309244634947316e+00
1.230000000000000190e-03 4.781548864117713959e-01 -2.764309244634947316e+00
1.240000000000000000e-03 4.902446816716719558e-01 -2.764309244634947316e+00
1.250000000000000026e-03 4.932671304866471096e-01 -2.764309244634947316e+00
1.260000000000000052e-03 4.976328898860556404e-01 -2.764309244634947316e+00
1.270000000000000078e-03 4.993120281165973617e-01 -2.764309244634947316e+00
1.280000000000000105e-03 5.009911663471391385e-01 -2.764309244634947316e+00
1.290000000000000131e-03 4.983045451782723290e-01 -2.764309244634947316e+00
1.300000000000000157e-03 4.949462687171888309e-01 -2.764309244634947316e+00
1.310000000000000183e-03 4.912521646099969885e-01 -2.764309244634947316e+00
1.320000000000000210e-03 4.815131628728548940e-01 -2.764309244634947316e+00
1.330000000000000019e-03 4.717741611357127995e-01 -2.764309244634947316e+00
1.340000000000000045e-03 4.556544341225120531e-01 -2.764309244634947316e+00
1.350000000000000071e-03 4.455796047392616144e-01 -2.764309244634947316e+00
1.360000000000000098e-03 4.301315330182776120e-01 -2.764309244634947316e+00
1.370000000000000124e-03 4.143476336511852098e-01 -2.764309244634947316e+00
1.380000000000000150e-03 3.955412854691177094e-01 -2.764309244634947316e+00
1.390000000000000176e-03 3.737124884720750551e-01 -2.764309244634947316e+00
1.400000000000000203e-03 3.542344849977908106e-01 -2.764309244634947316e+00
1.410000000000000012e-03 3.330773432929648448e-01 -2.764309244634947316e+00
1.420000000000000038e-03 3.028528551432135285e-01 -2.764309244634947316e+00
1.430000000000000064e-03 2.816957134383875627e-01 -2.764309244634947316e+00
1.440000000000000091e-03 2.538220188113946563e-01 -2.672533678251322709e+00
1.450000000000000117e-03 2.276274624149434711e-01 -2.396194748588864165e+00
1.460000000000000143e-03 1.974029742651920993e-01 -2.112095385004260972e+00
1.470000000000000169e-03 1.648276925926823178e-01 -1.819223356985928852e+00
1.480000000000000196e-03 1.409839297189895702e-01 -1.519940535727564157e+00
1.490000000000000222e-03 1.087444756925881051e-01 -1.210535409353358682e+00
1.500000000000000031e-03 7.549753872786160724e-02 -9.011302829791528746e-01
1.510000000000000057e-03 4.695218880865198452e-02 -5.836273125122745098e-01
1.520000000000000084e-03 1.437690713614217866e-02 -2.630876505106437557e-01
1.530000000000000110e-03 -1.618340865971753390e-02 5.002898773937016624e-02
1.540000000000000136e-03 -5.211696679331082049e-02 3.709060599115289181e-01
1.550000000000000162e-03 -8.066231671252044322e-02 6.880716202078792643e-01
1.560000000000000189e-03 -1.142450813233552853e-01 9.981515669231409982e-01
1.570000000000000215e-03 -1.404396377198064705e-01 1.308906333979458658e+00
1.580000000000000024e-03 -1.706641258695578423e-01 1.613925128136799669e+00
1.590000000000000050e-03 -2.008886140193091863e-01 1.908484207007771882e+00
1.600000000000000077e-03 -2.284264810001937762e-01 2.201693645196632243e+00
1.610000000000000103e-03 -2.573076585655117432e-01 2.482418907075954806e+00
1.620000000000000129e-03 -2.831663873158545841e-01 2.758757836738413349e+00
1.630000000000000155e-03 -3.093609437123057693e-01 2.763481579125805609e+00
1.640000000000000182e-03 -3.352196724626486102e-01 2.763481579125805609e+00
1.650000000000000208e-03 -3.550335035830411989e-01 2.763481579125805609e+00
1.660000000000000234e-03 -3.755189899956504207e-01 2.763481579125805609e+00
1.670000000000000043e-03 -3.986910975771264520e-01 2.763481579125805609e+00
1.680000000000000070e-03 -4.168257904669773195e-01 2.763481579125805609e+00
1.690000000000000096e-03 -4.490652444933787568e-01 2.763481579125805609e+00
1.700000000000000122e-03 -4.450353127400785702e-01 2.763481579125805609e+00
1.710000000000000148e-03 -4.594759015227375398e-01 2.763481579125805609e+00
1.720000000000000175e-03 -4.725731797209631324e-01 2.763481579125805609e+00
1.730000000000000201e-03 -4.813046985197801941e-01 2.763481579125805609e+00
1.740000000000000227e-03 -4.890287343802722231e-01 2.763481579125805609e+00
1.750000000000000036e-03 -4.947378043641141310e-01 2.763481579125805609e+00
1.760000000000000063e-03 -4.987677361174143176e-01 2.763481579125805609e+00
1.770000000000000089e-03 -5.048126337473645142e-01 2.763481579125805609e+00
1.780000000000000115e-03 -5.038051508090395370e-01 2.763481579125805609e+00
1.790000000000000141e-03 -4.991035637635226618e-01 2.763481579125805609e+00
1.800000000000000168e-03 -4.947378043641141310e-01 2.763481579125805609e+00
1.810000000000000194e-03 -4.886929067341638788e-01 2.763481579125805609e+00
1.820000000000000220e-03 -4.789539049970217843e-01 2.763481579125805609e+00
1.830000000000000246e-03 -4.712298691365297554e-01 2.763481579125805609e+00
1.840000000000000056e-03 -4.594759015227375398e-01 2.763481579125805609e+00
1.850000000000000082e-03 -4.420128639251034164e-01 2.763481579125805609e+00
1.860000000000000108e-03 -4.322738621879613219e-01 2.763481579125805609e+00
1.870000000000000134e-03 -4.151466522364355427e-01 2.763481579125805609e+00
1.880000000000000161e-03 -3.916387170088511671e-01 2.763481579125805609e+00
1.890000000000000187e-03 -3.741756794112170437e-01 2.763481579125805609e+00
1.900000000000000213e-03 -3.546976759369328547e-01 2.763481579125805609e+00
1.910000000000000239e-03 -3.301822577710233908e-01 2.763481579125805609e+00
1.920000000000000265e-03 -3.053310119590055827e-01 2.763481579125805609e+00
1.930000000000000075e-03 -2.811514214392045186e-01 2.763481579125805609e+00
1.940000000000000101e-03 -2.552926926888616777e-01 2.675754934788517225e+00
1.950000000000000127e-03 -2.250682045391102781e-01 2.399753415296586923e+00
1.960000000000000370e-03 -2.005527863732008420e-01 2.115654051711983730e+00
1.969999999999999963e-03 -1.720074364539912193e-01 1.821432383011539535e+00
1.979999999999999989e-03 -1.387604994892647214e-01 1.522486971923703081e+00
1.990000000000000015e-03 -1.095434942778384102e-01 1.214431486231609458e+00
2.000000000000000042e-03 -8.032648906641209896e-02 9.080630513921563729e-01
2.010000000000000068e-03 -4.640789680946889872e-02 5.871859792199976003e-01
2.020000000000000094e-03 -1.853420218247597145e-02 2.744067511405116067e-01
2.030000000000000120e-03 1.471273478225052812e-02 -5.051924307798346531e-02
2.040000000000000147e-03 4.762384410086867997e-02 -3.639732914985254197e-01
2.050000000000000173e-03 7.818415989672838906e-02 -6.808014416243477474e-01
2.060000000000000199e-03 1.060578545237213233e-01 -9.966173612385860192e-01
2.070000000000000225e-03 1.393047914884478211e-01 -1.301973565566455271e+00
2.080000000000000251e-03 1.691934519920908486e-01 -1.610366461429076912e+00
2.090000000000000278e-03 1.963954913268670666e-01 -1.913698204733777830e+00
2.100000000000000304e-03 2.276274624149434711e-01 -2.197797568318381245e+00
2.110000000000000330e-03 2.538220188113946563e-01 -2.483921392926152549e+00
2.120000000000000356e-03 2.810240581461708742e-01 -2.754524349689634555e+00
2.130000000000000383e-03 3.052036486659719383e-01 -2.764309244634947316e+00
2.139999999999999975e-03 3.297190668318814022e-01 -2.764309244634947316e+00
2.150000000000000001e-03 3.532270020594657778e-01 -2.764309244634947316e+00
2.160000000000000028e-03 3.747199714104000878e-01 -2.764309244634947316e+00
2.170000000000000054e-03 3.938621472385759326e-01 -2.764309244634947316e+00
2.180000000000000080e-03 4.143476336511852098e-01 -2.764309244634947316e+00
2.190000000000000106e-03 4.291240500799525237e-01 -2.764309244634947316e+00
2.200000000000000133e-03 4.445721218009365816e-01 -2.764309244634947316e+00
2.210000000000000159e-03 4.559902617686203974e-01 -2.764309244634947316e+00
2.220000000000000185e-03 4.734532993662545208e-01 -2.764309244634947316e+00
2.230000000000000211e-03 4.835281287495050151e-01 -2.764309244634947316e+00
2.240000000000000237e-03 4.878938881489135460e-01 -2.764309244634947316e+00
2.250000000000000264e-03 4.966254069477306077e-01 -2.764309244634947316e+00
2.260000000000000290e-03 4.969612345938389519e-01 -2.764309244634947316e+00
2.270000000000000316e-03 5.013269939932475383e-01 -2.764309244634947316e+00
2.280000000000000342e-03 5.009911663471391385e-01 -2.764309244634947316e+00
2.290000000000000369e-03 4.932671304866471096e-01 -2.764309244634947316e+00
2.300000000000000395e-03 4.929313028405387653e-01 -2.764309244634947316e+00
2.309999999999999987e-03 4.868864052105884577e-01 -2.764309244634947316e+00
2.320000000000000014e-03 4.818489905189632383e-01 -2.764309244634947316e+00
2.330000000000000040e-03 4.711025058434961110e-01 -2.764309244634947316e+00
2.340000000000000066e-03 4.580052276452705184e-01 -2.764309244634947316e+00
2.350000000000000092e-03 4.455796047392616144e-01 -2.764309244634947316e+00
2.360000000000000119e-03 4.314748436027109890e-01 -2.764309244634947316e+00
2.370000000000000145e-03 4.119968401284267445e-01 -2.764309244634947316e+00
2.380000000000000171e-03 3.962129407613343979e-01 -2.764309244634947316e+00
2.390000000000000197e-03 3.743841437642917436e-01 -2.764309244634947316e+00
2.400000000000000223e-03 3.525553467672490893e-01 -2.764309244634947316e+00
2.410000000000000250e-03 3.290474115396647137e-01 -2.764309244634947316e+00
2.420000000000000276e-03 3.078902698348387479e-01 -2.764309244634947316e+00
2.430000000000000302e-03 2.793449199156290974e-01 -2.764309244634947316e+00
2.440000000000000328e-03 2.541578464575030005e-01 -2.672196268080794468e+00
2.450000000000000355e-03 2.229258753694265960e-01 -2.400243670635200388e+00
2.460000000000000381e-03 1.970671466190837551e-01 -2.111083154492676695e+00
2.470000000000000407e-03 1.688576243459824766e-01 -1.818211126474344796e+00
2.480000000000000000e-03 1.376256532579060721e-01 -1.512854922146475545e+00
2.490000000000000026e-03 1.080728204003714166e-01 -1.210197999182830442e+00
2.500000000000000052e-03 7.818415989672838906e-02 -8.997806422970406892e-01
2.510000000000000078e-03 4.426556763978519576e-02 -5.816028514891062873e-01
2.520000000000000104e-03 1.471273478225052812e-02 -2.691610335801484233e-01
2.530000000000000131e-03 -2.021334041301771356e-02 5.205344876253835407e-02
2.540000000000000157e-03 -4.775120739390228963e-02 3.719182904231129738e-01
2.550000000000000183e-03 -8.166979965084547599e-02 6.867219795257671899e-01
2.560000000000000209e-03 -1.085360113395133774e-01 1.002537899140005351e+00
2.570000000000000236e-03 -1.421187759503482195e-01 1.314304896707907178e+00
2.580000000000000262e-03 -1.696566429312327817e-01 1.610551026431519483e+00
2.590000000000000288e-03 -1.975303375582257159e-01 1.909833847689884179e+00
2.600000000000000314e-03 -2.287623086463021205e-01 2.202368465537688280e+00
2.610000000000000341e-03 -2.566360032732950547e-01 2.485118188440178955e+00
2.620000000000000367e-03 -2.811514214392045186e-01 2.753359274009965052e+00
2.630000000000000393e-03 -3.063384948973306710e-01 2.763481579125805609e+00
2.640000000000000419e-03 -3.321972236476734563e-01 2.763481579125805609e+00
2.650000000000000012e-03 -3.563768141674745760e-01 2.763481579125805609e+00
2.660000000000000038e-03 -3.758548176417587650e-01 2.763481579125805609e+00
2.670000000000000064e-03 -3.956686487621513537e-01 2.763481579125805609e+00
2.680000000000000090e-03 -4.158183075286522312e-01 2.763481579125805609e+00
2.690000000000000117e-03 -4.329455174801780104e-01 2.763481579125805609e+00
2.700000000000000143e-03 -4.480577615550537240e-01 2.763481579125805609e+00
2.710000000000000169e-03 -4.608192121071709724e-01 2.763481579125805609e+00
2.720000000000000195e-03 -4.712298691365297554e-01 2.763481579125805609e+00
2.730000000000000222e-03 -4.836554920425386594e-01 2.763481579125805609e+00
2.740000000000000248e-03 -4.890287343802722231e-01 2.763481579125805609e+00
2.750000000000000274e-03 -4.960811149485475635e-01 2.763481579125805609e+00
2.760000000000000300e-03 -5.004468743479559834e-01 2.763481579125805609e+00
2.770000000000000327e-03 -5.007827019940643831e-01 2.763481579125805609e+00
2.780000000000000353e-03 -5.027976678707144487e-01 2.763481579125805609e+00
2.790000000000000379e-03 -4.970885978868725963e-01 2.763481579125805609e+00
2.800000000000000405e-03 -4.974244255329809405e-01 2.763481579125805609e+00
2.810000000000000431e-03 -4.883570790880555346e-01 2.763481579125805609e+00
2.820000000000000024e-03 -4.816405261658885384e-01 2.763481579125805609e+00
2.830000000000000050e-03 -4.705582138443130669e-01 2.763481579125805609e+00
2.840000000000000076e-03 -4.561176250616540973e-01 2.763481579125805609e+00
2.850000000000000103e-03 -4.450353127400785702e-01 2.763481579125805609e+00
2.860000000000000129e-03 -4.312663792496362891e-01 2.763481579125805609e+00
2.870000000000000155e-03 -4.154824798825438870e-01 2.763481579125805609e+00
2.880000000000000181e-03 -3.980194422849097635e-01 2.763481579125805609e+00
2.890000000000000208e-03 -3.755189899956504207e-01 2.763481579125805609e+00
2.900000000000000234e-03 -3.583917800441246415e-01 2.763481579125805609e+00
2.910000000000000260e-03 -3.308539130632400793e-01 2.763481579125805609e+00
2.920000000000000286e-03 -3.080176331278723922e-01 2.763481579125805609e+00
2.930000000000000313e-03 -2.798081108547711415e-01 2.763481579125805609e+00
2.940000000000000339e-03 -2.563001756271867104e-01 2.669681551719012891e+00
2.950000000000000365e-03 -2.290981362924104647e-01 2.394354852568138625e+00
2.960000000000000391e-03 -1.955153716815756226e-01 2.111267719495119266e+00
2.970000000000000417e-03 -1.686491599929077490e-01 1.821094972841011517e+00
2.980000000000000444e-03 -1.364097059665062839e-01 1.522149561753175062e+00
2.990000000000000036e-03 -1.088718389856217217e-01 1.213756665890553421e+00
3.000000000000000062e-03 -7.931900612808703843e-02 9.026644886637078535e-01
3.010000000000000089e-03 -4.472875857892715662e-02 5.895478504136938414e-01
3.020000000000000115e-03 -1.383261513695909287e-02 2.777808528457920145e-01
3.030000000000000141e-03 1.572021772057557304e-02 -4.545809052006297840e-02
3.040000000000000167e-03 4.728801645476032878e-02 -3.632984711574693826e-01
3.050000000000000194e-03 7.784833225062004480e-02 -6.777647500895954691e-01
3.060000000000000220e-03 1.090803033386964493e-01 -9.915562086806655184e-01
3.070000000000000246e-03 1.393047914884478211e-01 -1.300286514713815178e+00
3.080000000000000272e-03 1.712084178687409419e-01 -1.605642719041684430e+00
3.090000000000000299e-03 1.994179401418421926e-01 -1.905937770811633181e+00
3.100000000000000325e-03 2.242691859538600008e-01 -2.195773107295212689e+00
3.110000000000000351e-03 2.511353976425278467e-01 -2.482234342073512234e+00
3.120000000000000377e-03 2.786732646234124089e-01 -2.753849529348578518e+00
3.130000000000000403e-03 3.062111316042969711e-01 -2.764309244634947316e+00
3.140000000000000430e-03 3.327415156468565005e-01 -2.764309244634947316e+00
3.150000000000000456e-03 3.538986573516824663e-01 -2.764309244634947316e+00
3.160000000000000048e-03 3.720333502415332783e-01 -2.764309244634947316e+00
3.170000000000000075e-03 3.955412854691177094e-01 -2.764309244634947316e+00
3.180000000000000101e-03 4.113251848362100560e-01 -2.764309244634947316e+00
3.190000000000000127e-03 4.294598777260608680e-01 -2.764309244634947316e+00
3.200000000000000153e-03 4.462512600314783029e-01 -2.764309244634947316e+00
3.210000000000000180e-03 4.580052276452705184e-01 -2.764309244634947316e+00
3.220000000000000206e-03 4.677442293824126129e-01 -2.764309244634947316e+00
3.230000000000000232e-03 4.794981969962048285e-01 -2.764309244634947316e+00
3.240000000000000258e-03 4.889013710872385787e-01 -2.764309244634947316e+00
3.250000000000000284e-03 4.942746134249721424e-01 -2.764309244634947316e+00
3.260000000000000311e-03 4.983045451782723290e-01 -2.764309244634947316e+00
3.270000000000000337e-03 5.009911663471391385e-01 -2.764309244634947316e+00
3.280000000000000363e-03 5.016628216393558271e-01 -2.764309244634947316e+00
3.290000000000000389e-03 4.983045451782723290e-01 -2.764309244634947316e+00
3.300000000000000416e-03 4.925954751944304211e-01 -2.764309244634947316e+00
3.310000000000000442e-03 4.912521646099969885e-01 -2.764309244634947316e+00
3.320000000000000468e-03 4.784907140578797402e-01 -2.764309244634947316e+00
3.330000000000000061e-03 4.721099887818211438e-01 -2.764309244634947316e+00
3.340000000000000087e-03 4.586768829374872070e-01 -2.764309244634947316e+00
3.350000000000000113e-03 4.428929835703948048e-01 -2.764309244634947316e+00
3.360000000000000139e-03 4.277807394955191467e-01 -2.764309244634947316e+00
3.370000000000000166e-03 4.089743913134516462e-01 -2.764309244634947316e+00
3.380000000000000192e-03 3.958771131152260536e-01 -2.764309244634947316e+00
3.390000000000000218e-03 3.733766608259667108e-01 -2.764309244634947316e+00
3.400000000000000244e-03 3.538986573516824663e-01 -2.764309244634947316e+00
3.410000000000000270e-03 3.277041009552312811e-01 -2.764309244634947316e+00
3.420000000000000297e-03 3.085619251270554364e-01 -2.764309244634947316e+00
3.430000000000000323e-03 2.827031963767125955e-01 -2.764309244634947316e+00
3.440000000000000349e-03 2.544936741036113448e-01 -2.667472525693402208e+00
3.450000000000000375e-03 2.235975306616432845e-01 -2.399568850294144351e+00
3.460000000000000402e-03 1.984104572035171599e-01 -2.109733513810564620e+00
3.470000000000000428e-03 1.678501414076574438e-01 -1.816186665451176463e+00
3.480000000000000454e-03 1.389689638423394769e-01 -1.514204562828587619e+00
3.490000000000000480e-03 1.060578545237213233e-01 -1.205811666965966200e+00
3.500000000000000073e-03 7.885581518894507758e-02 -8.977561812738725777e-01
3.510000000000000099e-03 4.560887822421858667e-02 -5.819402616596343059e-01
3.520000000000000125e-03 1.572021772057557304e-02 -2.664617522159241636e-01
3.530000000000000152e-03 -1.786254689025927600e-02 5.441531995623458129e-02
3.540000000000000178e-03 -4.909451797833568748e-02 3.692190090588887141e-01
3.550000000000000204e-03 -7.898317848197869417e-02 6.860471591847110417e-01
3.560000000000000230e-03 -1.132375983850302525e-01 9.968019262410288128e-01
3.570000000000000256e-03 -1.411112930120231590e-01 1.307556693297346362e+00
3.580000000000000283e-03 -1.709999535156661865e-01 1.614937358648383947e+00
3.590000000000000309e-03 -2.022319246037425911e-01 1.908484207007771882e+00
3.600000000000000335e-03 -2.257398598313269944e-01 2.201693645196632243e+00
3.610000000000000361e-03 -2.566360032732950547e-01 2.483093727417010843e+00
3.620000000000000388e-03 -2.808155937930961743e-01 2.757070785885773034e+00
3.630000000000000414e-03 -3.100325990045224578e-01 2.763481579125805609e+00
3.640000000000000440e-03 -3.325330512937818006e-01 2.763481579125805609e+00
3.650000000000000466e-03 -3.583917800441246415e-01 2.763481579125805609e+00
3.660000000000000493e-03 -3.755189899956504207e-01 2.763481579125805609e+00
3.670000000000000085e-03 -4.013777187459932616e-01 2.763481579125805609e+00
3.680000000000000111e-03 -4.158183075286522312e-01 2.763481579125805609e+00
3.690000000000000138e-03 -4.329455174801780104e-01 2.763481579125805609e+00
3.700000000000000164e-03 -4.460427956784036030e-01 2.763481579125805609e+00
3.710000000000000190e-03 -4.574609356460874743e-01 2.763481579125805609e+00
3.720000000000000216e-03 -4.739164903053965650e-01 2.763481579125805609e+00
3.730000000000000242e-03 -4.813046985197801941e-01 2.763481579125805609e+00
3.740000000000000269e-03 -4.890287343802722231e-01 2.763481579125805609e+00
3.750000000000000295e-03 -4.970885978868725963e-01 2.763481579125805609e+00
3.760000000000000321e-03 -4.980960808251976291e-01 2.763481579125805609e+00
3.770000000000000347e-03 -5.001110467018476946e-01 2.763481579125805609e+00
3.780000000000000374e-03 -4.997752190557393503e-01 2.763481579125805609e+00
3.790000000000000400e-03 -5.014543572862810716e-01 2.763481579125805609e+00
3.800000000000000426e-03 -4.997752190557393503e-01 2.763481579125805609e+00
3.810000000000000452e-03 -4.883570790880555346e-01 2.763481579125805609e+00
3.820000000000000479e-03 -4.806330432275635056e-01 2.763481579125805609e+00
3.830000000000000505e-03 -4.735806626592881652e-01 2.763481579125805609e+00
3.840000000000000531e-03 -4.577967632921958185e-01 2.763481579125805609e+00
3.850000000000000124e-03 -4.473861062628370355e-01 2.763481579125805609e+00
3.860000000000000150e-03 -4.336171727723946989e-01 2.763481579125805609e+00
3.870000000000000176e-03 -4.141391692981105099e-01 2.763481579125805609e+00
3.880000000000000202e-03 -3.946611658238263209e-01 2.763481579125805609e+00
3.890000000000000228e-03 -3.745115070573253879e-01 2.763481579125805609e+00
3.900000000000000255e-03 -3.563768141674745760e-01 2.763481579125805609e+00
3.910000000000000281e-03 -3.291747748326983580e-01 2.763481579125805609e+00
3.920000000000000741e-03 -3.076818054817640480e-01 2.763481579125805609e+00
3.930000000000000333e-03 -2.798081108547711415e-01 2.763481579125805609e+00
3.939999999999999926e-03 -2.546210373966449891e-01 2.674405294106405151e+00
3.950000000000000386e-03 -2.301056192307355253e-01 2.397391544102890570e+00
3.959999999999999978e-03 -2.005527863732008420e-01 2.113629590688815618e+00
3.970000000000000438e-03 -1.699924705773411260e-01 1.823456844034707869e+00
3.980000000000000031e-03 -1.394321547814814100e-01 1.521812151582647044e+00
3.990000000000000491e-03 -1.098793219239467545e-01 1.214768896402137477e+00
4.000000000000000083e-03 -7.596072966700356810e-02 9.040141293458199279e-01
4.010000000000000543e-03 -4.674372445557724298e-02 5.902226707547498785e-01
4.020000000000000136e-03 -1.551175336750083497e-02 2.730571104583995323e-01
4.030000000000000596e-03 1.572021772057557304e-02 -4.613291086111904332e-02
4.040000000000000188e-03 4.896715468530207088e-02 -3.622862406458853268e-01
4.050000000000000648e-03 7.885581518894507758e-02 -6.808014416243477474e-01
4.060000000000000241e-03 1.100877862770215099e-01 -9.972921815796420564e-01
4.070000000000000701e-03 1.399764467806645096e-01 -1.307034718124375772e+00
4.080000000000000293e-03 1.718800731609576304e-01 -1.610366461429076912e+00
4.090000000000000753e-03 2.007612507262755974e-01 -1.907624821664273274e+00
4.100000000000000346e-03 2.306499112299186249e-01 -2.196785337806796967e+00
4.109999999999999938e-03 2.561728123341530661e-01 -2.481896931902984438e+00
4.120000000000000398e-03 2.786732646234124089e-01 -2.755536580201218388e+00
4.129999999999999991e-03 3.095694080653804692e-01 -2.764309244634947316e+00
4.140000000000000450e-03 3.330773432929648448e-01 -2.764309244634947316e+00
4.150000000000000043e-03 3.532270020594657778e-01 -2.764309244634947316e+00
4.160000000000000503e-03 3.747199714104000878e-01 -2.764309244634947316e+00
4.170000000000000095e-03 3.962129407613343979e-01 -2.764309244634947316e+00
4.180000000000000555e-03 4.126684954206434885e-01 -2.764309244634947316e+00
4.190000000000000148e-03 4.308031883104943005e-01 -2.764309244634947316e+00
4.200000000000000608e-03 4.469229153236949914e-01 -2.764309244634947316e+00
4.210000000000000200e-03 4.616993317524623608e-01 -2.764309244634947316e+00
4.220000000000000660e-03 4.690875399668459900e-01 -2.764309244634947316e+00
4.230000000000000253e-03 4.808415075806382055e-01 -2.764309244634947316e+00
4.240000000000000713e-03 4.872222328566968019e-01 -2.764309244634947316e+00
4.250000000000000305e-03 4.936029581327554538e-01 -2.764309244634947316e+00
4.260000000000000765e-03 4.979687175321639847e-01 -2.764309244634947316e+00
4.270000000000000358e-03 4.999836834088140503e-01 -2.764309244634947316e+00
4.279999999999999950e-03 4.999836834088140503e-01 -2.764309244634947316e+00
4.290000000000000410e-03 4.979687175321639847e-01 -2.764309244634947316e+00
4.300000000000000003e-03 4.939387857788637981e-01 -2.764309244634947316e+00
4.310000000000000463e-03 4.865505775644801134e-01 -2.764309244634947316e+00
4.320000000000000055e-03 4.781548864117713959e-01 -2.764309244634947316e+00
4.330000000000000515e-03 4.714383334896044553e-01 -2.764309244634947316e+00
4.340000000000000108e-03 4.553186064764037089e-01 -2.764309244634947316e+00
4.350000000000000568e-03 4.465870876775866471e-01 -2.764309244634947316e+00
4.360000000000000160e-03 4.287882224338441794e-01 -2.764309244634947316e+00
4.370000000000000620e-03 4.096460466056683347e-01 -2.764309244634947316e+00
4.380000000000000213e-03 3.965487684074427421e-01 -2.764309244634947316e+00
4.390000000000000673e-03 3.740483161181833993e-01 -2.764309244634947316e+00
4.400000000000000265e-03 3.522195191211407450e-01 -2.764309244634947316e+00
4.410000000000000725e-03 3.313982050624231235e-01 -2.764309244634947316e+00
4.420000000000000318e-03 3.068827868965137151e-01 -2.764309244634947316e+00
4.430000000000000777e-03 2.773299540389790319e-01 -2.764309244634947316e+00
4.440000000000000370e-03 2.528145358730695680e-01 -2.667472525693402208e+00
4.449999999999999963e-03 2.259483241844017221e-01 -2.394170287565696054e+00
4.460000000000000422e-03 1.960596636807587223e-01 -2.102647900229476008e+00
4.470000000000000015e-03 1.678501414076574438e-01 -1.813824794257480333e+00
4.480000000000000475e-03 1.369539979656893836e-01 -1.514204562828587619e+00
4.490000000000000067e-03 1.060578545237213233e-01 -1.213234690717582831e+00
4.500000000000000527e-03 7.717667695840335629e-02 -9.004554626380968374e-01
4.510000000000000120e-03 4.728801645476032878e-02 -5.843021328533305470e-01
4.520000000000000580e-03 1.303359655170878602e-02 -2.667991623864521822e-01
4.530000000000000172e-03 -2.222830628966780686e-02 4.429301484039361442e-02
4.540000000000000632e-03 -4.976617327055238293e-02 3.712434700820569367e-01
4.550000000000000225e-03 -8.032648906641209896e-02 6.880716202078792643e-01
4.560000000000000685e-03 -1.122301154467051920e-01 1.002537899140005351e+00
4.570000000000000277e-03 -1.404396377198064705e-01 1.311943025514210825e+00
4.580000000000000737e-03 -1.720074364539912193e-01 1.615274768818911966e+00
4.590000000000000330e-03 -1.998811310809841535e-01 1.912533129054108327e+00
4.600000000000000790e-03 -2.270831704157603714e-01 2.206754797754552744e+00
4.610000000000000382e-03 -2.502552779972364583e-01 2.489504520657043418e+00
4.619999999999999975e-03 -2.875321467152631150e-01 2.759432657079469386e+00
4.630000000000000435e-03 -3.096967713584141135e-01 2.763481579125805609e+00
4.640000000000000027e-03 -3.311897407093484236e-01 2.763481579125805609e+00
4.650000000000000487e-03 -3.587276076902329858e-01 2.763481579125805609e+00
4.660000000000000080e-03 -3.765264729339754535e-01 2.763481579125805609e+00
4.670000000000000540e-03 -3.980194422849097635e-01 2.763481579125805609e+00
4.680000000000000132e-03 -4.208557222202775061e-01 2.763481579125805609e+00
4.690000000000000592e-03 -4.332813451262863547e-01 2.763481579125805609e+00
4.700000000000000185e-03 -4.470502786167286358e-01 2.763481579125805609e+00
4.710000000000000644e-03 -4.624983503377126937e-01 2.763481579125805609e+00
4.720000000000000237e-03 -4.725731797209631324e-01 2.763481579125805609e+00
4.730000000000000697e-03 -4.816405261658885384e-01 2.763481579125805609e+00
4.740000000000000289e-03 -4.870137685036221575e-01 2.763481579125805609e+00
4.750000000000000749e-03 -4.950736320102224752e-01 2.763481579125805609e+00
4.760000000000000342e-03 -5.011185296401726719e-01 2.763481579125805609e+00
4.770000000000000802e-03 -4.974244255329809405e-01 2.763481579125805609e+00
4.780000000000000394e-03 -5.014543572862810716e-01 2.763481579125805609e+00
4.789999999999999987e-03 -4.994393914096310061e-01 2.763481579125805609e+00
4.800000000000000447e-03 -4.954094596563308195e-01 2.763481579125805609e+00
4.810000000000000039e-03 -4.897003896724889116e-01 2.763481579125805609e+00
4.820000000000000499e-03 -4.802972155814551614e-01 2.763481579125805609e+00
4.830000000000000092e-03 -4.715656967826380996e-01 2.763481579125805609e+00
4.840000000000000552e-03 -4.588042462305208513e-01 2.763481579125805609e+00
4.850000000000000144e-03 -4.457069680322952587e-01 2.763481579125805609e+00
4.860000000000000604e-03 -4.305947239574196006e-01 2.763481579125805609e+00
4.870000000000000197e-03 -4.144749969442188542e-01 2.763481579125805609e+00
4.880000000000000657e-03 -3.926461999471761999e-01 2.763481579125805609e+00
4.890000000000000249e-03 -3.755189899956504207e-01 2.763481579125805609e+00
4.900000000000000709e-03 -3.550335035830411989e-01 2.763481579125805609e+00
4.910000000000000302e-03 -3.305180854171317351e-01 2.763481579125805609e+00
4.920000000000000762e-03 -3.060026672512222712e-01 2.763481579125805609e+00
4.930000000000000354e-03 -2.831663873158545841e-01 2.763481579125805609e+00
4.940000000000000814e-03 -2.556285203349700219e-01 2.678116805982213577e+00
4.950000000000000407e-03 -2.280906533540854320e-01 2.402115286490283275e+00
4.959999999999999999e-03 -1.998811310809841535e-01 2.112279950006703544e+00
4.970000000000000459e-03 -1.699924705773411260e-01 1.820757562670483498e+00
4.980000000000000052e-03 -1.394321547814814100e-01 1.519112870218422673e+00
4.990000000000000512e-03 -1.112226325083801592e-01 1.219492638789529959e+00
5.000000000000000104e-03 -7.763986789754531714e-02 9.070508208805722061e-01
5.010000000000000564e-03 -4.607206916336054753e-02 5.895478504136938414e-01
5.020000000000000157e-03 -2.054916805912606476e-02 2.733945206289275509e-01
5.030000000000000616e-03 1.572021772057557304e-02 -4.377103966742281610e-02
5.040000000000000209e-03 4.628053351643528213e-02 -3.605991897932451229e-01
5.050000000000000669e-03 7.851998754283673332e-02 -6.797892111127636916e-01
5.060000000000000261e-03 1.080728204003714166e-01 -9.983044120912261121e-01
5.070000000000000721e-03 1.372898256117977278e-01 -1.301973565566455271e+00
5.080000000000000314e-03 1.688576243459824766e-01 -1.611378691940660968e+00
5.090000000000000774e-03 1.980746295574088156e-01 -1.905600360641105162e+00
5.100000000000000366e-03 2.269558071227267826e-01 -2.201509080194189227e+00
5.110000000000000826e-03 2.541578464575030005e-01 -2.480547291220872363e+00
