-5.120000000000000419e-03 -8.469224846582062982e-02 8.257349697833163971e-01
-5.110000000000000826e-03 -8.905800786522916068e-02 8.591385766655916800e-01
-5.100000000000000366e-03 -9.006549080355419346e-02 8.935544140594509077e-01
-5.090000000000000774e-03 -9.208045668020428676e-02 9.225716887248617271e-01
-5.080000000000000314e-03 -9.644621607961281762e-02 9.472026311734080828e-01
-5.070000000000000721e-03 -9.409542255685438006e-02 9.684594719166741417e-01
-5.060000000000000261e-03 -1.001403201868046600e-01 9.890414923188840524e-01
-5.050000000000000669e-03 -9.980449254069631571e-02 9.995012076052530725e-01
-5.040000000000000209e-03 -1.024911137095630975e-01 1.010298333062150000e+00
-5.030000000000000616e-03 -1.021552860634547533e-01 1.013335024596902390e+00
-5.020000000000000157e-03 -1.034985966478881303e-01 1.009286102550565944e+00
-5.010000000000000564e-03 -1.001403201868046600e-01 1.010635743232678019e+00
-5.000000000000000104e-03 -1.001403201868046600e-01 1.005574590674757518e+00
-4.990000000000000512e-03 -9.812535431015456666e-02 9.910659533420522749e-01
-4.980000000000000052e-03 -9.879700960237125518e-02 9.775695465209309765e-01
-4.970000000000000459e-03 -9.510290549517944059e-02 9.630609091882256223e-01
-4.959999999999999999e-03 -9.308793961852934729e-02 9.404544277628473781e-01
-4.950000000000000407e-03 -8.972966315744584920e-02 9.134616141206048923e-01
-4.940000000000000814e-03 -8.569973140414566259e-02 8.851191597962501101e-01
-4.930000000000000354e-03 -8.234145494306219226e-02 8.550896546192552350e-01
-4.920000000000000762e-03 -8.032648906641209896e-02 8.139256138148353026e-01
-4.910000000000000302e-03 -7.596072966700356810e-02 7.744486238630555741e-01
-4.900000000000000709e-03 -7.226662555981172575e-02 7.315975322059954378e-01
-4.890000000000000249e-03 -6.756503851429485064e-02 6.860471591847110417e-01
-4.880000000000000657e-03 -6.521424499153641308e-02 6.367852742876183303e-01
-4.870000000000000197e-03 -5.883351971547778891e-02 5.885356199021097856e-01
-4.860000000000000604e-03 -5.211696679331082049e-02 5.382615044934329074e-01
-4.850000000000000144e-03 -4.271379270227706332e-02 4.805643653331393983e-01
-4.840000000000000552e-03 -3.969134388730193030e-02 4.245542770254859821e-01
-4.830000000000000092e-03 -3.599723978011009490e-02 3.644952666714962319e-01
-4.820000000000000499e-03 -2.592241039685963880e-02 3.078103580227868896e-01
-4.810000000000000039e-03 -2.088499570523441248e-02 2.423527849403485646e-01
-4.800000000000000447e-03 -1.484009807528413952e-02 1.758829813463262115e-01
-4.789999999999999987e-03 -1.148182161420065357e-02 1.158239709923364613e-01
-4.780000000000000394e-03 -5.436923984250381474e-03 5.272826910359441899e-02
-4.770000000000000802e-03 2.622939522349982192e-03 -6.993331079867295269e-03
-4.760000000000000342e-03 1.068280302895034672e-02 -7.008903296860934107e-02
-4.750000000000000749e-03 1.303359655170878602e-02 -1.385832975857999028e-01
-4.740000000000000289e-03 2.176511535052584601e-02 -2.006667689629578477e-01
-4.730000000000000697e-03 2.848166827269281443e-02 -2.640998810222279225e-01
-4.720000000000000237e-03 3.452656590264308739e-02 -3.258459422288577656e-01
-4.710000000000000644e-03 3.889232530205161825e-02 -3.848927220712634600e-01
-4.700000000000000185e-03 4.628053351643528213e-02 -4.425898612315569691e-01
-4.690000000000000592e-03 5.031046526973546873e-02 -5.016366410739626636e-01
-4.680000000000000132e-03 5.467622466914399959e-02 -5.519107564826394308e-01
-4.670000000000000540e-03 6.072112229909427256e-02 -6.025222820618443276e-01
-4.660000000000000080e-03 6.676601992904454552e-02 -6.538086279821051505e-01
-4.650000000000000487e-03 6.978846874401967160e-02 -7.040827433907820287e-01
-4.640000000000000027e-03 7.516171108175326299e-02 -7.462590147067860169e-01
-4.630000000000000435e-03 7.952747048116179385e-02 -7.857360046585658564e-01
-4.619999999999999975e-03 8.422905752667866897e-02 -8.242007640987615291e-01
-4.610000000000000382e-03 8.792316163387051131e-02 -8.619907031979011647e-01
-4.600000000000000790e-03 9.094561044884563739e-02 -8.913453880338398916e-01
-4.590000000000000330e-03 9.262474867938738643e-02 -9.193504321876666552e-01
-4.580000000000000737e-03 9.094561044884563739e-02 -9.460058356593811224e-01
-4.570000000000000277e-03 9.296057632549573069e-02 -9.628763441857827177e-01
-4.560000000000000685e-03 9.598302514047085676e-02 -9.807590832237684797e-01
-4.550000000000000225e-03 9.732633572490426155e-02 -9.949303103859458153e-01
-4.540000000000000632e-03 1.006846121859877319e-01 -1.001341103625978501e+00
-4.530000000000000172e-03 9.833381866322929432e-02 -1.009438947718651391e+00
-4.520000000000000580e-03 9.967712924766269911e-02 -1.012138229082875540e+00
-4.510000000000000120e-03 9.699050807879591729e-02 -1.008764127377595354e+00
-4.500000000000000527e-03 9.766216337101260581e-02 -1.001341103625978501e+00
-4.490000000000000067e-03 9.866964630933763858e-02 -9.932432595333057224e-01
-4.480000000000000475e-03 9.564719749436251250e-02 -9.777223916890162014e-01
-4.470000000000000015e-03 9.497554220214582399e-02 -9.611892933331426248e-01
-4.460000000000000422e-03 9.195309338717067016e-02 -9.395950424193485473e-01
-4.449999999999999963e-03 8.993812751052057686e-02 -9.102403575834097094e-01
-4.440000000000000370e-03 8.355740223446198045e-02 -8.859468253053913722e-01
-4.430000000000000777e-03 8.322157458835360844e-02 -8.518683980820601631e-01
-4.420000000000000318e-03 7.784833225062004480e-02 -8.150906894945045833e-01
-4.410000000000000725e-03 7.885581518894507758e-02 -7.756136995427248548e-01
-4.400000000000000265e-03 6.911681345180298308e-02 -7.320877875446086813e-01
-4.390000000000000673e-03 6.743767522126123404e-02 -6.862000043527962667e-01
-4.380000000000000213e-03 5.937781171466087471e-02 -6.352510686030633513e-01
-4.370000000000000620e-03 5.568370760746904624e-02 -5.846395430238585655e-01
-4.360000000000000160e-03 5.131794820806051538e-02 -5.313287360804294090e-01
-4.350000000000000568e-03 4.426556763978519576e-02 -4.719445460674958071e-01
-4.340000000000000108e-03 3.754901471761822734e-02 -4.193085594651227987e-01
-4.330000000000000515e-03 3.419073825653474313e-02 -3.602617796227171043e-01
-4.320000000000000055e-03 2.646670239604272459e-02 -2.954790268813348719e-01
-4.310000000000000463e-03 2.042180476609245163e-02 -2.371070673799853257e-01
-4.300000000000000003e-03 1.269776890560043656e-02 -1.702998536154349263e-01
-4.290000000000000410e-03 9.003664798408602885e-03 -1.115904839435573059e-01
-4.279999999999999950e-03 9.438012918082398697e-04 -4.950701256639936793e-02
-4.270000000000000358e-03 -5.101096338142032879e-03 1.527574017498283671e-02
-4.260000000000000765e-03 -9.466855737550563740e-03 7.668439121108470979e-02
-4.250000000000000305e-03 -1.517592572139248724e-02 1.421419642935229932e-01
-4.240000000000000713e-03 -2.390744452020954897e-02 2.042254356706809104e-01
-4.230000000000000253e-03 -2.995234215015982193e-02 2.652966765362547719e-01
-4.220000000000000660e-03 -3.263896331902661069e-02 3.263679174018285778e-01
-4.210000000000000200e-03 -3.834803330286853246e-02 3.854146972442342722e-01
-4.200000000000000608e-03 -4.036299917951862576e-02 4.400751448697755031e-01
-4.190000000000000148e-03 -5.278862208552751595e-02 4.977722840300690121e-01
-4.180000000000000555e-03 -5.614689854661100016e-02 5.554694231903625212e-01
-4.170000000000000095e-03 -6.655755557596981786e-02 6.057435385990393995e-01
-4.160000000000000503e-03 -6.353510676099466403e-02 6.543306031550760737e-01
-4.150000000000000043e-03 -7.193079791370338150e-02 7.066291795869210635e-01
-4.140000000000000450e-03 -7.528907437478687958e-02 7.461061695387007919e-01
-4.129999999999999991e-03 -8.099814435862878748e-02 7.896320815368169654e-01
-4.120000000000000398e-03 -8.569973140414566259e-02 8.277594308064846196e-01
-4.109999999999999938e-03 -8.569973140414566259e-02 8.652119597350962366e-01
-4.100000000000000346e-03 -9.107297374187925398e-02 8.935544140594509077e-01
-4.090000000000000753e-03 -9.510290549517944059e-02 9.229090988953897456e-01
-4.080000000000000293e-03 -9.846118195626291092e-02 9.468652210028800642e-01
-4.070000000000000701e-03 -9.778952666404622240e-02 9.698091125987862160e-01
-4.060000000000000241e-03 -9.846118195626291092e-02 9.887040821483560338e-01
-4.050000000000000648e-03 -9.812535431015456666e-02 9.984889770936690168e-01
-4.040000000000000188e-03 -9.913283724847959943e-02 1.009960922891621982e+00
-4.030000000000000596e-03 -1.014836307712380370e-01 1.014009844937958427e+00
-4.020000000000000136e-03 -1.024911137095630975e-01 1.012997614426374149e+00
-4.010000000000000543e-03 -1.011478031251296927e-01 1.018733587325350909e+00
-4.000000000000000083e-03 -9.879700960237125518e-02 1.007261641527397611e+00
-3.990000000000000491e-03 -9.812535431015456666e-02 9.947774652178605903e-01
-3.980000000000000031e-03 -9.745369901793787815e-02 9.833055194199075144e-01
-3.970000000000000438e-03 -9.611038843350447336e-02 9.600242176534733440e-01
-3.959999999999999978e-03 -9.140880138798759824e-02 9.397796074217913409e-01
-3.950000000000000386e-03 -8.838635257301244441e-02 9.164983056553571705e-01
-3.939999999999999926e-03 -8.603555905025400685e-02 8.830946987730818876e-01
-3.930000000000000333e-03 -8.368476552749556929e-02 8.537400139371431607e-01
-3.920000000000000741e-03 -8.066231671252044322e-02 8.135882036443072840e-01
-3.910000000000000281e-03 -7.461741908257016331e-02 7.764730848862236856e-01
-3.900000000000000255e-03 -7.461741908257016331e-02 7.329471728881075121e-01
-3.890000000000000228e-03 -6.790086616040319489e-02 6.843601083320709488e-01
-3.880000000000000202e-03 -6.152014088434457767e-02 6.418464268455388311e-01
-3.870000000000000176e-03 -5.513941560828596045e-02 5.885356199021097856e-01
-3.860000000000000150e-03 -5.043782856276907839e-02 5.355622231292086477e-01
-3.850000000000000124e-03 -4.372127564060210997e-02 4.798895449920833611e-01
-3.840000000000000531e-03 -4.103465447173532121e-02 4.245542770254859821e-01
-3.830000000000000505e-03 -3.398227390346000160e-02 3.611211649662159351e-01
-3.820000000000000479e-03 -3.398227390346000160e-02 3.054484868290906485e-01
-3.810000000000000452e-03 -2.122082335134276021e-02 2.447146561340448057e-01
-3.800000000000000426e-03 -1.484009807528413952e-02 1.802693135631906196e-01
-3.790000000000000400e-03 -1.248930455252570022e-02 1.212225337207849807e-01
-3.780000000000000374e-03 -3.757785753708638501e-03 5.441531995623458129e-02
-3.770000000000000347e-03 1.951284230133285436e-03 -5.643690397755166295e-03
-3.760000000000000321e-03 1.068280302895034672e-02 -7.042644313913737353e-02
-3.750000000000000295e-03 1.639187301279226849e-02 -1.345343755394635132e-01
-3.740000000000000269e-03 2.075763241220079935e-02 -1.939185655523971985e-01
-3.730000000000000242e-03 2.512339181160933022e-02 -2.580264979527233660e-01
-3.720000000000000216e-03 3.553404884096813404e-02 -3.197725591593532091e-01
-3.710000000000000190e-03 4.090729117870171155e-02 -3.808438000249271260e-01
-3.700000000000000164e-03 4.594470587032693787e-02 -4.392157595262766723e-01
-3.690000000000000138e-03 4.795967174697703117e-02 -4.932013868107618659e-01
-3.680000000000000111e-03 5.366874173081895294e-02 -5.492114751184151711e-01
-3.670000000000000085e-03 6.139277759131096801e-02 -5.994855905270919383e-01
-3.660000000000000493e-03 6.575853699071948499e-02 -6.497597059357688165e-01
-3.650000000000000466e-03 7.046012403623638787e-02 -6.973345399802213240e-01
-3.640000000000000440e-03 7.180343462066976490e-02 -7.432223231720337386e-01
-3.630000000000000414e-03 7.919164283505344959e-02 -7.823619029532854485e-01
-3.620000000000000388e-03 7.919164283505344959e-02 -8.258878149514016220e-01
-3.610000000000000361e-03 8.254991929613691992e-02 -8.582791913220927382e-01
-3.600000000000000335e-03 8.792316163387051131e-02 -8.903331575222558358e-01
-3.590000000000000309e-03 8.926647221830388834e-02 -9.180007915055544698e-01
-3.580000000000000283e-03 8.960229986441223260e-02 -9.507295780467736046e-01
-3.570000000000000256e-03 9.296057632549573069e-02 -9.645633950384229216e-01
-3.560000000000000230e-03 9.866964630933763858e-02 -9.821087239058805540e-01
-3.550000000000000204e-03 9.598302514047085676e-02 -9.945929002154177967e-01
-3.540000000000000178e-03 9.833381866322929432e-02 -1.005727435842842965e+00
-3.530000000000000152e-03 9.732633572490426155e-02 -1.014837510447099911e+00
-3.520000000000000125e-03 9.631885278657920102e-02 -1.010451178230235447e+00
-3.510000000000000099e-03 9.631885278657920102e-02 -1.004040384990202872e+00
-3.500000000000000073e-03 9.497554220214582399e-02 -1.002015923967034539e+00
-3.490000000000000480e-03 9.463971455603747973e-02 -9.861576459522169991e-01
-3.480000000000000454e-03 9.631885278657920102e-02 -9.763727510069040161e-01
-3.470000000000000428e-03 9.128143809495398164e-02 -9.605144729920865876e-01
-3.460000000000000402e-03 9.262474867938738643e-02 -9.395950424193485473e-01
-3.450000000000000375e-03 8.657985104943710652e-02 -9.075410762191854497e-01
-3.440000000000000349e-03 8.490071281889535748e-02 -8.808856727474708714e-01
-3.430000000000000323e-03 8.254991929613691992e-02 -8.491691167178359034e-01
-3.420000000000000297e-03 7.986329812727013810e-02 -8.157655098355607315e-01
-3.410000000000000270e-03 7.314674520510316968e-02 -7.705525469848043540e-01
-3.400000000000000244e-03 6.710184757515288978e-02 -7.270266349866881805e-01
-3.390000000000000218e-03 6.307191582185270318e-02 -6.835007229885720070e-01
-3.380000000000000192e-03 5.870615642244417925e-02 -6.345762482620073142e-01
-3.370000000000000166e-03 5.299708643860225749e-02 -5.853143633649146027e-01
-3.360000000000000139e-03 5.232543114638555509e-02 -5.347028377857098169e-01
-3.350000000000000113e-03 4.325808470146014911e-02 -4.763308782843602707e-01
-3.340000000000000087e-03 4.191477411702675820e-02 -4.186337391240666506e-01
-3.330000000000000061e-03 3.486239354875143859e-02 -3.585747287700769004e-01
-3.320000000000000468e-03 2.613087474993437687e-02 -2.985157184160871502e-01
-3.310000000000000442e-03 2.008597711998410390e-02 -2.391315284031535204e-01
-3.300000000000000416e-03 1.605604536668392077e-02 -1.787351078786357239e-01
-3.290000000000000389e-03 1.068280302895034672e-02 -1.193509178657020525e-01
-3.280000000000000363e-03 -1.742819877058547802e-03 -5.456816512431984789e-02
-3.270000000000000337e-03 -4.429441045925335690e-03 1.325127915181464194e-02
-3.260000000000000311e-03 -7.787717507008819900e-03 7.702180138161274225e-02
-3.250000000000000284e-03 -2.189247864355945566e-02 1.407923236114108634e-01
-3.240000000000000258e-03 -2.021334041301771356e-02 2.038880255001528918e-01
-3.230000000000000232e-03 -2.625823804296798653e-02 2.693455985825911059e-01
-3.220000000000000206e-03 -4.002717153341027456e-02 3.243434563786604663e-01
-3.210000000000000180e-03 -3.969134388730193030e-02 3.854146972442342722e-01
-3.200000000000000153e-03 -4.540041387114385207e-02 4.481729889624482821e-01
-3.190000000000000127e-03 -5.110948385498577384e-02 5.024960264174614943e-01
-3.180000000000000101e-03 -5.749020913104439801e-02 5.578312943840587623e-01
-3.170000000000000075e-03 -6.487841734542806882e-02 6.064183589400954366e-01
-3.160000000000000048e-03 -7.025165968316163245e-02 6.600665760540526117e-01
-3.150000000000000456e-03 -7.159497026759503724e-02 7.039298982226968038e-01
-3.140000000000000430e-03 -7.495324672867850757e-02 7.488054509029250516e-01
-3.130000000000000403e-03 -8.166979965084547599e-02 7.876076205136487429e-01
-3.120000000000000377e-03 -8.469224846582062982e-02 8.257349697833163971e-01
-3.110000000000000351e-03 -8.704304198857906738e-02 8.628500885413999955e-01
-3.100000000000000325e-03 -9.073714609577090973e-02 8.928795937183948705e-01
-3.090000000000000299e-03 -9.409542255685438006e-02 9.208846378722215231e-01
-3.080000000000000272e-03 -9.711787137182950613e-02 9.478774515144641200e-01
-3.070000000000000246e-03 -9.711787137182950613e-02 9.698091125987862160e-01
-3.060000000000000220e-03 -9.812535431015456666e-02 9.887040821483560338e-01
-3.050000000000000194e-03 -1.014836307712380370e-01 1.000850848287365036e+00
-3.040000000000000167e-03 -1.014836307712380370e-01 1.010635743232678019e+00
-3.030000000000000141e-03 -9.879700960237125518e-02 1.015359485620070501e+00
-3.020000000000000115e-03 -1.028269413556714418e-01 1.011647973744262075e+00
-3.010000000000000089e-03 -1.021552860634547533e-01 1.013672434767430408e+00
-3.000000000000000062e-03 -9.913283724847959943e-02 1.004899770333701481e+00
-2.990000000000000036e-03 -9.778952666404622240e-02 9.944400550473325717e-01
-2.980000000000000444e-03 -9.678204372572116188e-02 9.833055194199075144e-01
-2.970000000000000417e-03 -9.577456078739612910e-02 9.650853702113937338e-01
-2.960000000000000391e-03 -9.409542255685438006e-02 9.414666582744315448e-01
-2.950000000000000365e-03 -9.275211197242097527e-02 9.100875124153244844e-01
-2.940000000000000339e-03 -8.838635257301244441e-02 8.844443394551940729e-01
-2.930000000000000313e-03 -8.133397200473713173e-02 8.537400139371431607e-01
-2.920000000000000286e-03 -8.099814435862878748e-02 8.129133833032512468e-01
-2.910000000000000260e-03 -7.663238495922025661e-02 7.764730848862236856e-01
-2.900000000000000234e-03 -7.360993614424513054e-02 7.329471728881075121e-01
-2.890000000000000208e-03 -6.454258969931972456e-02 6.884090303784072828e-01
-2.880000000000000181e-03 -6.118431323823623341e-02 6.408341963339547753e-01
-2.870000000000000155e-03 -5.782603677715274226e-02 5.875233893905256188e-01
-2.860000000000000129e-03 -5.077365620887742959e-02 5.358996332997366663e-01
-2.850000000000000103e-03 -4.506458622503550088e-02 4.859629280615879177e-01
-2.840000000000000076e-03 -4.137048211784367241e-02 4.255665075370701489e-01
-2.830000000000000050e-03 -3.331061861124330614e-02 3.651700870125523801e-01
-2.820000000000000024e-03 -2.827320391961807983e-02 3.054484868290906485e-01
-2.810000000000000431e-03 -2.323578922799285004e-02 2.447146561340448057e-01
-2.800000000000000405e-03 -1.584758101360918270e-02 1.775700321989663599e-01
-2.790000000000000379e-03 -9.802683383658911467e-03 1.185232523565607210e-01
-2.780000000000000353e-03 -3.086130461491942180e-03 5.441531995623458129e-02
-2.770000000000000327e-03 2.287111876241633597e-03 -7.330741250395327729e-03
-2.760000000000000300e-03 1.101863067505869445e-02 -7.211349399177753583e-02
-2.750000000000000274e-03 1.538439007446722531e-02 -1.382458874152718564e-01
-2.740000000000000248e-03 2.008597711998410390e-02 -1.959430265755653933e-01
-2.730000000000000222e-03 2.579504710382602914e-02 -2.590387284643074217e-01
-2.720000000000000195e-03 3.217577237988464983e-02 -3.163984574540729122e-01
-2.710000000000000169e-03 3.822067000983492280e-02 -3.828682610480952375e-01
-2.700000000000000143e-03 4.023563588648501610e-02 -4.459639629368372660e-01
-2.690000000000000117e-03 5.333291408471060174e-02 -4.969128986865701814e-01
-2.680000000000000090e-03 5.736284583801078835e-02 -5.515733463121114122e-01
-2.670000000000000064e-03 5.803450113022748380e-02 -6.021848718913161980e-01
-2.660000000000000038e-03 6.374357111406941945e-02 -6.531338076410491134e-01
-2.650000000000000012e-03 6.911681345180298308e-02 -7.000338213444455837e-01
-2.640000000000000419e-03 7.583336637396995150e-02 -7.465964248773140355e-01
-2.630000000000000393e-03 7.952747048116179385e-02 -7.857360046585658564e-01
-2.620000000000000367e-03 7.751250460451170055e-02 -8.228511234166493438e-01
-2.610000000000000341e-03 8.691567869554545078e-02 -8.586166014926207568e-01
-2.600000000000000314e-03 8.758733398776213930e-02 -8.916827982043679102e-01
-2.590000000000000288e-03 9.128143809495398164e-02 -9.142892796297461544e-01
-2.580000000000000262e-03 9.497554220214582399e-02 -9.422943237835728070e-01
-2.570000000000000236e-03 9.430388690992910772e-02 -9.638885746973668844e-01
-2.560000000000000209e-03 9.631885278657920102e-02 -9.787346222006002572e-01
-2.550000000000000183e-03 1.016920951243127924e-01 -9.935806697038337409e-01
-2.540000000000000157e-03 1.003487845398793876e-01 -1.002690744308090798e+00
-2.530000000000000131e-03 9.833381866322929432e-02 -1.009101537548123373e+00
-2.520000000000000104e-03 1.006846121859877319e-01 -1.013487869764987614e+00
-2.510000000000000078e-03 9.732633572490426155e-02 -1.006739666354427021e+00
-2.500000000000000052e-03 9.900547395544601059e-02 -9.989792324322822603e-01
-2.490000000000000026e-03 9.665468043268754528e-02 -9.922310290217215556e-01
-2.480000000000000000e-03 9.396805926382076346e-02 -9.817713137353525354e-01
-2.470000000000000407e-03 9.430388690992910772e-02 -9.568029611162781611e-01
-2.460000000000000381e-03 8.893064457219554408e-02 -9.345338898614280465e-01
-2.450000000000000355e-03 8.590819575722041801e-02 -9.088907169012976350e-01
-2.440000000000000328e-03 8.389322988057032471e-02 -8.815604930885270196e-01
-2.430000000000000302e-03 8.087078106559517088e-02 -8.464698353536116437e-01
-2.420000000000000276e-03 7.449005578953654672e-02 -8.100295369365840825e-01
-2.410000000000000250e-03 7.012429639012801585e-02 -7.702151368142763355e-01
-2.400000000000000223e-03 6.878098580569463882e-02 -7.263518146456321434e-01
-2.390000000000000197e-03 6.676601992904454552e-02 -6.838381331591000256e-01
-2.380000000000000171e-03 6.038529465298592136e-02 -6.325517872388392027e-01
-2.370000000000000145e-03 5.568370760746904624e-02 -5.805906209775221205e-01
-2.360000000000000119e-03 4.728801645476032878e-02 -5.276172242046210936e-01
-2.350000000000000092e-03 4.258642940924345366e-02 -4.726193664085518442e-01
-2.340000000000000066e-03 3.922815294815996945e-02 -4.189711492945947802e-01
-2.330000000000000040e-03 2.915332356490951335e-02 -3.585747287700769004e-01
-2.320000000000000014e-03 2.713835768825942352e-02 -2.995279489276713170e-01
-2.309999999999999987e-03 2.411590887328428703e-02 -2.374444775505133443e-01
-2.300000000000000395e-03 1.303359655170878602e-02 -1.746861858322993344e-01
-2.290000000000000369e-03 9.003664798408602885e-03 -1.153019958193656630e-01
-2.280000000000000342e-03 1.951284230133285436e-03 -5.153147358956755575e-02
-2.270000000000000316e-03 -2.078647523166896396e-03 1.156422829917448138e-02
-2.260000000000000290e-03 -9.131028091442214278e-03 7.600957087002864487e-02
-2.250000000000000264e-03 -1.987751276690936583e-02 1.404549134408828170e-01
-2.240000000000000237e-03 -1.920585747469267038e-02 2.022009746475127157e-01
-2.230000000000000211e-03 -2.692989333518468545e-02 2.656340867067827904e-01
-2.220000000000000185e-03 -3.398227390346000160e-02 3.273801479134127446e-01
-2.210000000000000159e-03 -3.868386094897688365e-02 3.860895175852903094e-01
-2.200000000000000133e-03 -4.674372445557724298e-02 4.447988872571679853e-01
-2.190000000000000106e-03 -5.110948385498577384e-02 5.031708467585175315e-01
-2.180000000000000080e-03 -5.547524325439430470e-02 5.564816537019466880e-01
-2.170000000000000054e-03 -6.387093440710300829e-02 6.097924606453757335e-01
-2.160000000000000028e-03 -6.722921086818650638e-02 6.593917557129965745e-01
-2.150000000000000001e-03 -7.125914262148669298e-02 7.086536406100892860e-01
-2.139999999999999975e-03 -7.562490202089522384e-02 7.491428610734530702e-01
-2.130000000000000383e-03 -8.200562729695384800e-02 7.940184137536814291e-01
-2.120000000000000356e-03 -8.805052492690410015e-02 8.253975596127883785e-01
-2.110000000000000330e-03 -8.838635257301244441e-02 8.638623190529840512e-01
-2.100000000000000304e-03 -9.241628432631263101e-02 8.972659259352593342e-01
-2.090000000000000278e-03 -9.577456078739612910e-02 9.225716887248617271e-01
-2.080000000000000251e-03 -9.409542255685438006e-02 9.482148616849921385e-01
-2.070000000000000225e-03 -9.644621607961281762e-02 9.667724210640339377e-01
-2.060000000000000199e-03 -9.980449254069631571e-02 9.833055194199075144e-01
-2.050000000000000173e-03 -1.014836307712380370e-01 9.954522855589167385e-01
-2.040000000000000147e-03 -1.011478031251296927e-01 1.007599051697925630e+00
-2.030000000000000120e-03 -1.014836307712380370e-01 1.015359485620070501e+00
-2.020000000000000094e-03 -1.028269413556714418e-01 1.013335024596902390e+00
-2.010000000000000068e-03 -9.980449254069631571e-02 1.011647973744262075e+00
-2.000000000000000042e-03 -1.018194584173464090e-01 1.002200488969477332e+00
-1.990000000000000015e-03 -9.913283724847959943e-02 9.937652347062765346e-01
-1.979999999999999989e-03 -9.980449254069631571e-02 9.849925702725477183e-01
-1.969999999999999963e-03 -9.611038843350447336e-02 9.600242176534733440e-01
-1.960000000000000370e-03 -9.476707784907106857e-02 9.397796074217913409e-01
-1.950000000000000127e-03 -9.073714609577090973e-02 9.110997429269086512e-01
-1.940000000000000101e-03 -8.603555905025400685e-02 8.864688004783622954e-01
-1.930000000000000075e-03 -8.301311023527888078e-02 8.503659122318627528e-01
-1.920000000000000265e-03 -7.965483377419541045e-02 8.172997155201155994e-01
-1.910000000000000239e-03 -8.032648906641209896e-02 7.741112136925275555e-01
-1.900000000000000213e-03 -7.226662555981172575e-02 7.329471728881075121e-01
-1.890000000000000187e-03 -6.319927911488631977e-02 6.857097490141830232e-01
-1.880000000000000161e-03 -6.622172792986144585e-02 6.401593759928986271e-01
-1.870000000000000134e-03 -6.051265794601953102e-02 5.892104402431658228e-01
-1.860000000000000108e-03 -5.043782856276907839e-02 5.362370434702646849e-01
-1.850000000000000082e-03 -4.472875857892715662e-02 4.788773144804991944e-01
-1.840000000000000056e-03 -3.901968859508522791e-02 4.221924058317897410e-01
-1.830000000000000246e-03 -3.398227390346000160e-02 3.651700870125523801e-01
-1.820000000000000220e-03 -2.625823804296798653e-02 3.017369749532822221e-01
-1.810000000000000194e-03 -1.853420218247597145e-02 2.430276052814046295e-01
-1.800000000000000168e-03 -1.416844278306744233e-02 1.785822627105504712e-01
-1.790000000000000141e-03 -1.081016632198395638e-02 1.185232523565607210e-01
-1.780000000000000115e-03 -2.078647523166896396e-03 5.137862842148228915e-02
-1.770000000000000089e-03 2.958767168458330786e-03 -1.036743278514761814e-02
-1.760000000000000063e-03 9.675320090625300073e-03 -7.245090416230555441e-02
-1.750000000000000036e-03 1.471273478225052812e-02 -1.368962467331597266e-01
-1.740000000000000227e-03 1.706352830500896742e-02 -2.020164096450699498e-01
-1.730000000000000201e-03 2.814584062658446670e-02 -2.624128301695877186e-01
-1.720000000000000175e-03 3.486239354875143859e-02 -3.251711218878017284e-01
-1.710000000000000148e-03 3.721318707150987615e-02 -3.855675424123194972e-01
-1.700000000000000122e-03 4.292225705535179792e-02 -4.456265527663092474e-01
-1.690000000000000096e-03 5.366874173081895294e-02 -4.996121800507944410e-01
-1.680000000000000070e-03 5.702701819190243715e-02 -5.515733463121114122e-01
-1.670000000000000043e-03 5.971363936076922591e-02 -6.038719227439564019e-01
-1.660000000000000234e-03 6.508688169850279648e-02 -6.531338076410491134e-01
-1.650000000000000208e-03 6.878098580569463882e-02 -7.007086416855016209e-01
-1.640000000000000182e-03 7.314674520510316968e-02 -7.428849130015057201e-01
-1.630000000000000155e-03 7.851998754283673332e-02 -7.867482351701499121e-01
-1.620000000000000129e-03 8.120660871170351514e-02 -8.262252251219296406e-01
-1.610000000000000103e-03 8.758733398776213930e-02 -8.589540116631487754e-01
-1.600000000000000077e-03 8.691567869554545078e-02 -8.910079778633118730e-01
-1.590000000000000050e-03 9.128143809495398164e-02 -9.183382016760824884e-01
-1.580000000000000024e-03 9.396805926382076346e-02 -9.433065542951568627e-01
-1.570000000000000215e-03 9.934130160155435485e-02 -9.632137543563108473e-01
-1.560000000000000189e-03 9.833381866322929432e-02 -9.851454154406329433e-01
-1.550000000000000162e-03 9.934130160155435485e-02 -9.942554900448897781e-01
-1.540000000000000136e-03 9.699050807879591729e-02 -1.007414486695483058e+00
-1.530000000000000110e-03 9.934130160155435485e-02 -1.012813049423931577e+00
-1.520000000000000084e-03 9.866964630933763858e-02 -1.010113768059707429e+00
-1.510000000000000057e-03 1.006846121859877319e-01 -1.006064846013370984e+00
-1.500000000000000031e-03 9.732633572490426155e-02 -9.969547714091140378e-01
-1.490000000000000222e-03 9.900547395544601059e-02 -9.861576459522169991e-01
-1.480000000000000196e-03 9.430388690992910772e-02 -9.753605204953199603e-01
-1.470000000000000169e-03 9.463971455603747973e-02 -9.574777814573341983e-01
-1.460000000000000143e-03 9.128143809495398164e-02 -9.338590695203720093e-01
-1.450000000000000117e-03 8.725150634165379504e-02 -9.055166151960172272e-01
-1.440000000000000091e-03 8.322157458835360844e-02 -8.788612117243027599e-01
-1.430000000000000064e-03 8.120660871170351514e-02 -8.478194760357237181e-01
-1.420000000000000038e-03 7.549753872786160724e-02 -8.117165877892242865e-01
-1.410000000000000012e-03 7.449005578953654672e-02 -7.735892385195566323e-01
-1.400000000000000203e-03 7.079595168234473213e-02 -7.283762756688003659e-01
-1.390000000000000176e-03 6.743767522126123404e-02 -6.797892111127636916e-01
-1.380000000000000150e-03 5.803450113022748380e-02 -6.362632991146475181e-01
-1.370000000000000124e-03 5.467622466914399959e-02 -5.819402616596343059e-01
-1.360000000000000098e-03 5.165377585416885964e-02 -5.296416852277893161e-01
-1.350000000000000071e-03 4.527305057811024241e-02 -4.743064172611920482e-01
-1.340000000000000045e-03 4.057146353259336036e-02 -4.172840984419545762e-01
-1.330000000000000019e-03 3.217577237988464983e-02 -3.595869592816610671e-01
-1.320000000000000210e-03 2.915332356490951335e-02 -2.985157184160871502e-01
-1.310000000000000183e-03 1.941432182776740498e-02 -2.387941182326254741e-01
-1.300000000000000157e-03 1.437690713614217866e-02 -1.709746739564909912e-01
-1.290000000000000131e-03 9.339492444516952346e-03 -1.136149449667255007e-01
-1.280000000000000105e-03 -3.995092926251540746e-04 -4.916960239587133547e-02
-1.270000000000000078e-03 -5.436923984250381474e-03 1.291386898128660948e-02
-1.260000000000000052e-03 -1.114599396809230585e-02 7.837144206372487210e-02
-1.250000000000000026e-03 -1.819837453636762373e-02 1.414671439524669283e-01
-1.240000000000000000e-03 -2.122082335134276021e-02 2.028757949885687806e-01
-1.230000000000000190e-03 -2.995234215015982193e-02 2.690081884120630873e-01
-1.220000000000000164e-03 -3.566141213400174370e-02 3.263679174018285778e-01
-1.210000000000000138e-03 -4.137048211784367241e-02 3.864269277558183280e-01
-1.200000000000000112e-03 -4.237796505616871212e-02 4.515470906677285789e-01
-1.190000000000000085e-03 -5.178113914720246930e-02 5.004715653942932718e-01
-1.180000000000000059e-03 -5.782603677715274226e-02 5.568190638724747066e-01
-1.170000000000000033e-03 -6.252762382266963126e-02 6.097924606453757335e-01
-1.160000000000000007e-03 -6.958000439094494394e-02 6.600665760540526117e-01
-1.150000000000000197e-03 -7.025165968316163245e-02 7.052795389048088781e-01
-1.140000000000000171e-03 -7.663238495922025661e-02 7.494802712439810888e-01
-1.130000000000000145e-03 -7.965483377419541045e-02 7.919939527305132065e-01
-1.120000000000000119e-03 -8.334893788138722504e-02 8.247227392717323413e-01
-1.110000000000000092e-03 -8.469224846582062982e-02 8.631874987119280140e-01
-1.100000000000000066e-03 -8.939383551133750494e-02 8.925421835478668520e-01
-1.090000000000000040e-03 -9.107297374187925398e-02 9.195349971901094488e-01
-1.080000000000000014e-03 -9.510290549517944059e-02 9.478774515144641200e-01
-1.069999999999999988e-03 -9.812535431015456666e-02 9.660976007229779006e-01
-1.060000000000000178e-03 -9.678204372572116188e-02 9.849925702725477183e-01
-1.050000000000000152e-03 -9.846118195626291092e-02 9.981515669231409982e-01
-1.040000000000000126e-03 -1.004761478329130042e-01 1.008273872038981889e+00
-1.030000000000000100e-03 -1.011478031251296927e-01 1.015696895790598520e+00
-1.020000000000000073e-03 -1.011478031251296927e-01 1.012997614426374149e+00
-1.010000000000000047e-03 -1.008119754790213485e-01 1.010973153403206037e+00
-1.000000000000000021e-03 -9.745369901793787815e-02 1.004224949992645444e+00
-9.899999999999999946e-04 -9.812535431015456666e-02 9.934278245357485160e-01
-9.800000000000001852e-04 -9.778952666404622240e-02 9.829681092493794958e-01
-9.700000000000000505e-04 -9.409542255685438006e-02 9.610364481650573998e-01
-9.600000000000001327e-04 -9.208045668020428676e-02 9.404544277628473781e-01
-9.500000000000001065e-04 -9.342376726463769154e-02 9.110997429269086512e-01
-9.400000000000000803e-04 -8.905800786522916068e-02 8.871436208194183326e-01
-9.300000000000000541e-04 -8.603555905025400685e-02 8.503659122318627528e-01
-9.200000000000000278e-04 -7.965483377419541045e-02 8.139256138148353026e-01
-9.100000000000001100e-04 -7.931900612808703843e-02 7.741112136925275555e-01
-9.000000000000000838e-04 -7.025165968316163245e-02 7.332845830586356417e-01
-8.900000000000000576e-04 -6.487841734542806882e-02 6.884090303784072828e-01
-8.800000000000000313e-04 -6.185596853045292887e-02 6.394845556518425900e-01
-8.700000000000001135e-04 -5.984100265380283556e-02 5.885356199021097856e-01
-8.600000000000000873e-04 -5.346027737774421834e-02 5.311758909123442951e-01
-8.500000000000000611e-04 -4.607206916336054753e-02 4.775276737983871200e-01
-8.400000000000000348e-04 -4.103465447173532121e-02 4.262413278781261861e-01
-8.300000000000001170e-04 -3.263896331902661069e-02 3.631456259893841576e-01
-8.200000000000000908e-04 -2.961651450405147074e-02 3.047736664880345003e-01
-8.100000000000000646e-04 -2.928068685794312301e-02 2.413405544287644811e-01
-8.000000000000000383e-04 -1.517592572139248724e-02 1.809441339042466845e-01
-7.900000000000000121e-04 -1.215347690641735076e-02 1.158239709923364613e-01
-7.800000000000000943e-04 -3.086130461491942180e-03 5.475273012676261375e-02
-7.700000000000000681e-04 2.958767168458330786e-03 -1.205448363778778044e-02
-7.600000000000000418e-04 7.996181860083557968e-03 -7.582500586758587902e-02
-7.500000000000000156e-04 1.471273478225052812e-02 -1.422948094616082459e-01
-7.400000000000000978e-04 2.109346005830915055e-02 -1.989797181103176715e-01
-7.300000000000000716e-04 2.613087474993437687e-02 -2.600509589758914775e-01
-7.200000000000000453e-04 3.486239354875143859e-02 -3.214596100119934130e-01
-7.100000000000000191e-04 3.922815294815996945e-02 -3.808438000249271260e-01
-7.000000000000001013e-04 4.325808470146014911e-02 -4.415776307199729134e-01
-6.900000000000000751e-04 4.695218880865198452e-02 -4.962380783455141442e-01
-6.800000000000000488e-04 5.803450113022748380e-02 -5.498862954594712082e-01
-6.700000000000000226e-04 6.139277759131096801e-02 -6.025222820618443276e-01
-6.600000000000001048e-04 6.676601992904454552e-02 -6.514467567884089094e-01
-6.500000000000000786e-04 6.844515815958629457e-02 -7.013834620265577691e-01
-6.400000000000000524e-04 7.381840049731985820e-02 -7.435597333425617572e-01
-6.300000000000000261e-04 7.885581518894507758e-02 -7.887726961933181347e-01
-6.199999999999999999e-04 8.490071281889535748e-02 -8.262252251219296406e-01
-6.100000000000000821e-04 8.725150634165379504e-02 -8.589540116631487754e-01
-6.000000000000000559e-04 8.960229986441223260e-02 -8.916827982043679102e-01
-5.900000000000000296e-04 8.960229986441223260e-02 -9.213748932108347667e-01
-5.800000000000000034e-04 9.631885278657920102e-02 -9.466806560004372706e-01
-5.700000000000000856e-04 9.228892103327901442e-02 -9.628763441857827177e-01
-5.600000000000000594e-04 9.564719749436251250e-02 -9.817713137353525354e-01
-5.500000000000000331e-04 9.531136984825416825e-02 -9.983044120912261121e-01
-5.400000000000000069e-04 9.766216337101260581e-02 -1.003365564649146835e+00
-5.300000000000000891e-04 9.732633572490426155e-02 -1.010451178230235447e+00
-5.200000000000000629e-04 1.040428886470712300e-01 -1.011463408741819503e+00
-5.100000000000000366e-04 9.967712924766269911e-02 -1.007077076524955039e+00
-5.000000000000000104e-04 9.598302514047085676e-02 -9.993166426028102789e-01
-4.900000000000000926e-04 9.598302514047085676e-02 -9.918936188511935370e-01
-4.800000000000000664e-04 9.195309338717067016e-02 -9.777223916890162014e-01
-4.700000000000000401e-04 9.497554220214582399e-02 -9.571403712868061797e-01
-4.600000000000000139e-04 9.161726574106232590e-02 -9.368957610551242876e-01
-4.500000000000000419e-04 8.859481692608719983e-02 -9.075410762191854497e-01
-4.400000000000000157e-04 8.624402340332876227e-02 -8.825727236001110754e-01
-4.300000000000000436e-04 8.087078106559517088e-02 -8.498439370588919406e-01
-4.200000000000000174e-04 7.717667695840335629e-02 -8.150906894945045833e-01
-4.100000000000000454e-04 7.281091755899482543e-02 -7.719021876669165394e-01
-4.000000000000000192e-04 6.710184757515288978e-02 -7.273640451572161991e-01
-3.900000000000000471e-04 6.508688169850279648e-02 -6.804640314538197288e-01
-3.800000000000000209e-04 6.038529465298592136e-02 -6.352510686030633513e-01
-3.700000000000000489e-04 5.568370760746904624e-02 -5.846395430238585655e-01
-3.600000000000000227e-04 4.896715468530207088e-02 -5.309913259099013905e-01
-3.500000000000000507e-04 4.426556763978519576e-02 -4.753186477727761039e-01
-3.400000000000000244e-04 3.956398059426831371e-02 -4.176215086124825948e-01
-3.300000000000000524e-04 3.553404884096813404e-02 -3.572250880879648260e-01
-3.200000000000000262e-04 2.512339181160933022e-02 -2.971660777339750759e-01
-3.099999999999999999e-04 2.042180476609245163e-02 -2.414933995968497338e-01
-3.000000000000000279e-04 1.303359655170878602e-02 -1.756984163438834456e-01
-2.900000000000000017e-04 5.309560691216770080e-03 -1.112530737730292735e-01
-2.800000000000000297e-04 6.079736456998913836e-04 -4.849478205481527054e-02
-2.700000000000000035e-04 -6.444406922575427257e-03 1.730020119815103147e-02
-2.600000000000000314e-04 -1.081016632198395638e-02 7.465993018791651503e-02
-2.500000000000000052e-04 -1.786254689025927600e-02 1.431541948051070767e-01
-2.400000000000000332e-04 -2.289996158188450232e-02 2.015261543064566507e-01
-2.300000000000000070e-04 -3.163148038070156404e-02 2.659714968773108090e-01
-2.200000000000000078e-04 -3.465392919567669705e-02 3.283923784249968003e-01
-2.100000000000000087e-04 -4.707955210168559418e-02 3.931751311663790327e-01
-2.000000000000000096e-04 -4.506458622503550088e-02 4.468233482803360967e-01
-1.900000000000000105e-04 -4.741537974779394538e-02 5.035082569290455501e-01
-1.800000000000000113e-04 -5.379610502385256260e-02 5.601931655777550034e-01
-1.700000000000000122e-04 -6.286345146877797552e-02 6.081054097927356406e-01
-1.600000000000000131e-04 -6.521424499153641308e-02 6.566924743487723148e-01
-1.500000000000000140e-04 -7.360993614424513054e-02 7.032550778816407666e-01
-1.400000000000000148e-04 -7.394576379035347480e-02 7.491428610734530702e-01
-1.300000000000000157e-04 -7.999066142030375470e-02 7.903069018778730026e-01
-1.200000000000000166e-04 -8.603555905025400685e-02 8.294464816591248235e-01
-1.100000000000000039e-04 -8.536390375803731834e-02 8.638623190529840512e-01
-1.000000000000000048e-04 -9.375959491074603580e-02 8.962536954236751674e-01
-9.000000000000000567e-05 -9.140880138798759824e-02 9.229090988953897456e-01
-8.000000000000000654e-05 -9.342376726463769154e-02 9.468652210028800642e-01
-7.000000000000000742e-05 -9.745369901793787815e-02 9.694717024282581974e-01
-6.000000000000000830e-05 -1.004761478329130042e-01 9.843177499314915702e-01
-5.000000000000000240e-05 -9.879700960237125518e-02 9.991637974347250539e-01
-4.000000000000000327e-05 -1.018194584173464090e-01 1.003550129651589407e+00
-3.000000000000000415e-05 -9.946866489458794369e-02 1.014009844937958427e+00
-2.000000000000000164e-05 -1.008119754790213485e-01 1.014684665279014464e+00
-1.000000000000000082e-05 -9.913283724847959943e-02 1.010973153403206037e+00
0.000000000000000000e+00 -9.980449254069631571e-02 1.009623512721093963e+00
1.000000000000000082e-05 -9.946866489458794369e-02 9.961271058999727757e-01
2.000000000000000164e-05 -9.711787137182950613e-02 9.768947261798749393e-01
3.000000000000000415e-05 -9.375959491074603580e-02 9.640731396998096780e-01
4.000000000000000327e-05 -9.174462903409594250e-02 9.434911192975997674e-01
5.000000000000000240e-05 -9.174462903409594250e-02 9.175105361669412263e-01
6.000000000000000830e-05 -8.872218021912081642e-02 8.891680818425865551e-01
7.000000000000000742e-05 -8.368476552749556929e-02 8.523903732550309753e-01
8.000000000000000654e-05 -7.965483377419541045e-02 8.162874850085315437e-01
9.000000000000000567e-05 -7.596072966700356810e-02 7.801845967620321121e-01
1.000000000000000048e-04 -7.025165968316163245e-02 7.326097627175794935e-01
1.100000000000000039e-04 -6.689338322207816212e-02 6.894212608899914496e-01
1.200000000000000166e-04 -6.387093440710300829e-02 6.388097353107865528e-01
1.300000000000000157e-04 -5.749020913104439801e-02 5.881982097315816560e-01
1.400000000000000148e-04 -5.144531150109412504e-02 5.338751722765685548e-01
1.500000000000000140e-04 -3.901968859508522791e-02 4.802269551626113797e-01
1.600000000000000131e-04 -4.271379270227706332e-02 4.235420465139019264e-01
1.700000000000000122e-04 -3.465392919567669705e-02 3.638204463304401948e-01
1.800000000000000113e-04 -2.760154862740138090e-02 3.044362563175064818e-01
1.900000000000000105e-04 -2.189247864355945566e-02 2.420153747698205460e-01
2.000000000000000096e-04 -1.819837453636762373e-02 1.772326220284383413e-01
2.100000000000000087e-04 -1.047433867587560866e-02 1.158239709923364613e-01
2.200000000000000078e-04 -2.078647523166896396e-03 5.171603859201032161e-02
2.300000000000000070e-04 9.438012918082398697e-04 -1.205448363778778044e-02
2.400000000000000332e-04 9.675320090625300073e-03 -7.683723637916997640e-02
2.500000000000000052e-04 1.605604536668392077e-02 -1.372336569036877729e-01
2.600000000000000314e-04 2.075763241220079935e-02 -2.003293587924298014e-01
2.700000000000000035e-04 2.713835768825942352e-02 -2.624128301695877186e-01
2.800000000000000297e-04 3.251160002599299409e-02 -3.187603286477691533e-01
2.900000000000000017e-04 3.822067000983492280e-02 -3.832056712186232561e-01
3.000000000000000279e-04 4.292225705535179792e-02 -4.402279900378607280e-01
3.099999999999999999e-04 5.198960350027721083e-02 -4.969128986865701814e-01
3.200000000000000262e-04 5.333291408471060174e-02 -5.522481666531674493e-01
3.300000000000000524e-04 5.971363936076922591e-02 -6.035345125734283833e-01
3.400000000000000244e-04 6.374357111406941945e-02 -6.524589872999930762e-01
3.500000000000000507e-04 7.213926226677810916e-02 -6.990215908328615280e-01
3.600000000000000227e-04 7.516171108175326299e-02 -7.459216045362579983e-01
3.700000000000000489e-04 7.919164283505344959e-02 -7.864108249996218936e-01
3.800000000000000209e-04 8.053495341948682662e-02 -8.292619166566820299e-01
3.900000000000000471e-04 8.355740223446198045e-02 -8.596288320042049236e-01
4.000000000000000192e-04 8.792316163387051131e-02 -8.913453880338398916e-01
4.100000000000000454e-04 8.893064457219554408e-02 -9.203626626992507109e-01
4.200000000000000174e-04 9.396805926382076346e-02 -9.466806560004372706e-01
4.300000000000000436e-04 9.631885278657920102e-02 -9.652382153794789588e-01
4.400000000000000157e-04 9.732633572490426155e-02 -9.804216730532404611e-01
4.500000000000000419e-04 1.013562674782044482e-01 -9.962799510680580006e-01
4.600000000000000139e-04 9.699050807879591729e-02 -1.003365564649146835e+00
4.700000000000000401e-04 9.967712924766269911e-02 -1.011800818912347522e+00
4.800000000000000664e-04 1.030354057087461694e-01 -1.010451178230235447e+00
4.900000000000000926e-04 9.866964630933763858e-02 -1.008426717207067336e+00
5.000000000000000104e-04 9.497554220214582399e-02 -9.986418222617542417e-01
5.100000000000000366e-04 9.564719749436251250e-02 -9.912187985101374998e-01
5.200000000000000629e-04 9.564719749436251250e-02 -9.770475713479601643e-01
5.300000000000000891e-04 9.060978280273729313e-02 -9.551159102636380682e-01
5.400000000000000069e-04 9.161726574106232590e-02 -9.372331712256523062e-01
5.500000000000000331e-04 9.094561044884563739e-02 -9.119274084360499133e-01
5.600000000000000594e-04 8.657985104943710652e-02 -8.768367507011345374e-01
5.700000000000000856e-04 7.684084931229498427e-02 -8.471446556946676809e-01
5.800000000000000034e-04 8.019912577337848236e-02 -8.093547165955280454e-01
5.900000000000000296e-04 7.079595168234473213e-02 -7.698777266437483169e-01
6.000000000000000559e-04 7.146760697456142064e-02 -7.239899434519359023e-01
6.100000000000000821e-04 6.508688169850279648e-02 -6.814762619654037845e-01
6.199999999999999999e-04 5.501205231525234385e-02 -6.332266075798952398e-01
6.300000000000000261e-04 5.601953525357739050e-02 -5.816028514891062873e-01
6.400000000000000524e-04 4.863132703919372662e-02 -5.330157869330696130e-01
6.500000000000000786e-04 4.460139528589354002e-02 -4.746438274317200667e-01
6.600000000000001048e-04 4.191477411702675820e-02 -4.196459696356508173e-01
6.700000000000000226e-04 3.049663414934290773e-02 -3.582373185995488818e-01
6.800000000000000488e-04 2.680253004215107232e-02 -2.998653590981993355e-01
6.900000000000000751e-04 2.277259828885089266e-02 -2.394689385736815390e-01
7.000000000000001013e-04 1.471273478225052812e-02 -1.746861858322993344e-01
7.100000000000000191e-04 6.988698921758513052e-03 -1.115904839435573059e-01
7.200000000000000453e-04 2.721459995915428975e-04 -4.748255154323117316e-02
7.300000000000000716e-04 -5.101096338142032879e-03 1.493833000445480425e-02
7.400000000000000978e-04 -9.131028091442214278e-03 8.039590308689306686e-02
7.500000000000000156e-04 -2.054916805912606476e-02 1.428167846345790581e-01
7.600000000000000418e-04 -1.987751276690936583e-02 2.059124865233210866e-01
7.700000000000000681e-04 -2.525075510464294334e-02 2.652966765362547719e-01
7.800000000000000943e-04 -3.230313567291825949e-02 3.256930970607725406e-01
7.900000000000000121e-04 -4.170630976395201667e-02 3.854146972442342722e-01
8.000000000000000383e-04 -4.674372445557724298e-02 4.420996058929437256e-01
8.100000000000000646e-04 -5.480358796217760925e-02 4.964226433479569378e-01
8.200000000000000908e-04 -6.353510676099466403e-02 5.547946028493064841e-01
8.300000000000001170e-04 -6.219179617656127312e-02 6.013572063821749358e-01
8.400000000000000348e-04 -6.689338322207816212e-02 6.577047048603563706e-01
8.500000000000000611e-04 -7.260245320592007001e-02 7.049421287342808595e-01
8.600000000000000873e-04 -7.428159143646181906e-02 7.474558102208129773e-01
8.700000000000001135e-04 -8.133397200473713173e-02 7.879450306841768725e-01
8.800000000000000313e-04 -8.301311023527888078e-02 8.304587121707088793e-01
8.900000000000000576e-04 -8.637138669636237887e-02 8.635249088824560326e-01
9.000000000000000838e-04 -8.972966315744584920e-02 8.965911055942031860e-01
9.100000000000001100e-04 -9.476707784907106857e-02 9.205472277016935045e-01
9.200000000000000278e-04 -9.611038843350447336e-02 9.485522718555201571e-01
9.300000000000000541e-04 -9.476707784907106857e-02 9.701465227693142346e-01
9.400000000000000803e-04 -9.812535431015456666e-02 9.822932889083234587e-01
9.500000000000001065e-04 -9.778952666404622240e-02 9.974767465820848500e-01
9.600000000000001327e-04 -1.021552860634547533e-01 1.006586821186341574e+00
9.700000000000000505e-04 -9.980449254069631571e-02 1.013335024596902390e+00
9.800000000000001852e-04 -1.024911137095630975e-01 1.016034305961126538e+00
9.899999999999999946e-04 -9.946866489458794369e-02 1.012322794085318112e+00
1.000000000000000021e-03 -1.021552860634547533e-01 1.005912000845285537e+00
1.010000000000000047e-03 -1.001403201868046600e-01 9.964645160705007942e-01
1.020000000000000073e-03 -9.678204372572116188e-02 9.789191872030430508e-01
1.030000000000000100e-03 -9.409542255685438006e-02 9.596868074829452144e-01
1.040000000000000126e-03 -9.308793961852934729e-02 9.424788887860156006e-01
1.050000000000000152e-03 -9.140880138798759824e-02 9.137990242911329108e-01
1.060000000000000178e-03 -8.838635257301244441e-02 8.861313903078342769e-01
1.069999999999999988e-03 -8.368476552749556929e-02 8.513781427434469196e-01
1.080000000000000014e-03 -7.696821260532860087e-02 8.149378443264193583e-01
1.090000000000000040e-03 -7.562490202089522384e-02 7.768104950567518152e-01
1.100000000000000066e-03 -7.327410849813678628e-02 7.359838644228599014e-01
1.110000000000000092e-03 -6.958000439094494394e-02 6.867219795257671899e-01
1.120000000000000119e-03 -6.219179617656127312e-02 6.347608132644501078e-01
1.130000000000000145e-03 -5.446776031606925805e-02 5.885356199021097856e-01
1.140000000000000171e-03 -5.178113914720246930e-02 5.375866841523768702e-01
1.150000000000000197e-03 -4.204213741006036786e-02 4.792147246510272129e-01
1.160000000000000007e-03 -4.002717153341027456e-02 4.245542770254859821e-01
1.170000000000000033e-03 -3.498975684178504825e-02 3.661823175241364359e-01
1.180000000000000059e-03 -2.827320391961807983e-02 3.047736664880345003e-01
1.190000000000000085e-03 -2.189247864355945566e-02 2.457268866456288892e-01
1.200000000000000112e-03 -1.584758101360918270e-02 1.833060050979429256e-01
1.210000000000000138e-03 -1.081016632198395638e-02 1.195354828681448184e-01
1.220000000000000164e-03 -6.108579276467078663e-03 5.542755046781867867e-02
1.230000000000000190e-03 2.622939522349982192e-03 -6.655920909339262809e-03
1.240000000000000000e-03 9.675320090625300073e-03 -7.312572450336161933e-02
1.250000000000000026e-03 1.538439007446722531e-02 -1.355466060510475967e-01
1.260000000000000052e-03 2.109346005830915055e-02 -1.989797181103176715e-01
1.270000000000000078e-03 2.948915121101786108e-02 -2.640998810222279225e-01
1.280000000000000105e-03 3.687735942540152495e-02 -3.221344303530494502e-01
1.290000000000000131e-03 4.023563588648501610e-02 -3.828682610480952375e-01
1.300000000000000157e-03 4.493722293200189122e-02 -4.395531696968046909e-01
1.310000000000000183e-03 5.064629291584381299e-02 -4.996121800507944410e-01
1.320000000000000210e-03 5.232543114638555509e-02 -5.542726276763356719e-01
1.330000000000000019e-03 6.105694994520261681e-02 -6.025222820618443276e-01
1.340000000000000045e-03 6.441522640628610796e-02 -6.575201398579135770e-01
1.350000000000000071e-03 7.247508991288648117e-02 -7.010460518560297505e-01
1.360000000000000098e-03 7.516171108175326299e-02 -7.442345536836177944e-01
1.370000000000000124e-03 8.019912577337848236e-02 -7.877604656817339679e-01
1.380000000000000150e-03 8.154243635781188715e-02 -8.258878149514016220e-01
1.390000000000000176e-03 8.490071281889535748e-02 -8.599662421747329422e-01
1.400000000000000203e-03 8.557236811111204600e-02 -8.953943100801763366e-01
1.410000000000000012e-03 8.624402340332876227e-02 -9.169885609939704141e-01
1.420000000000000038e-03 9.463971455603747973e-02 -9.419569136130447884e-01
1.430000000000000064e-03 9.766216337101260581e-02 -9.642259848678949030e-01
1.440000000000000091e-03 9.564719749436251250e-02 -9.794094425416562943e-01
1.450000000000000117e-03 9.665468043268754528e-02 -9.929058493627775928e-01
1.460000000000000143e-03 9.732633572490426155e-02 -1.004377795160730891e+00
1.470000000000000169e-03 9.732633572490426155e-02 -1.012475639253403559e+00
1.480000000000000196e-03 9.866964630933763858e-02 -1.012475639253403559e+00
1.490000000000000222e-03 9.833381866322929432e-02 -1.012138229082875540e+00
1.500000000000000031e-03 9.631885278657920102e-02 -1.002690744308090798e+00
1.510000000000000057e-03 9.799799101712095006e-02 -9.902065679985533331e-01
1.520000000000000084e-03 9.430388690992910772e-02 -9.797468527121844240e-01
1.530000000000000110e-03 9.262474867938738643e-02 -9.544410899225819200e-01
1.540000000000000136e-03 9.094561044884563739e-02 -9.375705813961803248e-01
1.550000000000000162e-03 8.893064457219554408e-02 -9.065288457076013939e-01
1.560000000000000189e-03 8.624402340332876227e-02 -8.785238015537747414e-01
1.570000000000000215e-03 8.087078106559517088e-02 -8.444453743304434212e-01
1.580000000000000024e-03 7.784833225062004480e-02 -8.096921267660560639e-01
1.590000000000000050e-03 7.516171108175326299e-02 -7.712273673258603912e-01
1.600000000000000077e-03 6.978846874401967160e-02 -7.283762756688003659e-01
1.610000000000000103e-03 6.575853699071948499e-02 -6.848503636706841924e-01
1.620000000000000129e-03 6.038529465298592136e-02 -6.369381194557035553e-01
1.630000000000000155e-03 5.501205231525234385e-02 -5.880136447291388624e-01
1.640000000000000182e-03 4.963880997751877328e-02 -5.347028377857098169e-01
1.650000000000000208e-03 4.426556763978519576e-02 -4.780179291370003636e-01
1.660000000000000234e-03 3.922815294815996945e-02 -4.189711492945947802e-01
1.670000000000000043e-03 3.016080650323455653e-02 -3.619488304753573082e-01
1.680000000000000070e-03 2.680253004215107232e-02 -3.029020506329516138e-01
1.690000000000000096e-03 2.142928770441749828e-02 -2.371070673799853257e-01
1.700000000000000122e-03 1.236194125949208883e-02 -1.740113654912432695e-01
1.710000000000000148e-03 4.302077752891724297e-03 -1.142897653077815656e-01
1.720000000000000175e-03 2.622939522349982192e-03 -4.748255154323117316e-02
1.730000000000000201e-03 -4.429441045925335690e-03 1.257645881075857702e-02
1.740000000000000227e-03 -1.013851102976726093e-02 7.702180138161274225e-02
1.750000000000000036e-03 -1.551175336750083497e-02 1.441664253166911602e-01
1.760000000000000063e-03 -2.357161687410120124e-02 1.974772322601202890e-01
1.770000000000000089e-03 -2.961651450405147074e-02 2.656340867067827904e-01
1.780000000000000115e-03 -3.331061861124330614e-02 3.250182767197165035e-01
1.790000000000000141e-03 -4.170630976395201667e-02 3.830528260505380311e-01
1.800000000000000168e-03 -4.573624151725219633e-02 4.427744262339997627e-01
1.810000000000000194e-03 -5.110948385498577384e-02 5.008089755648212904e-01
1.820000000000000220e-03 -5.916934736158614011e-02 5.544571926787784655e-01
1.830000000000000246e-03 -6.790086616040319489e-02 6.040564877463991955e-01
1.840000000000000056e-03 -7.125914262148669298e-02 6.597291658835245931e-01
1.850000000000000082e-03 -7.428159143646181906e-02 7.039298982226968038e-01
1.860000000000000108e-03 -7.797569554365366140e-02 7.484680407323970330e-01
1.870000000000000134e-03 -8.133397200473713173e-02 7.913191323894571694e-01
1.880000000000000161e-03 -8.603555905025400685e-02 8.284342511475406567e-01
1.890000000000000187e-03 -8.737886963468741164e-02 8.655493699056242551e-01
1.900000000000000213e-03 -9.241628432631263101e-02 8.959162852531471488e-01
1.910000000000000239e-03 -9.375959491074603580e-02 9.222342785543337085e-01
1.920000000000000265e-03 -9.174462903409594250e-02 9.485522718555201571e-01
1.930000000000000075e-03 -9.577456078739612910e-02 9.681220617461461231e-01
1.940000000000000101e-03 -9.745369901793787815e-02 9.860048007841317741e-01
1.950000000000000127e-03 -9.980449254069631571e-02 1.001188258457893054e+00
1.960000000000000370e-03 -1.018194584173464090e-01 1.007936461868453870e+00
1.969999999999999963e-03 -9.980449254069631571e-02 1.013672434767430408e+00
1.979999999999999989e-03 -1.014836307712380370e-01 1.018733587325350909e+00
1.990000000000000015e-03 -9.980449254069631571e-02 1.011310563573734056e+00
2.000000000000000042e-03 -1.011478031251296927e-01 1.008273872038981889e+00
2.010000000000000068e-03 -9.611038843350447336e-02 9.995012076052530725e-01
2.020000000000000094e-03 -9.476707784907106857e-02 9.816184685672673105e-01
2.030000000000000120e-03 -9.241628432631263101e-02 9.620486786766414555e-01
2.040000000000000147e-03 -9.443125020296272432e-02 9.428162989565436192e-01
2.050000000000000173e-03 -9.140880138798759824e-02 9.137990242911329108e-01
2.060000000000000199e-03 -8.502807611192897408e-02 8.857939801373061472e-01
2.070000000000000225e-03 -8.569973140414566259e-02 8.493536817202786970e-01
2.080000000000000251e-03 -7.797569554365366140e-02 8.119011527916670801e-01
2.090000000000000278e-03 -7.461741908257016331e-02 7.778227255683358710e-01
2.100000000000000304e-03 -7.125914262148669298e-02 7.356464542523317718e-01
2.110000000000000330e-03 -6.756503851429485064e-02 6.904334914015755054e-01
2.120000000000000356e-03 -6.118431323823623341e-02 6.438708878687070536e-01
2.130000000000000383e-03 -5.749020913104439801e-02 5.838118775147173034e-01
2.139999999999999975e-03 -5.144531150109412504e-02 5.335377621060404252e-01
2.150000000000000001e-03 -4.875869033222733628e-02 4.812391856741954355e-01
2.160000000000000028e-03 -4.204213741006036786e-02 4.242168668549579635e-01
2.170000000000000054e-03 -3.498975684178504825e-02 3.658449073536084173e-01
2.180000000000000080e-03 -2.625823804296798653e-02 3.034240258059224260e-01
2.190000000000000106e-03 -2.390744452020954897e-02 2.426901951108766109e-01
2.200000000000000133e-03 -1.719089159804257708e-02 1.806067237337186659e-01
2.210000000000000159e-03 -1.248930455252570022e-02 1.164987913333925262e-01
2.220000000000000185e-03 -3.086130461491942180e-03 5.407790978570654883e-02
2.230000000000000211e-03 2.287111876241633597e-03 -1.036743278514761814e-02
2.240000000000000237e-03 9.003664798408602885e-03 -7.346313467388965179e-02
2.250000000000000264e-03 1.504856242835887585e-02 -1.352091958805195782e-01
2.260000000000000290e-03 2.142928770441749828e-02 -2.010041791334858663e-01
2.270000000000000316e-03 2.915332356490951335e-02 -2.627502403401157371e-01
2.280000000000000342e-03 3.519822119485978285e-02 -3.255085320583297470e-01
2.290000000000000369e-03 3.788484236372657160e-02 -3.845553119007354415e-01
2.300000000000000395e-03 4.594470587032693787e-02 -4.405654002083887466e-01
2.309999999999999987e-03 4.930298233141042208e-02 -4.979251291981542371e-01
2.320000000000000014e-03 5.568370760746904624e-02 -5.562970886995038944e-01
2.330000000000000040e-03 6.072112229909427256e-02 -6.011726413797321422e-01
2.340000000000000066e-03 6.575853699071948499e-02 -6.507719364473528723e-01
2.350000000000000092e-03 7.012429639012801585e-02 -6.969971298096933054e-01
2.360000000000000119e-03 7.146760697456142064e-02 -7.445719638541459240e-01
2.370000000000000145e-03 7.784833225062004480e-02 -7.877604656817339679e-01
2.380000000000000171e-03 8.154243635781188715e-02 -8.282496861450978631e-01
2.390000000000000197e-03 8.523654046500370174e-02 -8.586166014926207568e-01
2.400000000000000223e-03 8.893064457219554408e-02 -8.899957473517278173e-01
2.410000000000000250e-03 8.758733398776213930e-02 -9.186756118466105070e-01
2.420000000000000276e-03 9.396805926382076346e-02 -9.385828119077644915e-01
2.430000000000000302e-03 9.766216337101260581e-02 -9.642259848678949030e-01
2.440000000000000328e-03 9.631885278657920102e-02 -9.807590832237684797e-01
2.450000000000000355e-03 9.732633572490426155e-02 -9.952677205564738339e-01
2.460000000000000381e-03 9.833381866322929432e-02 -1.002690744308090798e+00
2.470000000000000407e-03 9.799799101712095006e-02 -1.006739666354427021e+00
2.480000000000000000e-03 9.934130160155435485e-02 -1.011125998571291484e+00
2.490000000000000026e-03 1.010204398320960761e-01 -1.011463408741819503e+00
2.500000000000000052e-03 1.016920951243127924e-01 -1.001003693455450483e+00
2.510000000000000078e-03 9.934130160155435485e-02 -9.932432595333057224e-01
2.520000000000000104e-03 9.497554220214582399e-02 -9.804216730532404611e-01
2.530000000000000131e-03 9.329640397160407495e-02 -9.581526017983903465e-01
2.540000000000000157e-03 8.657985104943710652e-02 -9.395950424193485473e-01
2.550000000000000183e-03 8.523654046500370174e-02 -9.058540253665453568e-01
2.560000000000000209e-03 8.523654046500370174e-02 -8.785238015537747414e-01
2.570000000000000236e-03 7.818415989672838906e-02 -8.518683980820601631e-01
2.580000000000000262e-03 7.986329812727013810e-02 -8.093547165955280454e-01
2.590000000000000288e-03 7.348257285121151394e-02 -7.708899571553323726e-01
2.600000000000000314e-03 7.146760697456142064e-02 -7.256769943045761062e-01
2.610000000000000341e-03 6.441522640628610796e-02 -6.831633128180439885e-01
2.620000000000000367e-03 6.139277759131096801e-02 -6.345762482620073142e-01
2.630000000000000393e-03 5.601953525357739050e-02 -5.792409802954100462e-01
2.640000000000000419e-03 5.064629291584381299e-02 -5.323409665920135758e-01
2.650000000000000012e-03 4.325808470146014911e-02 -4.786927494780564007e-01
2.660000000000000038e-03 3.889232530205161825e-02 -4.230200713409311142e-01
2.670000000000000064e-03 3.385491061042639194e-02 -3.616114203048292897e-01
2.680000000000000090e-03 2.881749591880116562e-02 -3.002027692687273541e-01
2.690000000000000117e-03 1.941432182776740498e-02 -2.411559894263217152e-01
2.700000000000000143e-03 1.639187301279226849e-02 -1.767106468554675291e-01
2.710000000000000169e-03 6.317043629541815863e-03 -1.119278941140853384e-01
2.720000000000000195e-03 2.287111876241633597e-03 -5.186888376009558821e-02
2.730000000000000222e-03 -3.086130461491942180e-03 1.257645881075857702e-02
2.740000000000000248e-03 -1.181764926030900303e-02 7.600957087002864487e-02
2.750000000000000274e-03 -1.517592572139248724e-02 1.404549134408828170e-01
2.760000000000000300e-03 -2.256413393577615459e-02 1.991642831127604374e-01
2.770000000000000327e-03 -2.961651450405147074e-02 2.605729341488622897e-01
2.780000000000000353e-03 -3.566141213400174370e-02 3.273801479134127446e-01
2.790000000000000379e-03 -4.170630976395201667e-02 3.817031853684259568e-01
2.800000000000000405e-03 -4.506458622503550088e-02 4.441240669161118371e-01
2.810000000000000431e-03 -5.110948385498577384e-02 4.970974636890129750e-01
2.820000000000000024e-03 -5.379610502385256260e-02 5.551320130198345026e-01
2.830000000000000050e-03 -6.655755557596981786e-02 6.054061284285113809e-01
2.840000000000000076e-03 -6.722921086818650638e-02 6.566924743487723148e-01
2.850000000000000103e-03 -6.857252145261988341e-02 7.049421287342808595e-01
2.860000000000000129e-03 -7.360993614424513054e-02 7.484680407323970330e-01
2.870000000000000155e-03 -8.133397200473713173e-02 7.933435934126253919e-01
2.880000000000000181e-03 -8.402059317360391355e-02 8.301213020001808607e-01
2.890000000000000208e-03 -8.502807611192897408e-02 8.658867800761522737e-01
2.900000000000000234e-03 -9.510290549517944059e-02 8.976033361057873527e-01
2.910000000000000260e-03 -9.308793961852934729e-02 9.239213294069738014e-01
2.920000000000000286e-03 -9.678204372572116188e-02 9.502393227081603611e-01
2.930000000000000313e-03 -1.021552860634547533e-01 9.664350108935059191e-01
2.940000000000000339e-03 -9.946866489458794369e-02 9.900537228304682191e-01
2.950000000000000365e-03 -9.812535431015456666e-02 1.000850848287365036e+00
2.960000000000000391e-03 -1.004761478329130042e-01 1.004899770333701481e+00
2.970000000000000417e-03 -1.018194584173464090e-01 1.017383946643238612e+00
2.980000000000000444e-03 -1.021552860634547533e-01 1.014347255108486445e+00
2.990000000000000036e-03 -9.913283724847959943e-02 1.017721356813766631e+00
3.000000000000000062e-03 -1.008119754790213485e-01 1.006586821186341574e+00
3.010000000000000089e-03 -1.008119754790213485e-01 9.947774652178605903e-01
3.020000000000000115e-03 -9.577456078739612910e-02 9.836429295904355330e-01
3.030000000000000141e-03 -9.476707784907106857e-02 9.644105498703376966e-01
3.040000000000000167e-03 -8.939383551133750494e-02 9.434911192975997674e-01
3.050000000000000194e-03 -8.872218021912081642e-02 9.131242039500767627e-01
3.060000000000000220e-03 -8.603555905025400685e-02 8.807328275793857575e-01
3.070000000000000246e-03 -8.099814435862878748e-02 8.517155529139749381e-01
3.080000000000000272e-03 -8.301311023527888078e-02 8.156126646674755065e-01
3.090000000000000299e-03 -7.730404025143694513e-02 7.771479052272798338e-01
3.100000000000000325e-03 -6.924417674483659968e-02 7.346342237407477160e-01
3.110000000000000351e-03 -6.622172792986144585e-02 6.911083117426315425e-01
3.120000000000000377e-03 -6.118431323823623341e-02 6.367852742876183303e-01
3.130000000000000403e-03 -5.010200091666072719e-02 5.919097216073900825e-01
3.140000000000000430e-03 -4.943034562444403174e-02 5.338751722765685548e-01
3.150000000000000456e-03 -4.674372445557724298e-02 4.761780331162749347e-01
3.160000000000000048e-03 -4.002717153341027456e-02 4.259039177075981675e-01
3.170000000000000075e-03 -3.196730802680990829e-02 3.651700870125523801e-01
3.180000000000000101e-03 -2.558658275075129107e-02 3.034240258059224260e-01
3.190000000000000127e-03 -2.289996158188450232e-02 2.467391171572130004e-01
3.200000000000000153e-03 -1.719089159804257708e-02 1.829685949274148793e-01
3.210000000000000180e-03 -1.148182161420065357e-02 1.185232523565607210e-01
3.220000000000000206e-03 -3.086130461491942180e-03 5.643978097940277605e-02
3.230000000000000232e-03 1.279628937916588247e-03 -1.003002261461958568e-02
3.240000000000000258e-03 8.667837152300255157e-03 -7.245090416230555441e-02
3.250000000000000284e-03 1.404107949003383093e-02 -1.355466060510475967e-01
3.260000000000000311e-03 1.975014947387575617e-02 -2.006667689629578477e-01
3.270000000000000337e-03 2.713835768825942352e-02 -2.614005996580036628e-01
3.280000000000000363e-03 3.318325531820969648e-02 -3.207847896709373758e-01
3.290000000000000389e-03 4.124311882481005581e-02 -3.862423627533756454e-01
3.300000000000000416e-03 4.493722293200189122e-02 -4.432646815726130063e-01
3.310000000000000442e-03 5.064629291584381299e-02 -4.955632580044581070e-01
3.320000000000000468e-03 5.434039702303564839e-02 -5.481992446068311153e-01
3.330000000000000061e-03 5.971363936076922591e-02 -6.011726413797321422e-01
3.340000000000000087e-03 6.542270934461114074e-02 -6.544834483231612987e-01
3.350000000000000113e-03 6.878098580569463882e-02 -7.003712315149736023e-01
3.360000000000000139e-03 7.616919402007829576e-02 -7.445719638541459240e-01
3.370000000000000166e-03 7.684084931229498427e-02 -7.840489538059256525e-01
3.380000000000000192e-03 7.952747048116179385e-02 -8.238633539282335105e-01
3.390000000000000218e-03 8.322157458835360844e-02 -8.592914218336769050e-01
3.400000000000000244e-03 8.657985104943710652e-02 -8.866216456464475204e-01
3.410000000000000270e-03 9.060978280273729313e-02 -9.163137406529142659e-01
3.420000000000000297e-03 9.161726574106232590e-02 -9.443187848067410295e-01
3.430000000000000323e-03 9.430388690992910772e-02 -9.645633950384229216e-01
3.440000000000000349e-03 9.598302514047085676e-02 -9.848080052701048137e-01
3.450000000000000375e-03 9.967712924766269911e-02 -9.979670019206980935e-01
3.460000000000000402e-03 9.934130160155435485e-02 -1.007751896866011077e+00
3.470000000000000428e-03 1.006846121859877319e-01 -1.008426717207067336e+00
3.480000000000000454e-03 1.010204398320960761e-01 -1.009776357889179410e+00
3.490000000000000480e-03 9.631885278657920102e-02 -1.010113768059707429e+00
3.500000000000000073e-03 9.699050807879591729e-02 -1.000328873114394446e+00
3.510000000000000099e-03 9.766216337101260581e-02 -9.929058493627775928e-01
3.520000000000000125e-03 9.732633572490426155e-02 -9.783972120300722386e-01
3.530000000000000152e-03 9.463971455603747973e-02 -9.564655509457501426e-01
3.540000000000000178e-03 8.926647221830388834e-02 -9.368957610551242876e-01
3.550000000000000204e-03 8.859481692608719983e-02 -9.085533067307696165e-01
3.560000000000000230e-03 8.624402340332876227e-02 -8.798734422358868157e-01
3.570000000000000256e-03 8.422905752667866897e-02 -8.501813472294199592e-01
3.580000000000000283e-03 7.885581518894507758e-02 -8.086798962544720082e-01
3.590000000000000309e-03 7.583336637396995150e-02 -7.752762893721968362e-01
3.600000000000000335e-03 6.844515815958629457e-02 -7.263518146456321434e-01
3.610000000000000361e-03 6.710184757515288978e-02 -6.848503636706841924e-01
3.620000000000000388e-03 6.105694994520261681e-02 -6.359258889441194995e-01
3.630000000000000414e-03 5.467622466914399959e-02 -5.836273125122745098e-01
3.640000000000000440e-03 4.661636116254363332e-02 -5.330157869330696130e-01
3.650000000000000466e-03 4.594470587032693787e-02 -4.729567765790798628e-01
3.660000000000000493e-03 4.057146353259336036e-02 -4.149222272482583351e-01
3.670000000000000085e-03 3.284742767210134529e-02 -3.599243694521890857e-01
3.680000000000000111e-03 2.613087474993437687e-02 -2.998653590981993355e-01
3.690000000000000138e-03 1.975014947387575617e-02 -2.387941182326254741e-01
3.700000000000000164e-03 1.538439007446722531e-02 -1.780602875375796590e-01
3.710000000000000190e-03 7.996181860083557968e-03 -1.105782534319732086e-01
3.720000000000000216e-03 2.287111876241633597e-03 -4.883219222534330300e-02
3.730000000000000242e-03 -4.093613399816987096e-03 1.358868932234267440e-02
3.740000000000000269e-03 -1.081016632198395638e-02 7.634698104055667733e-02
3.750000000000000295e-03 -1.719089159804257708e-02 1.414671439524669283e-01
3.760000000000000321e-03 -2.155665099745110794e-02 2.049002560117369753e-01
3.770000000000000347e-03 -2.860903156572642755e-02 2.676585477299510130e-01
3.780000000000000374e-03 -3.431810154956835279e-02 3.263679174018285778e-01
3.790000000000000400e-03 -4.170630976395201667e-02 3.898010294610987359e-01
3.800000000000000426e-03 -4.573624151725219633e-02 4.447988872571679853e-01
3.810000000000000452e-03 -5.278862208552751595e-02 4.984471043711250493e-01
3.820000000000000479e-03 -5.950517500769448437e-02 5.595183452366989663e-01
3.830000000000000505e-03 -6.152014088434457767e-02 6.074305894516794924e-01
3.840000000000000531e-03 -6.588590028375310159e-02 6.587169353719404263e-01
3.850000000000000124e-03 -6.890834909872825542e-02 7.066291795869210635e-01
3.860000000000000150e-03 -7.495324672867850757e-02 7.457687593681727733e-01
3.870000000000000176e-03 -7.999066142030375470e-02 7.896320815368169654e-01
3.880000000000000202e-03 -7.999066142030375470e-02 8.264097901243725453e-01
3.890000000000000228e-03 -8.637138669636237887e-02 8.641997292235120698e-01
3.900000000000000255e-03 -9.308793961852934729e-02 8.962536954236751674e-01
3.910000000000000281e-03 -9.208045668020428676e-02 9.208846378722215231e-01
3.920000000000000741e-03 -9.913283724847959943e-02 9.448407599797118417e-01
3.930000000000000333e-03 -9.678204372572116188e-02 9.664350108935059191e-01
3.939999999999999926e-03 -9.946866489458794369e-02 9.849925702725477183e-01
3.950000000000000386e-03 -9.913283724847959943e-02 9.954522855589167385e-01
3.959999999999999978e-03 -9.879700960237125518e-02 1.009623512721093963e+00
3.970000000000000438e-03 -1.018194584173464090e-01 1.015022075449542482e+00
3.980000000000000031e-03 -1.008119754790213485e-01 1.014347255108486445e+00
3.990000000000000491e-03 -1.018194584173464090e-01 1.011985383914790093e+00
4.000000000000000083e-03 -9.980449254069631571e-02 1.007599051697925630e+00
4.010000000000000543e-03 -9.913283724847959943e-02 9.961271058999727757e-01
4.020000000000000136e-03 -9.711787137182950613e-02 9.863422109546597927e-01
4.030000000000000596e-03 -9.644621607961281762e-02 9.633983193587536409e-01
4.040000000000000188e-03 -9.342376726463769154e-02 9.418040684449595634e-01
4.050000000000000648e-03 -9.040131844966253771e-02 9.144738446321889480e-01
4.060000000000000241e-03 -8.838635257301244441e-02 8.854565699667781287e-01
4.070000000000000701e-03 -8.402059317360391355e-02 8.520529630845029567e-01
4.080000000000000293e-03 -7.931900612808703843e-02 8.139256138148353026e-01
4.090000000000000753e-03 -7.495324672867850757e-02 7.724241628398873516e-01
4.100000000000000346e-03 -7.260245320592007001e-02 7.295730711828272153e-01
4.109999999999999938e-03 -6.857252145261988341e-02 6.860471591847110417e-01
4.120000000000000398e-03 -5.984100265380283556e-02 6.374600946286743675e-01
4.129999999999999991e-03 -5.715438148493604681e-02 5.841492876852453220e-01
4.140000000000000450e-03 -5.077365620887742959e-02 5.338751722765685548e-01
4.150000000000000043e-03 -4.540041387114385207e-02 4.798895449920833611e-01
4.160000000000000503e-03 -3.969134388730193030e-02 4.194931244675654813e-01
4.170000000000000095e-03 -3.566141213400174370e-02 3.617959853072719723e-01
4.180000000000000555e-03 -2.760154862740138090e-02 3.030866156353944074e-01
4.190000000000000148e-03 -1.987751276690936583e-02 2.403283239171803698e-01
4.200000000000000608e-03 -1.484009807528413952e-02 1.782448525400224248e-01
4.210000000000000200e-03 -1.081016632198395638e-02 1.175110218449766236e-01
4.220000000000000660e-03 -3.086130461491942180e-03 5.070380808042622423e-02
4.230000000000000253e-03 3.966250106783376569e-03 -1.137966329673171552e-02
4.240000000000000713e-03 9.339492444516952346e-03 -7.211349399177753583e-02
4.250000000000000305e-03 1.605604536668392077e-02 -1.358840162215756431e-01
4.260000000000000765e-03 2.042180476609245163e-02 -2.006667689629578477e-01
4.270000000000000358e-03 2.915332356490951335e-02 -2.637624708516999039e-01
4.279999999999999950e-03 3.486239354875143859e-02 -3.248337117172737099e-01
4.290000000000000410e-03 3.855649765594326706e-02 -3.818560305365111818e-01
4.300000000000000003e-03 4.930298233141042208e-02 -4.459639629368372660e-01
4.310000000000000463e-03 4.829549939308537543e-02 -4.996121800507944410e-01
4.320000000000000055e-03 5.803450113022748380e-02 -5.502237056299992268e-01
4.330000000000000515e-03 6.038529465298592136e-02 -6.052215634260684762e-01
4.340000000000000108e-03 6.575853699071948499e-02 -6.565079093463294102e-01
4.350000000000000568e-03 7.381840049731985820e-02 -7.013834620265577691e-01
4.360000000000000160e-03 7.348257285121151394e-02 -7.462590147067860169e-01
4.370000000000000620e-03 7.818415989672838906e-02 -7.850611843175097082e-01
4.380000000000000213e-03 8.154243635781188715e-02 -8.231885335871773623e-01
4.390000000000000673e-03 8.456488517278701322e-02 -8.603036523452609607e-01
4.400000000000000265e-03 8.926647221830388834e-02 -8.869590558169755390e-01
4.410000000000000725e-03 9.027395515662894887e-02 -9.180007915055544698e-01
4.420000000000000318e-03 9.598302514047085676e-02 -9.463432458299091410e-01
4.430000000000000777e-03 9.598302514047085676e-02 -9.628763441857827177e-01
4.440000000000000370e-03 9.665468043268754528e-02 -9.794094425416562943e-01
4.449999999999999963e-03 9.766216337101260581e-02 -9.932432595333057224e-01
4.460000000000000422e-03 9.833381866322929432e-02 -1.005052615501786928e+00
4.470000000000000015e-03 9.766216337101260581e-02 -1.009776357889179410e+00
4.480000000000000475e-03 9.833381866322929432e-02 -1.008089307036539095e+00
4.490000000000000067e-03 9.799799101712095006e-02 -1.008089307036539095e+00
4.500000000000000527e-03 9.866964630933763858e-02 -1.002015923967034539e+00
4.510000000000000120e-03 9.262474867938738643e-02 -9.929058493627775928e-01
4.520000000000000580e-03 9.564719749436251250e-02 -9.753605204953199603e-01
4.530000000000000172e-03 8.859481692608719983e-02 -9.578151916278623279e-01
4.540000000000000632e-03 9.128143809495398164e-02 -9.345338898614280465e-01
4.550000000000000225e-03 8.926647221830388834e-02 -9.092281270718256536e-01
4.560000000000000685e-03 8.322157458835360844e-02 -8.818979032590550382e-01
4.570000000000000277e-03 8.288574694224526418e-02 -8.481568862062517367e-01
4.580000000000000737e-03 7.818415989672838906e-02 -8.154280996650326019e-01
4.590000000000000330e-03 7.482588343564491873e-02 -7.742640588606126695e-01
4.600000000000000790e-03 7.180343462066976490e-02 -7.337748383972488853e-01
4.610000000000000382e-03 6.575853699071948499e-02 -6.838381331591000256e-01
4.619999999999999975e-03 5.937781171466087471e-02 -6.376129397967595924e-01
4.630000000000000435e-03 6.105694994520261681e-02 -5.856517735354426213e-01
4.640000000000000027e-03 4.695218880865198452e-02 -5.336906072741256502e-01
4.650000000000000487e-03 4.157894647091840701e-02 -4.773431087959443264e-01
4.660000000000000080e-03 3.855649765594326706e-02 -4.220078408293470584e-01
4.670000000000000540e-03 3.251160002599299409e-02 -3.629610609869413640e-01
4.680000000000000132e-03 2.545921945771767794e-02 -2.985157184160871502e-01
4.690000000000000592e-03 2.109346005830915055e-02 -2.425056301084338450e-01
4.700000000000000185e-03 1.336942419781713375e-02 -1.797473383902198352e-01
4.710000000000000644e-03 4.637905399000072891e-03 -1.156394059898936955e-01
4.720000000000000237e-03 3.294594814566679380e-03 -5.153147358956755575e-02
4.730000000000000697e-03 2.721459995915428975e-04 1.426350966339873932e-02
4.740000000000000289e-03 -1.013851102976726093e-02 7.735921155214077471e-02
4.750000000000000749e-03 -1.618340865971753390e-02 1.387678625882426686e-01
4.760000000000000342e-03 -2.189247864355945566e-02 2.005139237948725672e-01
4.770000000000000802e-03 -2.760154862740138090e-02 2.639470358541425865e-01
4.780000000000000394e-03 -3.700472271843514155e-02 3.246808665491884849e-01
4.789999999999999987e-03 -3.801220565676018126e-02 3.847398769031782351e-01
4.800000000000000447e-03 -4.909451797833568748e-02 4.478355787919202635e-01
4.810000000000000039e-03 -5.144531150109412504e-02 5.008089755648212904e-01
4.820000000000000499e-03 -5.849769206936944466e-02 5.544571926787784655e-01
4.830000000000000092e-03 -6.152014088434457767e-02 6.060809487695674180e-01
4.840000000000000552e-03 -6.454258969931972456e-02 6.590543455424684449e-01
4.850000000000000144e-03 -7.159497026759503724e-02 7.039298982226968038e-01
4.860000000000000604e-03 -7.931900612808703843e-02 7.488054509029250516e-01
4.870000000000000197e-03 -7.730404025143694513e-02 7.892946713662889469e-01
4.880000000000000657e-03 -8.301311023527888078e-02 8.307961223412368978e-01
4.890000000000000249e-03 -8.939383551133750494e-02 8.655493699056242551e-01
4.900000000000000709e-03 -9.140880138798759824e-02 8.942292344005069449e-01
4.910000000000000302e-03 -9.308793961852934729e-02 9.232465090659177642e-01
4.920000000000000762e-03 -9.107297374187925398e-02 9.468652210028800642e-01
4.930000000000000354e-03 -9.913283724847959943e-02 9.694717024282581974e-01
4.940000000000000814e-03 -9.778952666404622240e-02 9.829681092493794958e-01
4.950000000000000407e-03 -9.913283724847959943e-02 9.974767465820848500e-01
4.959999999999999999e-03 -1.008119754790213485e-01 1.003212719481061388e+00
4.970000000000000459e-03 -9.913283724847959943e-02 1.011985383914790093e+00
4.980000000000000052e-03 -1.018194584173464090e-01 1.014347255108486445e+00
4.990000000000000512e-03 -1.004761478329130042e-01 1.012322794085318112e+00
5.000000000000000104e-03 -1.055135625245382236e-01 1.000176027946308999e+00
5.010000000000000564e-03 -9.846118195626291092e-02 9.900537228304682191e-01
5.020000000000000157e-03 -9.846118195626291092e-02 9.775695465209309765e-01
5.030000000000000616e-03 -9.241628432631263101e-02 9.596868074829452144e-01
5.040000000000000209e-03 -9.208045668020428676e-02 9.380925565691512480e-01
5.050000000000000669e-03 -8.771469728079575590e-02 9.114371530974366697e-01
5.060000000000000261e-03 -9.040131844966253771e-02 8.837695191141380358e-01
5.070000000000000721e-03 -8.133397200473713173e-02 8.527277834255589939e-01
5.080000000000000314e-03 -7.965483377419541045e-02 8.166248951790595623e-01
5.090000000000000774e-03 -7.763986789754531714e-02 7.805220069325601306e-01
5.100000000000000366e-03 -7.327410849813678628e-02 7.359838644228599014e-01
5.110000000000000826e-03 -6.655755557596981786e-02 6.897586710605194682e-01
