-5.120000000000000419e-03 -5.927994770277518199e-01 2.763481579125805609e+00
-5.110000000000000826e-03 -5.682840588618424116e-01 2.763481579125805609e+00
-5.100000000000000366e-03 -5.430969854037163147e-01 2.763481579125805609e+00
-5.090000000000000774e-03 -5.142158078383982645e-01 2.763481579125805609e+00
-5.080000000000000314e-03 -4.829838367503219709e-01 2.763481579125805609e+00
-5.070000000000000721e-03 -4.426845192173201049e-01 2.763481579125805609e+00
-5.060000000000000261e-03 -4.168257904669773195e-01 2.763481579125805609e+00
-5.050000000000000669e-03 -3.818997152717090726e-01 2.763481579125805609e+00
-5.040000000000000209e-03 -3.422720530309239506e-01 2.763481579125805609e+00
-5.030000000000000616e-03 -2.979428037446219535e-01 2.763481579125805609e+00
-5.020000000000000157e-03 -2.626809009032453623e-01 2.763481579125805609e+00
-5.010000000000000564e-03 -2.186874792630516540e-01 2.368036859266951843e+00
-5.000000000000000104e-03 -1.780523340839414992e-01 1.941212993548991017e+00
-4.990000000000000512e-03 -1.330514295054227858e-01 1.510002795614165727e+00
-4.980000000000000052e-03 -9.241628432631263101e-02 1.072381804439307862e+00
-4.970000000000000459e-03 -3.935551624119357911e-02 6.317241217296978295e-01
-4.959999999999999999e-03 -6.108579276467078663e-03 1.863426966326952039e-01
-4.950000000000000407e-03 4.225060176313510246e-02 -2.590387284643074217e-01
-4.940000000000000814e-03 8.322157458835360844e-02 -7.067820247550062884e-01
-4.930000000000000354e-03 1.305732726896307594e-01 -1.145752656611976450e+00
-4.920000000000000762e-03 1.708725902226325699e-01 -1.583036237616306297e+00
-4.910000000000000302e-03 2.131868736322845015e-01 -2.011209744016379197e+00
-4.900000000000000709e-03 2.531503635191779122e-01 -2.439383250416452320e+00
-4.890000000000000249e-03 2.951288192827214996e-01 -2.764309244634947316e+00
-4.880000000000000657e-03 3.344206538773982773e-01 -2.764309244634947316e+00
-4.870000000000000197e-03 3.747199714104000878e-01 -2.764309244634947316e+00
-4.860000000000000604e-03 4.126684954206434885e-01 -2.764309244634947316e+00
-4.850000000000000144e-03 4.428929835703948048e-01 -2.764309244634947316e+00
-4.840000000000000552e-03 4.778190587656630517e-01 -2.764309244634947316e+00
-4.830000000000000092e-03 5.087152022076312230e-01 -2.764309244634947316e+00
-4.820000000000000499e-03 5.372605521268407625e-01 -2.764309244634947316e+00
-4.810000000000000039e-03 5.634551085232919476e-01 -2.764309244634947316e+00
-4.800000000000000447e-03 5.923362860886099979e-01 -2.764309244634947316e+00
-4.789999999999999987e-03 6.145009107317609409e-01 -2.764309244634947316e+00
-4.780000000000000394e-03 6.326356036216117529e-01 -2.764309244634947316e+00
-4.770000000000000802e-03 6.517777794497876531e-01 -2.764309244634947316e+00
-4.760000000000000342e-03 6.652108852941215345e-01 -2.764309244634947316e+00
-4.750000000000000749e-03 6.749498870312636845e-01 -2.764309244634947316e+00
-4.740000000000000289e-03 6.880471652294892770e-01 -2.764309244634947316e+00
-4.730000000000000697e-03 6.930845799211144964e-01 -2.764309244634947316e+00
-4.720000000000000237e-03 6.981219946127397158e-01 -2.764309244634947316e+00
-4.710000000000000644e-03 6.937562352133311849e-01 -2.764309244634947316e+00
-4.700000000000000185e-03 7.038310645965816237e-01 -2.764309244634947316e+00
-4.690000000000000592e-03 6.940920628594395847e-01 -2.764309244634947316e+00
-4.680000000000000132e-03 6.873755099372725885e-01 -2.764309244634947316e+00
-4.670000000000000540e-03 6.793156464306722153e-01 -2.764309244634947316e+00
-4.660000000000000080e-03 6.668900235246633112e-01 -2.764309244634947316e+00
-4.650000000000000487e-03 6.504344688653542761e-01 -2.764309244634947316e+00
-4.640000000000000027e-03 6.326356036216117529e-01 -2.764309244634947316e+00
-4.630000000000000435e-03 6.134934277934359637e-01 -2.764309244634947316e+00
-4.619999999999999975e-03 5.893138372736348440e-01 -2.764309244634947316e+00
-4.610000000000000382e-03 5.641267638155086361e-01 -2.764309244634947316e+00
-4.600000000000000790e-03 5.389396903573825393e-01 -2.764309244634947316e+00
-4.590000000000000330e-03 5.103943404381728888e-01 -2.764309244634947316e+00
-4.580000000000000737e-03 4.784907140578797402e-01 -2.764309244634947316e+00
-4.570000000000000277e-03 4.439004665087198931e-01 -2.764309244634947316e+00
-4.560000000000000685e-03 4.123326677745350888e-01 -2.764309244634947316e+00
-4.550000000000000225e-03 3.753916267026167763e-01 -2.764309244634947316e+00
-4.540000000000000632e-03 3.391222409229151524e-01 -2.764309244634947316e+00
-4.530000000000000172e-03 2.998304063282383747e-01 -2.764309244634947316e+00
-4.520000000000000580e-03 2.612102270257782854e-01 -2.764309244634947316e+00
-4.510000000000000120e-03 2.162093224472596276e-01 -2.361778911195004937e+00
-4.500000000000000527e-03 1.735592113914993795e-01 -1.936642096329683982e+00
-4.490000000000000067e-03 1.268791685824389170e-01 -1.506106718735914951e+00
-4.480000000000000475e-03 8.993812751052057686e-02 -1.067810907220000827e+00
-4.470000000000000015e-03 4.762384410086867997e-02 -6.261409939988065165e-01
-4.460000000000000422e-03 -7.353369387335024522e-04 -1.841336706070842433e-01
-4.449999999999999963e-03 -4.405710328671045423e-02 2.612477544899183268e-01
-4.440000000000000370e-03 -8.704304198857906738e-02 7.096658711216733417e-01
-4.430000000000000777e-03 -1.313722912748810645e-01 1.145937221614419022e+00
-4.420000000000000318e-03 -1.753657129150747174e-01 1.587607134835613332e+00
-4.410000000000000725e-03 -2.146575475097514951e-01 2.016118051406214473e+00
-4.400000000000000265e-03 -2.573076585655117432e-01 2.437205944225198539e+00
-4.390000000000000673e-03 -2.999577696212720190e-01 2.763481579125805609e+00
-4.380000000000000213e-03 -3.358913277548652987e-01 2.763481579125805609e+00
-4.370000000000000620e-03 -3.755189899956504207e-01 2.763481579125805609e+00
-4.360000000000000160e-03 -4.144749969442188542e-01 2.763481579125805609e+00
-4.350000000000000568e-03 -4.500727274317037896e-01 2.763481579125805609e+00
-4.340000000000000108e-03 -4.772747667664800075e-01 2.763481579125805609e+00
-4.330000000000000515e-03 -5.095142207928814448e-01 2.763481579125805609e+00
-4.320000000000000055e-03 -5.430969854037163147e-01 2.763481579125805609e+00
-4.310000000000000463e-03 -5.679482312157340118e-01 2.763481579125805609e+00
-4.300000000000000003e-03 -5.924636493816435312e-01 2.763481579125805609e+00
-4.290000000000000410e-03 -6.152999293170111628e-01 2.763481579125805609e+00
-4.279999999999999950e-03 -6.347779327912954628e-01 2.763481579125805609e+00
-4.270000000000000358e-03 -6.539201086194712520e-01 2.763481579125805609e+00
-4.260000000000000765e-03 -6.680248697560219329e-01 2.763481579125805609e+00
-4.250000000000000305e-03 -6.797788373698141484e-01 2.763481579125805609e+00
-4.240000000000000713e-03 -6.891820114608478987e-01 2.763481579125805609e+00
-4.230000000000000253e-03 -6.965702196752315833e-01 2.763481579125805609e+00
-4.220000000000000660e-03 -6.999284961363150259e-01 2.763481579125805609e+00
-4.210000000000000200e-03 -6.982493579057732491e-01 2.763481579125805609e+00
-4.200000000000000608e-03 -6.982493579057732491e-01 2.763481579125805609e+00
-4.190000000000000148e-03 -6.938835985063647183e-01 2.763481579125805609e+00
-4.180000000000000555e-03 -6.915328049836062529e-01 2.763481579125805609e+00
-4.170000000000000095e-03 -6.794430097237057486e-01 2.763481579125805609e+00
-4.160000000000000503e-03 -6.676890421099135331e-01 2.763481579125805609e+00
-4.150000000000000043e-03 -6.512334874506044979e-01 2.763481579125805609e+00
-4.140000000000000450e-03 -6.354495880835121513e-01 2.763481579125805609e+00
-4.129999999999999991e-03 -6.146282740247944743e-01 2.763481579125805609e+00
-4.120000000000000398e-03 -5.954860981966186850e-01 2.763481579125805609e+00
-4.109999999999999938e-03 -5.709706800307091656e-01 2.763481579125805609e+00
-4.100000000000000346e-03 -5.420895024653912264e-01 2.763481579125805609e+00
-4.090000000000000753e-03 -5.142158078383982645e-01 2.763481579125805609e+00
-4.080000000000000293e-03 -4.826480091042136267e-01 2.763481579125805609e+00
-4.070000000000000701e-03 -4.483935892011620683e-01 2.763481579125805609e+00
-4.060000000000000241e-03 -4.111167204831353561e-01 2.763481579125805609e+00
-4.050000000000000648e-03 -3.758548176417587650e-01 2.763481579125805609e+00
-4.040000000000000188e-03 -3.352196724626486102e-01 2.763481579125805609e+00
-4.030000000000000596e-03 -2.996219419751636748e-01 2.763481579125805609e+00
-4.020000000000000136e-03 -2.586509691499451757e-01 2.763481579125805609e+00
-4.010000000000000543e-03 -2.237248939546769011e-01 2.368036859266951843e+00
-4.000000000000000083e-03 -1.807389552528082810e-01 1.943912274913215388e+00
-3.990000000000000491e-03 -1.347305677359645348e-01 1.511689846466806042e+00
-3.980000000000000031e-03 -9.174462903409594250e-02 1.075081085803532233e+00
-3.970000000000000438e-03 -4.707955210168559418e-02 6.361104539465622931e-01
-3.959999999999999978e-03 -6.368164651680558851e-05 1.910664390200876583e-01
-3.950000000000000386e-03 4.225060176313510246e-02 -2.576890877821953474e-01
-3.939999999999999926e-03 8.053495341948682662e-02 -7.010460518560297505e-01
-3.930000000000000333e-03 1.285583068129806661e-01 -1.143728195588808116e+00
-3.920000000000000741e-03 1.728875560992826632e-01 -1.582698827445778278e+00
-3.910000000000000281e-03 2.148660118628262228e-01 -2.011547154186907438e+00
-3.900000000000000255e-03 2.558369846880447218e-01 -2.438033609734340246e+00
-3.890000000000000228e-03 2.981512680976966534e-01 -2.764309244634947316e+00
-3.880000000000000202e-03 3.360997921079399986e-01 -2.764309244634947316e+00
-3.870000000000000176e-03 3.770707649331584976e-01 -2.764309244634947316e+00
-3.860000000000000150e-03 4.089743913134516462e-01 -2.764309244634947316e+00
-3.850000000000000124e-03 4.459154323853699586e-01 -2.764309244634947316e+00
-3.840000000000000531e-03 4.845356116878300479e-01 -2.764309244634947316e+00
-3.830000000000000505e-03 5.070360639770894462e-01 -2.764309244634947316e+00
-3.820000000000000479e-03 5.379322074190574510e-01 -2.764309244634947316e+00
-3.810000000000000452e-03 5.641267638155086361e-01 -2.764309244634947316e+00
-3.800000000000000426e-03 5.916646307963933094e-01 -2.764309244634947316e+00
-3.790000000000000400e-03 6.114784619167857871e-01 -2.764309244634947316e+00
-3.780000000000000374e-03 6.336430865599368412e-01 -2.764309244634947316e+00
-3.770000000000000347e-03 6.474120200503791223e-01 -2.764309244634947316e+00
-3.760000000000000321e-03 6.665541958785550225e-01 -2.764309244634947316e+00
-3.750000000000000295e-03 6.729349211546136189e-01 -2.764309244634947316e+00
-3.740000000000000269e-03 6.887188205217059656e-01 -2.764309244634947316e+00
-3.730000000000000242e-03 6.950995457977645620e-01 -2.764309244634947316e+00
-3.720000000000000216e-03 6.967786840283063388e-01 -2.764309244634947316e+00
-3.710000000000000190e-03 7.004727881354981811e-01 -2.764309244634947316e+00
-3.700000000000000164e-03 6.981219946127397158e-01 -2.764309244634947316e+00
-3.690000000000000138e-03 6.947637181516562732e-01 -2.764309244634947316e+00
-3.680000000000000111e-03 6.880471652294892770e-01 -2.764309244634947316e+00
-3.670000000000000085e-03 6.813306123073222809e-01 -2.764309244634947316e+00
-3.660000000000000493e-03 6.652108852941215345e-01 -2.764309244634947316e+00
-3.650000000000000466e-03 6.517777794497876531e-01 -2.764309244634947316e+00
-3.640000000000000440e-03 6.326356036216117529e-01 -2.764309244634947316e+00
-3.630000000000000414e-03 6.131576001473275639e-01 -2.764309244634947316e+00
-3.620000000000000388e-03 5.933437690269349751e-01 -2.764309244634947316e+00
-3.610000000000000361e-03 5.671492126304837900e-01 -2.764309244634947316e+00
-3.600000000000000335e-03 5.419621391723576931e-01 -2.764309244634947316e+00
-3.590000000000000309e-03 5.087152022076312230e-01 -2.764309244634947316e+00
-3.580000000000000283e-03 4.808415075806382055e-01 -2.764309244634947316e+00
-3.570000000000000256e-03 4.459154323853699586e-01 -2.764309244634947316e+00
-3.560000000000000230e-03 4.119968401284267445e-01 -2.764309244634947316e+00
-3.550000000000000204e-03 3.760632819948334649e-01 -2.764309244634947316e+00
-3.540000000000000178e-03 3.357639644618316543e-01 -2.764309244634947316e+00
-3.530000000000000152e-03 2.998304063282383747e-01 -2.764309244634947316e+00
-3.520000000000000125e-03 2.605385717335615969e-01 -2.764309244634947316e+00
-3.510000000000000099e-03 2.141943565706095343e-01 -2.363803372218173049e+00
-3.500000000000000073e-03 1.785966260831245989e-01 -1.937991737011796278e+00
-3.490000000000000480e-03 1.342673767968226017e-01 -1.506781539076970988e+00
-3.480000000000000454e-03 9.094561044884563739e-02 -1.069835368243169160e+00
-3.470000000000000428e-03 4.560887822421858667e-02 -6.261409939988065165e-01
-3.460000000000000402e-03 1.951284230133285436e-03 -1.821092095839160485e-01
-3.450000000000000375e-03 -4.338544799449375877e-02 2.639470358541425865e-01
-3.440000000000000349e-03 -8.670721434247072312e-02 7.083162304395611564e-01
-3.430000000000000323e-03 -1.273423595215808779e-01 1.146274631784947040e+00
-3.420000000000000297e-03 -1.723432641000995635e-01 1.580184111083996479e+00
-3.410000000000000270e-03 -2.163366857402932164e-01 2.014093590383045917e+00
-3.400000000000000244e-03 -2.559643479810783662e-01 2.440580045930478725e+00
-3.390000000000000218e-03 -2.965994931601885209e-01 2.763481579125805609e+00
-3.380000000000000192e-03 -3.355555001087569544e-01 2.763481579125805609e+00
-3.370000000000000166e-03 -3.761906452878671092e-01 2.763481579125805609e+00
-3.360000000000000139e-03 -4.097734098987019791e-01 2.763481579125805609e+00
-3.350000000000000113e-03 -4.460427956784036030e-01 2.763481579125805609e+00
-3.340000000000000087e-03 -4.735806626592881652e-01 2.763481579125805609e+00
-3.330000000000000061e-03 -5.091783931467730451e-01 2.763481579125805609e+00
-3.320000000000000468e-03 -5.414178471731745379e-01 2.763481579125805609e+00
-3.310000000000000442e-03 -5.632466441702171922e-01 2.763481579125805609e+00
-3.300000000000000416e-03 -5.887695452744516889e-01 2.763481579125805609e+00
-3.290000000000000389e-03 -6.105983422714943432e-01 2.763481579125805609e+00
-3.280000000000000363e-03 -6.330987945607536860e-01 2.763481579125805609e+00
-3.270000000000000337e-03 -6.512334874506044979e-01 2.763481579125805609e+00
-3.260000000000000311e-03 -6.663457315254801561e-01 2.763481579125805609e+00
-3.250000000000000284e-03 -6.774280438470556831e-01 2.763481579125805609e+00
-3.240000000000000258e-03 -6.881745285225228104e-01 2.763481579125805609e+00
-3.230000000000000232e-03 -6.938835985063647183e-01 2.763481579125805609e+00
-3.220000000000000206e-03 -7.019434620129650915e-01 2.763481579125805609e+00
-3.210000000000000180e-03 -7.046300831818318455e-01 2.763481579125805609e+00
-3.200000000000000153e-03 -6.999284961363150259e-01 2.763481579125805609e+00
-3.190000000000000127e-03 -6.962343920291231836e-01 2.763481579125805609e+00
-3.180000000000000101e-03 -6.888461838147394989e-01 2.763481579125805609e+00
-3.170000000000000075e-03 -6.817938032464642140e-01 2.763481579125805609e+00
-3.160000000000000048e-03 -6.686965250482386214e-01 2.763481579125805609e+00
-3.150000000000000456e-03 -6.512334874506044979e-01 2.763481579125805609e+00
-3.140000000000000430e-03 -6.364570710218371286e-01 2.763481579125805609e+00
-3.130000000000000403e-03 -6.126133081481444087e-01 2.763481579125805609e+00
-3.120000000000000377e-03 -5.954860981966186850e-01 2.763481579125805609e+00
-3.110000000000000351e-03 -5.733214735534676310e-01 2.763481579125805609e+00
-3.100000000000000325e-03 -5.427611577576079149e-01 2.763481579125805609e+00
-3.090000000000000299e-03 -5.142158078383982645e-01 2.763481579125805609e+00
-3.080000000000000272e-03 -4.809688708736718499e-01 2.763481579125805609e+00
-3.070000000000000246e-03 -4.517518656622455664e-01 2.763481579125805609e+00
-3.060000000000000220e-03 -4.168257904669773195e-01 2.763481579125805609e+00
-3.050000000000000194e-03 -3.782056111645172303e-01 2.763481579125805609e+00
-3.040000000000000167e-03 -3.385779489237321083e-01 2.763481579125805609e+00
-3.030000000000000141e-03 -3.002935972673803633e-01 2.763481579125805609e+00
-3.020000000000000115e-03 -2.613375903188119298e-01 2.763481579125805609e+00
-3.010000000000000089e-03 -2.200307898474850588e-01 2.370736140631176436e+00
-3.000000000000000062e-03 -1.777165064378331549e-01 1.945261915595327462e+00
-2.990000000000000036e-03 -1.333872571515311578e-01 1.515401358342614246e+00
-2.980000000000000444e-03 -8.771469728079575590e-02 1.078117777338284400e+00
-2.970000000000000417e-03 -4.674372445557724298e-02 6.307118912181137738e-01
-2.960000000000000391e-03 -5.436923984250381474e-03 1.883671576558633987e-01
-2.950000000000000365e-03 4.057146353259336036e-02 -2.610631894874756442e-01
-2.940000000000000339e-03 8.792316163387051131e-02 -7.027331027086698434e-01
-2.930000000000000313e-03 1.288941344590890103e-01 -1.143053375247752079e+00
-2.920000000000000286e-03 1.732233837453910075e-01 -1.579999546081553907e+00
-2.910000000000000260e-03 2.128510459861761295e-01 -2.011547154186907438e+00
-2.900000000000000234e-03 2.531503635191779122e-01 -2.437358789393284209e+00
-2.890000000000000208e-03 2.944571639905048110e-01 -2.764309244634947316e+00
-2.880000000000000181e-03 3.350923091696149658e-01 -2.764309244634947316e+00
-2.870000000000000155e-03 3.757274543487251206e-01 -2.764309244634947316e+00
-2.860000000000000129e-03 4.076310807290182137e-01 -2.764309244634947316e+00
-2.850000000000000103e-03 4.475945706159116799e-01 -2.764309244634947316e+00
-2.840000000000000076e-03 4.754682652429046419e-01 -2.764309244634947316e+00
-2.830000000000000050e-03 5.083793745615228232e-01 -2.764309244634947316e+00
-2.820000000000000024e-03 5.372605521268407625e-01 -2.764309244634947316e+00
-2.810000000000000431e-03 5.664775573382671014e-01 -2.764309244634947316e+00
-2.800000000000000405e-03 5.916646307963933094e-01 -2.764309244634947316e+00
-2.790000000000000379e-03 6.131576001473275639e-01 -2.764309244634947316e+00
-2.780000000000000353e-03 6.370013630210202837e-01 -2.764309244634947316e+00
-2.770000000000000327e-03 6.487553306348124993e-01 -2.764309244634947316e+00
-2.760000000000000300e-03 6.672258511707717110e-01 -2.764309244634947316e+00
-2.750000000000000274e-03 6.779723358462388383e-01 -2.764309244634947316e+00
-2.740000000000000248e-03 6.893904758139226541e-01 -2.764309244634947316e+00
-2.730000000000000222e-03 6.961070287360896502e-01 -2.764309244634947316e+00
-2.720000000000000195e-03 6.971145116744147385e-01 -2.764309244634947316e+00
-2.710000000000000169e-03 7.004727881354981811e-01 -2.764309244634947316e+00
-2.700000000000000143e-03 7.011444434277148696e-01 -2.764309244634947316e+00
-2.690000000000000117e-03 6.944278905055478734e-01 -2.764309244634947316e+00
-2.680000000000000090e-03 6.867038546450559000e-01 -2.764309244634947316e+00
-2.670000000000000064e-03 6.786439911384555268e-01 -2.764309244634947316e+00
-2.660000000000000038e-03 6.658825405863382230e-01 -2.764309244634947316e+00
-2.650000000000000012e-03 6.490911582809208991e-01 -2.764309244634947316e+00
-2.640000000000000419e-03 6.356580524365869067e-01 -2.764309244634947316e+00
-2.630000000000000393e-03 6.141650830856526522e-01 -2.764309244634947316e+00
-2.620000000000000367e-03 5.916646307963933094e-01 -2.764309244634947316e+00
-2.610000000000000341e-03 5.688283508610255668e-01 -2.764309244634947316e+00
-2.600000000000000314e-03 5.396113456495992278e-01 -2.764309244634947316e+00
-2.590000000000000288e-03 5.124093063148230653e-01 -2.764309244634947316e+00
-2.580000000000000262e-03 4.781548864117713959e-01 -2.764309244634947316e+00
-2.570000000000000236e-03 4.465870876775866471e-01 -2.764309244634947316e+00
-2.560000000000000209e-03 4.093102189595599905e-01 -2.764309244634947316e+00
-2.550000000000000183e-03 3.767349372870501534e-01 -2.764309244634947316e+00
-2.540000000000000157e-03 3.394580685690234967e-01 -2.764309244634947316e+00
-2.530000000000000131e-03 2.981512680976966534e-01 -2.764309244634947316e+00
-2.520000000000000104e-03 2.568444676263697546e-01 -2.764309244634947316e+00
-2.510000000000000078e-03 2.162093224472596276e-01 -2.366502653582397198e+00
-2.500000000000000052e-03 1.755741772681494728e-01 -1.939341377693908353e+00
-2.490000000000000026e-03 1.332598938584975412e-01 -1.504757078053802655e+00
-2.480000000000000000e-03 8.893064457219554408e-02 -1.067136086878944790e+00
-2.470000000000000407e-03 4.795967174697703117e-02 -6.254661736577504794e-01
-2.460000000000000381e-03 -6.368164651680558851e-05 -1.841336706070842433e-01
-2.450000000000000355e-03 -4.103465447173532121e-02 2.659714968773108090e-01
-2.440000000000000328e-03 -8.536390375803731834e-02 7.103406914627293789e-01
-2.430000000000000302e-03 -1.313722912748810645e-01 1.154709886048147727e+00
-2.420000000000000276e-03 -1.743582299767496568e-01 1.586932314494557295e+00
-2.410000000000000250e-03 -2.146575475097514951e-01 2.017467692088326547e+00
-2.400000000000000223e-03 -2.573076585655117432e-01 2.446316018829455263e+00
-2.390000000000000197e-03 -2.989502866829469863e-01 2.763481579125805609e+00
-2.380000000000000171e-03 -3.358913277548652987e-01 2.763481579125805609e+00
-2.370000000000000145e-03 -3.748473347034337322e-01 2.763481579125805609e+00
-2.360000000000000119e-03 -4.080942716681602578e-01 2.763481579125805609e+00
-2.350000000000000092e-03 -4.460427956784036030e-01 2.763481579125805609e+00
-2.340000000000000066e-03 -4.799613879353468171e-01 2.763481579125805609e+00
-2.330000000000000040e-03 -5.098500484389897336e-01 2.763481579125805609e+00
-2.320000000000000014e-03 -5.390670536504160726e-01 2.763481579125805609e+00
-2.309999999999999987e-03 -5.686198865079508113e-01 2.763481579125805609e+00
-2.300000000000000395e-03 -5.924636493816435312e-01 2.763481579125805609e+00
-2.290000000000000369e-03 -6.095908593331692549e-01 2.763481579125805609e+00
-2.280000000000000342e-03 -6.324271392685369975e-01 2.763481579125805609e+00
-2.270000000000000316e-03 -6.495543492200627211e-01 2.763481579125805609e+00
-2.260000000000000290e-03 -6.670173868176968446e-01 2.763481579125805609e+00
-2.250000000000000264e-03 -6.858237349997643451e-01 2.763481579125805609e+00
-2.240000000000000237e-03 -6.875028732303061219e-01 2.763481579125805609e+00
-2.230000000000000211e-03 -6.952269090907980953e-01 2.763481579125805609e+00
-2.220000000000000185e-03 -6.995926684902066262e-01 2.763481579125805609e+00
-2.210000000000000159e-03 -7.029509449512901798e-01 2.763481579125805609e+00
-2.200000000000000133e-03 -7.016076343668568027e-01 2.763481579125805609e+00
-2.190000000000000106e-03 -6.958985643830147838e-01 2.763481579125805609e+00
-2.180000000000000080e-03 -6.905253220452812757e-01 2.763481579125805609e+00
-2.170000000000000054e-03 -6.794430097237057486e-01 2.763481579125805609e+00
-2.160000000000000028e-03 -6.680248697560219329e-01 2.763481579125805609e+00
-2.150000000000000001e-03 -6.488826939278460326e-01 2.763481579125805609e+00
-2.139999999999999975e-03 -6.357854157296204400e-01 2.763481579125805609e+00
-2.130000000000000383e-03 -6.166432399014445398e-01 2.763481579125805609e+00
-2.120000000000000356e-03 -5.948144429044018855e-01 2.763481579125805609e+00
-2.110000000000000330e-03 -5.719781629690342539e-01 2.763481579125805609e+00
-2.100000000000000304e-03 -5.410820195270661381e-01 2.763481579125805609e+00
-2.090000000000000278e-03 -5.101858760850981334e-01 2.763481579125805609e+00
-2.080000000000000251e-03 -4.823121814581052269e-01 2.763481579125805609e+00
-2.070000000000000225e-03 -4.507443827239204781e-01 2.763481579125805609e+00
-2.060000000000000199e-03 -4.138033416520021657e-01 2.763481579125805609e+00
-2.050000000000000173e-03 -3.815638876256007284e-01 2.763481579125805609e+00
-2.040000000000000147e-03 -3.422720530309239506e-01 2.763481579125805609e+00
-2.030000000000000120e-03 -3.029802184362471729e-01 2.763481579125805609e+00
-2.020000000000000094e-03 -2.593226244421618643e-01 2.763481579125805609e+00
-2.010000000000000068e-03 -2.223815833702434963e-01 2.368036859266951843e+00
-2.000000000000000042e-03 -1.746940576228580011e-01 1.940200763037406961e+00
-1.990000000000000015e-03 -1.360738783203979396e-01 1.511352436296278023e+00
-1.979999999999999989e-03 -9.040131844966253771e-02 1.074068855291948177e+00
-1.969999999999999963e-03 -4.640789680946889872e-02 6.286874301949455512e-01
-1.960000000000000370e-03 -3.086130461491942180e-03 1.883671576558633987e-01
-1.950000000000000127e-03 4.057146353259336036e-02 -2.587013182937794031e-01
-1.940000000000000101e-03 8.355740223446198045e-02 -7.044201535613100473e-01
-1.930000000000000075e-03 1.309091003357391036e-01 -1.146427476953032487e+00
-1.920000000000000265e-03 1.759100049142578170e-01 -1.581011776593137963e+00
-1.910000000000000239e-03 2.115077354017427524e-01 -2.011884564357435234e+00
-1.900000000000000213e-03 2.595310887952365642e-01 -2.437021379222755968e+00
-1.890000000000000187e-03 2.910988875294213130e-01 -2.764309244634947316e+00
-1.880000000000000161e-03 3.364356197540483429e-01 -2.764309244634947316e+00
-1.870000000000000134e-03 3.737124884720750551e-01 -2.764309244634947316e+00
-1.860000000000000108e-03 4.103177018978850232e-01 -2.764309244634947316e+00
-1.850000000000000082e-03 4.445721218009365816e-01 -2.764309244634947316e+00
-1.840000000000000056e-03 4.805056799345298613e-01 -2.764309244634947316e+00
-1.830000000000000246e-03 5.097226851459562003e-01 -2.764309244634947316e+00
-1.820000000000000220e-03 5.375963797729491622e-01 -2.764309244634947316e+00
-1.810000000000000194e-03 5.624476255849669704e-01 -2.764309244634947316e+00
-1.800000000000000168e-03 5.909929755041765098e-01 -2.764309244634947316e+00
-1.790000000000000141e-03 6.108068066245690986e-01 -2.764309244634947316e+00
-1.780000000000000115e-03 6.326356036216117529e-01 -2.764309244634947316e+00
-1.770000000000000089e-03 6.487553306348124993e-01 -2.764309244634947316e+00
-1.760000000000000063e-03 6.665541958785550225e-01 -2.764309244634947316e+00
-1.750000000000000036e-03 6.756215423234803730e-01 -2.764309244634947316e+00
-1.740000000000000227e-03 6.860321993528392115e-01 -2.764309244634947316e+00
-1.730000000000000201e-03 6.910696140444644309e-01 -2.764309244634947316e+00
-1.720000000000000175e-03 6.981219946127397158e-01 -2.764309244634947316e+00
-1.710000000000000148e-03 6.977861669666314270e-01 -2.764309244634947316e+00
-1.700000000000000122e-03 6.987936499049564043e-01 -2.764309244634947316e+00
-1.690000000000000096e-03 6.937562352133311849e-01 -2.764309244634947316e+00
-1.680000000000000070e-03 6.873755099372725885e-01 -2.764309244634947316e+00
-1.670000000000000043e-03 6.786439911384555268e-01 -2.764309244634947316e+00
-1.660000000000000234e-03 6.705841276318551536e-01 -2.764309244634947316e+00
-1.650000000000000208e-03 6.524494347420043416e-01 -2.764309244634947316e+00
-1.640000000000000182e-03 6.333072589138284414e-01 -2.764309244634947316e+00
-1.630000000000000155e-03 6.121501172090024756e-01 -2.764309244634947316e+00
-1.620000000000000129e-03 5.909929755041765098e-01 -2.764309244634947316e+00
-1.610000000000000103e-03 5.661417296921588127e-01 -2.764309244634947316e+00
-1.600000000000000077e-03 5.419621391723576931e-01 -2.764309244634947316e+00
-1.590000000000000050e-03 5.130809616070397539e-01 -2.764309244634947316e+00
-1.580000000000000024e-03 4.818489905189632383e-01 -2.764309244634947316e+00
-1.570000000000000215e-03 4.465870876775866471e-01 -2.764309244634947316e+00
-1.560000000000000189e-03 4.106535295439933675e-01 -2.764309244634947316e+00
-1.550000000000000162e-03 3.723691778876416225e-01 -2.764309244634947316e+00
-1.540000000000000136e-03 3.367714474001566871e-01 -2.764309244634947316e+00
-1.530000000000000110e-03 3.011737169126717517e-01 -2.764309244634947316e+00
-1.520000000000000084e-03 2.565086399802614103e-01 -2.764309244634947316e+00
-1.510000000000000057e-03 2.168809777394763161e-01 -2.360429270512892863e+00
-1.500000000000000031e-03 1.762458325603661613e-01 -1.934955045477043889e+00
-1.490000000000000222e-03 1.362823426734726950e-01 -1.503070027201162562e+00
-1.480000000000000196e-03 8.926647221830388834e-02 -1.068823137731585105e+00
-1.470000000000000169e-03 4.426556763978519576e-02 -6.264784041693345351e-01
-1.460000000000000143e-03 2.721459995915428975e-04 -1.807595689018039187e-01
-1.450000000000000117e-03 -4.607206916336054753e-02 2.629348053425585308e-01
-1.440000000000000091e-03 -8.469224846582062982e-02 7.086536406100892860e-01
-1.430000000000000064e-03 -1.303648083365560040e-01 1.147286862296531096e+00
-1.420000000000000038e-03 -1.760373682072914059e-01 1.586594904324029054e+00
-1.410000000000000012e-03 -2.129784092792097461e-01 2.016118051406214473e+00
-1.400000000000000203e-03 -2.579793138577284872e-01 2.443279327294703318e+00
-1.390000000000000176e-03 -2.982786313907302977e-01 2.763481579125805609e+00
-1.380000000000000150e-03 -3.375704659854070755e-01 2.763481579125805609e+00
-1.370000000000000124e-03 -3.778697835184088860e-01 2.763481579125805609e+00
-1.360000000000000098e-03 -4.134675140058938214e-01 2.763481579125805609e+00
-1.350000000000000071e-03 -4.450353127400785702e-01 2.763481579125805609e+00
-1.340000000000000045e-03 -4.779464220586966960e-01 2.763481579125805609e+00
-1.330000000000000019e-03 -5.101858760850981334e-01 2.763481579125805609e+00
-1.320000000000000210e-03 -5.390670536504160726e-01 2.763481579125805609e+00
-1.310000000000000183e-03 -5.666049206313006348e-01 2.763481579125805609e+00
-1.300000000000000157e-03 -5.904486835049933546e-01 2.763481579125805609e+00
-1.290000000000000131e-03 -6.152999293170111628e-01 2.763481579125805609e+00
-1.280000000000000105e-03 -6.367928986679455283e-01 2.763481579125805609e+00
-1.270000000000000078e-03 -6.535842809733629633e-01 2.763481579125805609e+00
-1.260000000000000052e-03 -6.643307656488300905e-01 2.763481579125805609e+00
-1.250000000000000026e-03 -6.774280438470556831e-01 2.763481579125805609e+00
-1.240000000000000000e-03 -6.901894943991728759e-01 2.763481579125805609e+00
-1.230000000000000190e-03 -6.925402879219313412e-01 2.763481579125805609e+00
-1.220000000000000164e-03 -6.999284961363150259e-01 2.763481579125805609e+00
-1.210000000000000138e-03 -7.039584278896151570e-01 2.763481579125805609e+00
-1.200000000000000112e-03 -7.022792896590734912e-01 2.763481579125805609e+00
-1.190000000000000085e-03 -6.975777026135565606e-01 2.763481579125805609e+00
-1.180000000000000059e-03 -6.915328049836062529e-01 2.763481579125805609e+00
-1.170000000000000033e-03 -6.787713544314890601e-01 2.763481579125805609e+00
-1.160000000000000007e-03 -6.686965250482386214e-01 2.763481579125805609e+00
-1.150000000000000197e-03 -6.555992468500130288e-01 2.763481579125805609e+00
-1.140000000000000171e-03 -6.347779327912954628e-01 2.763481579125805609e+00
-1.130000000000000145e-03 -6.179865504858780278e-01 2.763481579125805609e+00
-1.120000000000000119e-03 -5.941427876121851970e-01 2.763481579125805609e+00
-1.110000000000000092e-03 -5.682840588618424116e-01 2.763481579125805609e+00
-1.100000000000000066e-03 -5.417536748192828266e-01 2.763481579125805609e+00
-1.090000000000000040e-03 -5.105217037312064221e-01 2.763481579125805609e+00
-1.080000000000000014e-03 -4.813046985197801941e-01 2.763481579125805609e+00
-1.069999999999999988e-03 -4.473861062628370355e-01 2.763481579125805609e+00
-1.060000000000000178e-03 -4.151466522364355427e-01 2.763481579125805609e+00
-1.050000000000000152e-03 -3.795489217489506073e-01 2.763481579125805609e+00
-1.040000000000000126e-03 -3.429437083231406391e-01 2.763481579125805609e+00
-1.030000000000000100e-03 -2.989502866829469863e-01 2.763481579125805609e+00
-1.020000000000000073e-03 -2.620092456110286183e-01 2.763481579125805609e+00
-1.010000000000000047e-03 -2.200307898474850588e-01 2.363650527050087380e+00
-1.000000000000000021e-03 -1.783881617300498434e-01 1.941212993548991017e+00
-9.899999999999999946e-04 -1.354022230281812511e-01 1.510340205784693968e+00
-9.800000000000001852e-04 -8.805052492690410015e-02 1.074743675633004214e+00
-9.700000000000000505e-04 -4.909451797833568748e-02 6.300370708770577366e-01
-9.600000000000001327e-04 -4.765268692033684285e-03 1.870175169737512688e-01
-9.500000000000001065e-04 3.855649765594326706e-02 -2.587013182937794031e-01
-9.400000000000000803e-04 8.322157458835360844e-02 -7.003712315149736023e-01
-9.300000000000000541e-04 1.295657897513057266e-01 -1.142715965077224061e+00
-9.200000000000000278e-04 1.698651072843075371e-01 -1.581686596934194222e+00
-9.100000000000001100e-04 2.121793906939594410e-01 -2.013234205039547309e+00
-9.000000000000000838e-04 2.538220188113946563e-01 -2.432972457176419745e+00
-8.900000000000000576e-04 2.927780257599630342e-01 -2.764309244634947316e+00
-8.800000000000000313e-04 3.357639644618316543e-01 -2.764309244634947316e+00
-8.700000000000001135e-04 3.696825567187748685e-01 -2.764309244634947316e+00
-8.600000000000000873e-04 4.056161148523681481e-01 -2.764309244634947316e+00
-8.500000000000000611e-04 4.445721218009365816e-01 -2.764309244634947316e+00
-8.400000000000000348e-04 4.721099887818211438e-01 -2.764309244634947316e+00
-8.300000000000001170e-04 5.050210981004393807e-01 -2.764309244634947316e+00
-8.200000000000000908e-04 5.389396903573825393e-01 -2.764309244634947316e+00
-8.100000000000000646e-04 5.634551085232919476e-01 -2.764309244634947316e+00
-8.000000000000000383e-04 5.903213202119598213e-01 -2.764309244634947316e+00
-7.900000000000000121e-04 6.111426342706774983e-01 -2.764309244634947316e+00
-7.800000000000000943e-04 6.309564653910700871e-01 -2.764309244634947316e+00
-7.700000000000000681e-04 6.507702965114625648e-01 -2.764309244634947316e+00
-7.600000000000000418e-04 6.662183682324466227e-01 -2.764309244634947316e+00
-7.500000000000000156e-04 6.769648529079137500e-01 -2.764309244634947316e+00
-7.400000000000000978e-04 6.863680269989475002e-01 -2.764309244634947316e+00
-7.300000000000000716e-04 6.897263034600310538e-01 -2.764309244634947316e+00
-7.200000000000000453e-04 7.008086157816064699e-01 -2.764309244634947316e+00
-7.100000000000000191e-04 6.998011328432814926e-01 -2.764309244634947316e+00
-7.000000000000001013e-04 6.950995457977645620e-01 -2.764309244634947316e+00
-6.900000000000000751e-04 6.910696140444644309e-01 -2.764309244634947316e+00
-6.800000000000000488e-04 6.863680269989475002e-01 -2.764309244634947316e+00
-6.700000000000000226e-04 6.739424040929385962e-01 -2.764309244634947316e+00
-6.600000000000001048e-04 6.642034023557965572e-01 -2.764309244634947316e+00
-6.500000000000000786e-04 6.514419518036792534e-01 -2.764309244634947316e+00
-6.400000000000000524e-04 6.326356036216117529e-01 -2.764309244634947316e+00
-6.300000000000000261e-04 6.121501172090024756e-01 -2.764309244634947316e+00
-6.199999999999999999e-04 5.936795966730433749e-01 -2.764309244634947316e+00
-6.100000000000000821e-04 5.678208679227004785e-01 -2.764309244634947316e+00
-6.000000000000000559e-04 5.399471732957076275e-01 -2.764309244634947316e+00
-5.900000000000000296e-04 5.130809616070397539e-01 -2.764309244634947316e+00
-5.800000000000000034e-04 4.808415075806382055e-01 -2.764309244634947316e+00
-5.700000000000000856e-04 4.475945706159116799e-01 -2.764309244634947316e+00
-5.600000000000000594e-04 4.126684954206434885e-01 -2.764309244634947316e+00
-5.500000000000000331e-04 3.763991096409418091e-01 -2.764309244634947316e+00
-5.400000000000000069e-04 3.357639644618316543e-01 -2.764309244634947316e+00
-5.300000000000000891e-04 3.001662339743467189e-01 -2.764309244634947316e+00
-5.200000000000000629e-04 2.622177099641033182e-01 -2.764309244634947316e+00
-5.100000000000000366e-04 2.319932218143520020e-01 -2.350306965397051862e+00
-5.000000000000000104e-04 1.769174878525828498e-01 -1.936304686159155963e+00
-4.900000000000000926e-04 1.282224791668723218e-01 -1.503407437371690580e+00
-4.800000000000000664e-04 8.926647221830388834e-02 -1.070847598754753216e+00
-4.700000000000000401e-04 4.527305057811024241e-02 -6.241165329756382940e-01
-4.600000000000000139e-04 2.622939522349982192e-03 -1.787351078786357239e-01
-4.500000000000000419e-04 -4.204213741006036786e-02 2.683333680710070501e-01
-4.400000000000000157e-04 -8.737886963468741164e-02 7.076414100985051192e-01
-4.300000000000000436e-04 -1.293573253982309712e-01 1.149648733490227448e+00
-4.200000000000000174e-04 -1.743582299767496568e-01 1.584570443300860942e+00
-4.100000000000000454e-04 -2.160008580941848721e-01 2.019154742940966418e+00
-4.000000000000000192e-04 -2.549568650427533334e-01 2.438218174736782817e+00
-3.900000000000000471e-04 -2.972711484524052095e-01 2.763481579125805609e+00
-3.800000000000000209e-04 -3.368988106931903315e-01 2.763481579125805609e+00
-3.700000000000000489e-04 -3.748473347034337322e-01 2.763481579125805609e+00
-3.600000000000000227e-04 -4.094375822525936348e-01 2.763481579125805609e+00
-3.500000000000000507e-04 -4.487294168472704126e-01 2.763481579125805609e+00
-3.400000000000000244e-04 -4.799613879353468171e-01 2.763481579125805609e+00
-3.300000000000000524e-04 -5.122008419617481989e-01 2.763481579125805609e+00
-3.200000000000000262e-04 -5.400745365887411609e-01 2.763481579125805609e+00
-3.099999999999999999e-04 -5.649257824007589690e-01 2.763481579125805609e+00
-3.000000000000000279e-04 -5.924636493816435312e-01 2.763481579125805609e+00
-2.900000000000000017e-04 -6.132849634403610972e-01 2.763481579125805609e+00
-2.800000000000000297e-04 -6.341062774990786632e-01 2.763481579125805609e+00
-2.700000000000000035e-04 -6.522409703889295862e-01 2.763481579125805609e+00
-2.600000000000000314e-04 -6.656740762332634676e-01 2.763481579125805609e+00
-2.500000000000000052e-04 -6.784355267853806604e-01 2.763481579125805609e+00
-2.400000000000000332e-04 -6.885103561686312101e-01 2.763481579125805609e+00
-2.300000000000000070e-04 -6.952269090907980953e-01 2.763481579125805609e+00
-2.200000000000000078e-04 -6.989210131979899376e-01 2.763481579125805609e+00
-2.100000000000000087e-04 -6.989210131979899376e-01 2.763481579125805609e+00
-2.000000000000000096e-04 -6.989210131979899376e-01 2.763481579125805609e+00
-1.900000000000000105e-04 -6.955627367369064951e-01 2.763481579125805609e+00
-1.800000000000000113e-04 -6.881745285225228104e-01 2.763481579125805609e+00
-1.700000000000000122e-04 -6.794430097237057486e-01 2.763481579125805609e+00
-1.600000000000000131e-04 -6.660099038793718673e-01 2.763481579125805609e+00
-1.500000000000000140e-04 -6.529126256811462747e-01 2.763481579125805609e+00
-1.400000000000000148e-04 -6.357854157296204400e-01 2.763481579125805609e+00
-1.300000000000000157e-04 -6.156357569631195625e-01 2.763481579125805609e+00
-1.200000000000000166e-04 -5.958219258427269738e-01 2.763481579125805609e+00
-1.100000000000000039e-04 -5.659332653390839463e-01 2.763481579125805609e+00
-1.000000000000000048e-04 -5.404103642348494496e-01 2.763481579125805609e+00
-9.000000000000000567e-05 -5.115291866695315104e-01 2.763481579125805609e+00
-8.000000000000000654e-05 -4.836554920425386594e-01 2.763481579125805609e+00
-7.000000000000000742e-05 -4.490652444933787568e-01 2.763481579125805609e+00
-6.000000000000000830e-05 -4.131316863597854772e-01 2.763481579125805609e+00
-5.000000000000000240e-05 -3.782056111645172303e-01 2.763481579125805609e+00
-4.000000000000000327e-05 -3.399212595081654853e-01 2.763481579125805609e+00
-3.000000000000000415e-05 -2.982786313907302977e-01 2.763481579125805609e+00
-2.000000000000000164e-05 -2.616734179649202741e-01 2.763481579125805609e+00
-1.000000000000000082e-05 -2.183516516169433097e-01 2.363650527050087380e+00
0.000000000000000000e+00 -1.770448511456164387e-01 1.942225224060575295e+00
1.000000000000000082e-05 -1.343947400898561906e-01 1.509327975273109690e+00
2.000000000000000164e-05 -9.342376726463769154e-02 1.073731445121420158e+00
3.000000000000000415e-05 -4.506458622503550088e-02 6.354356336055062560e-01
4.000000000000000327e-05 -1.742819877058547802e-03 1.903916186790315934e-01
5.000000000000000240e-05 4.225060176313510246e-02 -2.576890877821953474e-01
6.000000000000000830e-05 8.590819575722041801e-02 -6.983467704918054908e-01
7.000000000000000742e-05 1.268791685824389170e-01 -1.143053375247752079e+00
8.000000000000000654e-05 1.722159008070659747e-01 -1.576962854546801740e+00
9.000000000000000567e-05 2.152018395089345948e-01 -2.009185282993211086e+00
1.000000000000000048e-04 2.544936741036113448e-01 -2.436009148711171690e+00
1.100000000000000039e-04 2.951288192827214996e-01 -2.764309244634947316e+00
1.200000000000000166e-04 3.337489985851815888e-01 -2.764309244634947316e+00
1.300000000000000157e-04 3.713616949493165897e-01 -2.764309244634947316e+00
1.400000000000000148e-04 4.096460466056683347e-01 -2.764309244634947316e+00
1.500000000000000140e-04 4.439004665087198931e-01 -2.764309244634947316e+00
1.600000000000000131e-04 4.794981969962048285e-01 -2.764309244634947316e+00
1.700000000000000122e-04 5.124093063148230653e-01 -2.764309244634947316e+00
1.800000000000000113e-04 5.389396903573825393e-01 -2.764309244634947316e+00
1.900000000000000105e-04 5.634551085232919476e-01 -2.764309244634947316e+00
2.000000000000000096e-04 5.940154243191516636e-01 -2.764309244634947316e+00
2.100000000000000087e-04 6.145009107317609409e-01 -2.764309244634947316e+00
2.200000000000000078e-04 6.262548783455531565e-01 -2.764309244634947316e+00
2.300000000000000070e-04 6.460687094659457452e-01 -2.764309244634947316e+00
2.400000000000000332e-04 6.638675747096881574e-01 -2.764309244634947316e+00
2.500000000000000052e-04 6.803231293689973036e-01 -2.764309244634947316e+00
2.600000000000000314e-04 6.843530611222974347e-01 -2.764309244634947316e+00
2.700000000000000035e-04 6.934204075672228962e-01 -2.764309244634947316e+00
2.800000000000000297e-04 6.974503393205230273e-01 -2.764309244634947316e+00
2.900000000000000017e-04 6.991294775510648041e-01 -2.764309244634947316e+00
3.000000000000000279e-04 6.998011328432814926e-01 -2.764309244634947316e+00
3.099999999999999999e-04 6.957712010899812505e-01 -2.764309244634947316e+00
3.200000000000000262e-04 6.893904758139226541e-01 -2.764309244634947316e+00
3.300000000000000524e-04 6.759573699695887727e-01 -2.764309244634947316e+00
3.400000000000000244e-04 6.678975064629883995e-01 -2.764309244634947316e+00
3.500000000000000507e-04 6.517777794497876531e-01 -2.764309244634947316e+00
3.600000000000000227e-04 6.322997759755034641e-01 -2.764309244634947316e+00
3.700000000000000489e-04 6.145009107317609409e-01 -2.764309244634947316e+00
3.800000000000000209e-04 5.916646307963933094e-01 -2.764309244634947316e+00
3.900000000000000471e-04 5.661417296921588127e-01 -2.764309244634947316e+00
4.000000000000000192e-04 5.429696221106827814e-01 -2.764309244634947316e+00
4.100000000000000454e-04 5.103943404381728888e-01 -2.764309244634947316e+00
4.200000000000000174e-04 4.781548864117713959e-01 -2.764309244634947316e+00
4.300000000000000436e-04 4.462512600314783029e-01 -2.764309244634947316e+00
4.400000000000000157e-04 4.153551165895102426e-01 -2.764309244634947316e+00
4.500000000000000419e-04 3.760632819948334649e-01 -2.764309244634947316e+00
4.600000000000000139e-04 3.404655515073485295e-01 -2.764309244634947316e+00
4.700000000000000401e-04 3.015095445587800960e-01 -2.764309244634947316e+00
4.800000000000000664e-04 2.591952611491282199e-01 -2.764309244634947316e+00
4.900000000000000926e-04 2.158734948011512833e-01 -2.360766680683420660e+00
5.000000000000000104e-04 1.749025219759327565e-01 -1.936304686159155963e+00
5.100000000000000366e-04 1.315807556279558199e-01 -1.503070027201162562e+00
5.200000000000000629e-04 8.859481692608719983e-02 -1.066461266537888752e+00
5.300000000000000891e-04 4.325808470146014911e-02 -6.271532245103906833e-01
5.400000000000000069e-04 -3.757785753708638501e-03 -1.824466197544440949e-01
5.500000000000000331e-04 -4.338544799449375877e-02 2.663089070478388276e-01
5.600000000000000594e-04 -8.872218021912081642e-02 7.089910507806173046e-01
5.700000000000000856e-04 -1.290214977521226269e-01 1.150323553831283485e+00
5.800000000000000034e-04 -1.726790917462079078e-01 1.586932314494557295e+00
5.900000000000000296e-04 -2.129784092792097461e-01 2.018479922599910381e+00
6.000000000000000559e-04 -2.593226244421618643e-01 2.442941917124175077e+00
6.100000000000000821e-04 -2.965994931601885209e-01 2.763481579125805609e+00
6.199999999999999999e-04 -3.355555001087569544e-01 2.763481579125805609e+00
6.300000000000000261e-04 -3.735040241190003552e-01 2.763481579125805609e+00
6.400000000000000524e-04 -4.107808928370270118e-01 2.763481579125805609e+00
6.500000000000000786e-04 -4.460427956784036030e-01 2.763481579125805609e+00
6.600000000000001048e-04 -4.836554920425386594e-01 2.763481579125805609e+00
6.700000000000000226e-04 -5.111933590234232216e-01 2.763481579125805609e+00
6.800000000000000488e-04 -5.407461918809578494e-01 2.763481579125805609e+00
6.900000000000000751e-04 -5.662690929851923460e-01 2.763481579125805609e+00
7.000000000000001013e-04 -5.924636493816435312e-01 2.763481579125805609e+00
7.100000000000000191e-04 -6.139566187325777857e-01 2.763481579125805609e+00
7.200000000000000453e-04 -6.351137604374037515e-01 2.763481579125805609e+00
7.300000000000000716e-04 -6.508976598044960982e-01 2.763481579125805609e+00
7.400000000000000978e-04 -6.650024209410467790e-01 2.763481579125805609e+00
7.500000000000000156e-04 -6.774280438470556831e-01 2.763481579125805609e+00
7.600000000000000418e-04 -6.875028732303061219e-01 2.763481579125805609e+00
7.700000000000000681e-04 -6.952269090907980953e-01 2.763481579125805609e+00
7.800000000000000943e-04 -6.985851855518816489e-01 2.763481579125805609e+00
7.900000000000000121e-04 -6.995926684902066262e-01 2.763481579125805609e+00
8.000000000000000383e-04 -7.022792896590734912e-01 2.763481579125805609e+00
8.100000000000000646e-04 -6.985851855518816489e-01 2.763481579125805609e+00
8.200000000000000908e-04 -6.885103561686312101e-01 2.763481579125805609e+00
8.300000000000001170e-04 -6.797788373698141484e-01 2.763481579125805609e+00
8.400000000000000348e-04 -6.686965250482386214e-01 2.763481579125805609e+00
8.500000000000000611e-04 -6.529126256811462747e-01 2.763481579125805609e+00
8.600000000000000873e-04 -6.344421051451870630e-01 2.763481579125805609e+00
8.700000000000001135e-04 -6.132849634403610972e-01 2.763481579125805609e+00
8.800000000000000313e-04 -5.941427876121851970e-01 2.763481579125805609e+00
8.900000000000000576e-04 -5.662690929851923460e-01 2.763481579125805609e+00
9.000000000000000838e-04 -5.410820195270661381e-01 2.763481579125805609e+00
9.100000000000001100e-04 -5.125366696078565987e-01 2.763481579125805609e+00
9.200000000000000278e-04 -4.802972155814551614e-01 2.763481579125805609e+00
9.300000000000000541e-04 -4.467144509706202915e-01 2.763481579125805609e+00
9.400000000000000803e-04 -4.164899628208689752e-01 2.763481579125805609e+00
9.500000000000001065e-04 -3.782056111645172303e-01 2.763481579125805609e+00
9.600000000000001327e-04 -3.412645700925988623e-01 2.763481579125805609e+00
9.700000000000000505e-04 -3.019727354979221401e-01 2.763481579125805609e+00
9.800000000000001852e-04 -2.603301073804868970e-01 2.763481579125805609e+00
9.899999999999999946e-04 -2.196949622013767145e-01 2.367024628755368010e+00
1.000000000000000021e-03 -1.817464381911333415e-01 1.943237454572159351e+00
1.010000000000000047e-03 -1.374171889048313167e-01 1.509665385443637708e+00
1.020000000000000073e-03 -9.040131844966253771e-02 1.073394034950892140e+00
1.030000000000000100e-03 -4.707955210168559418e-02 6.327363522412819963e-01
1.040000000000000126e-03 -4.093613399816987096e-03 1.893793881674475099e-01
1.050000000000000152e-03 4.225060176313510246e-02 -2.556646267590271249e-01
1.060000000000000178e-03 8.389322988057032471e-02 -7.081316654371183628e-01
1.069999999999999988e-03 1.272149962285472891e-01 -1.142041144736168023e+00
1.080000000000000014e-03 1.722159008070659747e-01 -1.577637674887857777e+00
1.090000000000000040e-03 2.135227012783928457e-01 -2.005811181287930900e+00
1.100000000000000066e-03 2.571802952724780988e-01 -2.433309867346947541e+00
1.110000000000000092e-03 2.951288192827214996e-01 -2.764309244634947316e+00
1.120000000000000119e-03 3.337489985851815888e-01 -2.764309244634947316e+00
1.130000000000000145e-03 3.730408331798583665e-01 -2.764309244634947316e+00
1.140000000000000171e-03 4.086385636673433019e-01 -2.764309244634947316e+00
1.150000000000000197e-03 4.449079494470449259e-01 -2.764309244634947316e+00
1.160000000000000007e-03 4.781548864117713959e-01 -2.764309244634947316e+00
1.170000000000000033e-03 5.103943404381728888e-01 -2.764309244634947316e+00
1.180000000000000059e-03 5.392755180034909390e-01 -2.764309244634947316e+00
1.190000000000000085e-03 5.661417296921588127e-01 -2.764309244634947316e+00
1.200000000000000112e-03 5.903213202119598213e-01 -2.764309244634947316e+00
1.210000000000000138e-03 6.104709789784608098e-01 -2.764309244634947316e+00
1.220000000000000164e-03 6.296131548066365990e-01 -2.764309244634947316e+00
1.230000000000000190e-03 6.514419518036792534e-01 -2.764309244634947316e+00
1.240000000000000000e-03 6.675616788168799998e-01 -2.764309244634947316e+00
1.250000000000000026e-03 6.786439911384555268e-01 -2.764309244634947316e+00
1.260000000000000052e-03 6.887188205217059656e-01 -2.764309244634947316e+00
1.270000000000000078e-03 6.927487522750062077e-01 -2.764309244634947316e+00
1.280000000000000105e-03 6.967786840283063388e-01 -2.764309244634947316e+00
1.290000000000000131e-03 6.984578222588481156e-01 -2.764309244634947316e+00
1.300000000000000157e-03 6.977861669666314270e-01 -2.764309244634947316e+00
1.310000000000000183e-03 6.950995457977645620e-01 -2.764309244634947316e+00
1.320000000000000210e-03 6.883829928755976768e-01 -2.764309244634947316e+00
1.330000000000000019e-03 6.769648529079137500e-01 -2.764309244634947316e+00
1.340000000000000045e-03 6.665541958785550225e-01 -2.764309244634947316e+00
1.350000000000000071e-03 6.500986412192458763e-01 -2.764309244634947316e+00
1.360000000000000098e-03 6.339789142060451299e-01 -2.764309244634947316e+00
1.370000000000000124e-03 6.134934277934359637e-01 -2.764309244634947316e+00
1.380000000000000150e-03 5.916646307963933094e-01 -2.764309244634947316e+00
1.390000000000000176e-03 5.664775573382671014e-01 -2.764309244634947316e+00
1.400000000000000203e-03 5.399471732957076275e-01 -2.764309244634947316e+00
1.410000000000000012e-03 5.093868574998479115e-01 -2.764309244634947316e+00
1.420000000000000038e-03 4.778190587656630517e-01 -2.764309244634947316e+00
1.430000000000000064e-03 4.479303982620200797e-01 -2.764309244634947316e+00
1.440000000000000091e-03 4.123326677745350888e-01 -2.764309244634947316e+00
1.450000000000000117e-03 3.784140755175919302e-01 -2.764309244634947316e+00
1.460000000000000143e-03 3.394580685690234967e-01 -2.764309244634947316e+00
1.470000000000000169e-03 2.994945786821300304e-01 -2.764309244634947316e+00
1.480000000000000196e-03 2.605385717335615969e-01 -2.764309244634947316e+00
1.490000000000000222e-03 2.152018395089345948e-01 -2.361441501024476697e+00
1.500000000000000031e-03 1.765816602064745056e-01 -1.934955045477043889e+00
1.510000000000000057e-03 1.322524109201725084e-01 -1.504757078053802655e+00
1.520000000000000084e-03 8.657985104943710652e-02 -1.068823137731585105e+00
1.530000000000000110e-03 4.426556763978519576e-02 -6.264784041693345351e-01
1.540000000000000136e-03 -7.353369387335024522e-04 -1.794099282196917888e-01
1.550000000000000162e-03 -4.170630976395201667e-02 2.649592663657267533e-01
1.560000000000000189e-03 -8.771469728079575590e-02 7.103406914627293789e-01
1.570000000000000215e-03 -1.320439465670977530e-01 1.149648733490227448e+00
1.580000000000000024e-03 -1.736865746845329683e-01 1.587269724665085313e+00
1.590000000000000050e-03 -2.170083410325099327e-01 2.016118051406214473e+00
1.600000000000000077e-03 -2.576434862116200875e-01 2.442267096783119040e+00
1.610000000000000103e-03 -2.959278378679718324e-01 2.763481579125805609e+00
1.620000000000000129e-03 -3.355555001087569544e-01 2.763481579125805609e+00
1.630000000000000155e-03 -3.714890582423502341e-01 2.763481579125805609e+00
1.640000000000000182e-03 -4.141391692981105099e-01 2.763481579125805609e+00
1.650000000000000208e-03 -4.477219339089453798e-01 2.763481579125805609e+00
1.660000000000000234e-03 -4.829838367503219709e-01 2.763481579125805609e+00
1.670000000000000043e-03 -5.098500484389897336e-01 2.763481579125805609e+00
1.680000000000000070e-03 -5.390670536504160726e-01 2.763481579125805609e+00
1.690000000000000096e-03 -5.669407482774090346e-01 2.763481579125805609e+00
1.700000000000000122e-03 -5.921278217355351314e-01 2.763481579125805609e+00
1.710000000000000148e-03 -6.142924463786861855e-01 2.763481579125805609e+00
1.720000000000000175e-03 -6.317554839763203089e-01 2.763481579125805609e+00
1.730000000000000201e-03 -6.522409703889295862e-01 2.763481579125805609e+00
1.740000000000000227e-03 -6.663457315254801561e-01 2.763481579125805609e+00
1.750000000000000036e-03 -6.777638714931639718e-01 2.763481579125805609e+00
1.760000000000000063e-03 -6.871670455841977221e-01 2.763481579125805609e+00
1.770000000000000089e-03 -6.942194261524731180e-01 2.763481579125805609e+00
1.780000000000000115e-03 -7.002643237824233147e-01 2.763481579125805609e+00
1.790000000000000141e-03 -7.009359790746401142e-01 2.763481579125805609e+00
1.800000000000000168e-03 -7.006001514285317144e-01 2.763481579125805609e+00
1.810000000000000194e-03 -6.985851855518816489e-01 2.763481579125805609e+00
1.820000000000000220e-03 -6.885103561686312101e-01 2.763481579125805609e+00
1.830000000000000246e-03 -6.831371138308975910e-01 2.763481579125805609e+00
1.840000000000000056e-03 -6.683606974021302216e-01 2.763481579125805609e+00
1.850000000000000082e-03 -6.519051427428211865e-01 2.763481579125805609e+00
1.860000000000000108e-03 -6.364570710218371286e-01 2.763481579125805609e+00
1.870000000000000134e-03 -6.159715846092278513e-01 2.763481579125805609e+00
1.880000000000000161e-03 -5.904486835049933546e-01 2.763481579125805609e+00
1.890000000000000187e-03 -5.686198865079508113e-01 2.763481579125805609e+00
1.900000000000000213e-03 -5.390670536504160726e-01 2.763481579125805609e+00
1.910000000000000239e-03 -5.142158078383982645e-01 2.763481579125805609e+00
1.920000000000000265e-03 -4.829838367503219709e-01 2.763481579125805609e+00
1.930000000000000075e-03 -4.497368997855954453e-01 2.763481579125805609e+00
1.940000000000000101e-03 -4.131316863597854772e-01 2.763481579125805609e+00
1.950000000000000127e-03 -3.792130941028422630e-01 2.763481579125805609e+00
1.960000000000000370e-03 -3.389137765698404525e-01 2.763481579125805609e+00
1.969999999999999963e-03 -3.033160460823555171e-01 2.763481579125805609e+00
1.979999999999999989e-03 -2.586509691499451757e-01 2.763481579125805609e+00
1.990000000000000015e-03 -2.220457557241351521e-01 2.363313116879559583e+00
2.000000000000000042e-03 -1.770448511456164387e-01 1.940538173207934980e+00
2.010000000000000068e-03 -1.333872571515311578e-01 1.511015026125750005e+00
2.020000000000000094e-03 -9.073714609577090973e-02 1.073394034950892140e+00
2.030000000000000120e-03 -4.607206916336054753e-02 6.340859929233940706e-01
2.040000000000000147e-03 -2.750302815383593585e-03 1.900542085085035748e-01
2.050000000000000173e-03 4.426556763978519576e-02 -2.610631894874756442e-01
2.060000000000000199e-03 8.691567869554545078e-02 -7.064446145844782698e-01
2.070000000000000225e-03 1.282224791668723218e-01 -1.145752656611976450e+00
2.080000000000000251e-03 1.702009349304158814e-01 -1.584048468127890352e+00
2.090000000000000278e-03 2.145301842167178785e-01 -2.013909025380603346e+00
2.100000000000000304e-03 2.551653293958280333e-01 -2.437696199563812005e+00
2.110000000000000330e-03 2.971437851593715651e-01 -2.764309244634947316e+00
2.120000000000000356e-03 3.371072750462650314e-01 -2.764309244634947316e+00
2.130000000000000383e-03 3.727050055337499668e-01 -2.764309244634947316e+00
2.139999999999999975e-03 4.116610124823184003e-01 -2.764309244634947316e+00
2.150000000000000001e-03 4.432288112165031491e-01 -2.764309244634947316e+00
2.160000000000000028e-03 4.815131628728548940e-01 -2.764309244634947316e+00
2.170000000000000054e-03 5.083793745615228232e-01 -2.764309244634947316e+00
2.180000000000000080e-03 5.389396903573825393e-01 -2.764309244634947316e+00
2.190000000000000106e-03 5.668133849843755012e-01 -2.764309244634947316e+00
2.200000000000000133e-03 5.889780096275264443e-01 -2.764309244634947316e+00
2.210000000000000159e-03 6.124859448551108754e-01 -2.764309244634947316e+00
2.220000000000000185e-03 6.296131548066365990e-01 -2.764309244634947316e+00
2.230000000000000211e-03 6.527852623881127414e-01 -2.764309244634947316e+00
2.240000000000000237e-03 6.662183682324466227e-01 -2.764309244634947316e+00
2.250000000000000264e-03 6.756215423234803730e-01 -2.764309244634947316e+00
2.260000000000000290e-03 6.863680269989475002e-01 -2.764309244634947316e+00
2.270000000000000316e-03 6.950995457977645620e-01 -2.764309244634947316e+00
2.280000000000000342e-03 6.987936499049564043e-01 -2.764309244634947316e+00
2.290000000000000369e-03 7.001369604893897813e-01 -2.764309244634947316e+00
2.300000000000000395e-03 6.998011328432814926e-01 -2.764309244634947316e+00
2.309999999999999987e-03 6.950995457977645620e-01 -2.764309244634947316e+00
2.320000000000000014e-03 6.870396822911641888e-01 -2.764309244634947316e+00
2.330000000000000040e-03 6.793156464306722153e-01 -2.764309244634947316e+00
2.340000000000000066e-03 6.662183682324466227e-01 -2.764309244634947316e+00
2.350000000000000092e-03 6.541285729725461184e-01 -2.764309244634947316e+00
2.360000000000000119e-03 6.312922930371783758e-01 -2.764309244634947316e+00
2.370000000000000145e-03 6.124859448551108754e-01 -2.764309244634947316e+00
2.380000000000000171e-03 5.906571478580682211e-01 -2.764309244634947316e+00
2.390000000000000197e-03 5.698358337993506550e-01 -2.764309244634947316e+00
2.400000000000000223e-03 5.382680350651658507e-01 -2.764309244634947316e+00
2.410000000000000250e-03 5.100585127920646000e-01 -2.764309244634947316e+00
2.420000000000000276e-03 4.801698522884215170e-01 -2.764309244634947316e+00
2.430000000000000302e-03 4.489378812003451125e-01 -2.764309244634947316e+00
2.440000000000000328e-03 4.133401507128601771e-01 -2.764309244634947316e+00
2.450000000000000355e-03 3.787499031637002744e-01 -2.764309244634947316e+00
2.460000000000000381e-03 3.391222409229151524e-01 -2.764309244634947316e+00
2.470000000000000407e-03 2.984870957438049976e-01 -2.764309244634947316e+00
2.480000000000000000e-03 2.605385717335615969e-01 -2.764309244634947316e+00
2.490000000000000026e-03 2.172168053855846603e-01 -2.364140782388700845e+00
2.500000000000000052e-03 1.749025219759327565e-01 -1.940691018376020427e+00
2.510000000000000078e-03 1.332598938584975412e-01 -1.507793769588555044e+00
2.520000000000000104e-03 8.624402340332876227e-02 -1.068823137731585105e+00
2.530000000000000131e-03 4.493722293200189122e-02 -6.298525058746149430e-01
2.540000000000000157e-03 -3.995092926251540746e-04 -1.824466197544440949e-01
2.550000000000000183e-03 -4.304962034838541451e-02 2.619225748309744750e-01
2.560000000000000209e-03 -8.737886963468741164e-02 7.089910507806173046e-01
2.570000000000000236e-03 -1.307006359826643482e-01 1.146274631784947040e+00
2.580000000000000262e-03 -1.726790917462079078e-01 1.586257494153501035e+00
2.590000000000000288e-03 -2.153292028019681836e-01 2.011731719189350009e+00
2.600000000000000314e-03 -2.569718309194033989e-01 2.441929686612591244e+00
2.610000000000000341e-03 -2.959278378679718324e-01 2.763481579125805609e+00
2.620000000000000367e-03 -3.375704659854070755e-01 2.763481579125805609e+00
2.630000000000000393e-03 -3.755189899956504207e-01 2.763481579125805609e+00
2.640000000000000419e-03 -4.107808928370270118e-01 2.763481579125805609e+00
2.650000000000000012e-03 -4.450353127400785702e-01 2.763481579125805609e+00
2.660000000000000038e-03 -4.792897326431301286e-01 2.763481579125805609e+00
2.670000000000000064e-03 -5.111933590234232216e-01 2.763481579125805609e+00
2.680000000000000090e-03 -5.380595707120910953e-01 2.763481579125805609e+00
2.690000000000000117e-03 -5.652616100468672578e-01 2.763481579125805609e+00
2.700000000000000143e-03 -5.880978899822350003e-01 2.763481579125805609e+00
2.710000000000000169e-03 -6.142924463786861855e-01 2.763481579125805609e+00
2.720000000000000195e-03 -6.337704498529703745e-01 2.763481579125805609e+00
2.730000000000000222e-03 -6.532484533272545635e-01 2.763481579125805609e+00
2.740000000000000248e-03 -6.660099038793718673e-01 2.763481579125805609e+00
2.750000000000000274e-03 -6.794430097237057486e-01 2.763481579125805609e+00
2.760000000000000300e-03 -6.878387008764145216e-01 2.763481579125805609e+00
2.770000000000000327e-03 -6.975777026135565606e-01 2.763481579125805609e+00
2.780000000000000353e-03 -6.975777026135565606e-01 2.763481579125805609e+00
2.790000000000000379e-03 -7.046300831818318455e-01 2.763481579125805609e+00
2.800000000000000405e-03 -7.009359790746401142e-01 2.763481579125805609e+00
2.810000000000000431e-03 -6.972418749674482719e-01 2.763481579125805609e+00
2.820000000000000024e-03 -6.895178391069561874e-01 2.763481579125805609e+00
2.830000000000000050e-03 -6.844804244153309680e-01 2.763481579125805609e+00
2.840000000000000076e-03 -6.703756632787803982e-01 2.763481579125805609e+00
2.850000000000000103e-03 -6.532484533272545635e-01 2.763481579125805609e+00
2.860000000000000129e-03 -6.347779327912954628e-01 2.763481579125805609e+00
2.870000000000000155e-03 -6.136207910864694970e-01 2.763481579125805609e+00
2.880000000000000181e-03 -5.934711323199685085e-01 2.763481579125805609e+00
2.890000000000000208e-03 -5.716423353229258542e-01 2.763481579125805609e+00
2.900000000000000234e-03 -5.427611577576079149e-01 2.763481579125805609e+00
2.910000000000000260e-03 -5.125366696078565987e-01 2.763481579125805609e+00
2.920000000000000286e-03 -4.819763538119968826e-01 2.763481579125805609e+00
2.930000000000000313e-03 -4.487294168472704126e-01 2.763481579125805609e+00
2.940000000000000339e-03 -4.164899628208689752e-01 2.763481579125805609e+00
2.950000000000000365e-03 -3.785414388106255745e-01 2.763481579125805609e+00
2.960000000000000391e-03 -3.399212595081654853e-01 2.763481579125805609e+00
2.970000000000000417e-03 -3.019727354979221401e-01 2.763481579125805609e+00
2.980000000000000444e-03 -2.589867967960535200e-01 2.763481579125805609e+00
2.990000000000000036e-03 -2.223815833702434963e-01 2.367699449096424047e+00
3.000000000000000062e-03 -1.777165064378331549e-01 1.943237454572159351e+00
3.010000000000000089e-03 -1.340589124437478463e-01 1.508990565102581671e+00
3.020000000000000115e-03 -9.409542255685438006e-02 1.069682523075083713e+00
3.030000000000000141e-03 -4.775120739390228963e-02 6.310493013886417923e-01
3.040000000000000167e-03 -4.765268692033684285e-03 1.873549271442793152e-01
3.050000000000000194e-03 3.956398059426831371e-02 -2.583639081232513846e-01
3.060000000000000220e-03 8.557236811111204600e-02 -7.034079230497258806e-01
3.070000000000000246e-03 1.278866515207639776e-01 -1.148114527805672580e+00
3.080000000000000272e-03 1.718800731609576304e-01 -1.586072929151058464e+00
3.090000000000000299e-03 2.155376671550429390e-01 -2.017283127085883976e+00
3.100000000000000325e-03 2.561728123341530661e-01 -2.437696199563812005e+00
3.110000000000000351e-03 2.964721298671548766e-01 -2.764309244634947316e+00
3.120000000000000377e-03 3.334131709390732445e-01 -2.764309244634947316e+00
3.130000000000000403e-03 3.723691778876416225e-01 -2.764309244634947316e+00
3.140000000000000430e-03 4.109893571901017117e-01 -2.764309244634947316e+00
3.150000000000000456e-03 4.452437770931532701e-01 -2.764309244634947316e+00
3.160000000000000048e-03 4.764757481812296747e-01 -2.764309244634947316e+00
3.170000000000000075e-03 5.107301680842812885e-01 -2.764309244634947316e+00
3.180000000000000101e-03 5.369247244807324737e-01 -2.764309244634947316e+00
3.190000000000000127e-03 5.631192808771836589e-01 -2.764309244634947316e+00
3.200000000000000153e-03 5.906571478580682211e-01 -2.764309244634947316e+00
3.210000000000000180e-03 6.124859448551108754e-01 -2.764309244634947316e+00
3.220000000000000206e-03 6.309564653910700871e-01 -2.764309244634947316e+00
3.230000000000000232e-03 6.517777794497876531e-01 -2.764309244634947316e+00
3.240000000000000258e-03 6.655467129402299342e-01 -2.764309244634947316e+00
3.250000000000000284e-03 6.793156464306722153e-01 -2.764309244634947316e+00
3.260000000000000311e-03 6.860321993528392115e-01 -2.764309244634947316e+00
3.270000000000000337e-03 6.947637181516562732e-01 -2.764309244634947316e+00
3.280000000000000363e-03 6.998011328432814926e-01 -2.764309244634947316e+00
3.290000000000000389e-03 7.008086157816064699e-01 -2.764309244634947316e+00
3.300000000000000416e-03 6.961070287360896502e-01 -2.764309244634947316e+00
3.310000000000000442e-03 6.937562352133311849e-01 -2.764309244634947316e+00
3.320000000000000468e-03 6.890546481678143653e-01 -2.764309244634947316e+00
3.330000000000000061e-03 6.799873017228889038e-01 -2.764309244634947316e+00
3.340000000000000087e-03 6.665541958785550225e-01 -2.764309244634947316e+00
3.350000000000000113e-03 6.524494347420043416e-01 -2.764309244634947316e+00
3.360000000000000139e-03 6.353222247904786180e-01 -2.764309244634947316e+00
3.370000000000000166e-03 6.141650830856526522e-01 -2.764309244634947316e+00
3.380000000000000192e-03 5.879705266892014670e-01 -2.764309244634947316e+00
3.390000000000000218e-03 5.691641785071339665e-01 -2.764309244634947316e+00
3.400000000000000244e-03 5.359172415424073854e-01 -2.764309244634947316e+00
3.410000000000000270e-03 5.130809616070397539e-01 -2.764309244634947316e+00
3.420000000000000297e-03 4.821848181650715826e-01 -2.764309244634947316e+00
3.430000000000000323e-03 4.469229153236949914e-01 -2.764309244634947316e+00
3.440000000000000349e-03 4.123326677745350888e-01 -2.764309244634947316e+00
3.450000000000000375e-03 3.784140755175919302e-01 -2.764309244634947316e+00
3.460000000000000402e-03 3.367714474001566871e-01 -2.764309244634947316e+00
3.470000000000000428e-03 3.021811998509967845e-01 -2.764309244634947316e+00
3.480000000000000454e-03 2.565086399802614103e-01 -2.764309244634947316e+00
3.490000000000000480e-03 2.195675989083430979e-01 -2.367514884093981475e+00
3.500000000000000073e-03 1.759100049142578170e-01 -1.943390299740244798e+00
3.510000000000000099e-03 1.335957215046058855e-01 -1.507456359418027025e+00
3.520000000000000125e-03 9.060978280273729313e-02 -1.069160547902113123e+00
3.530000000000000152e-03 4.258642940924345366e-02 -6.281654550219747390e-01
3.540000000000000178e-03 9.438012918082398697e-04 -1.810969790723319650e-01
3.550000000000000204e-03 -4.472875857892715662e-02 2.615851646604464564e-01
3.560000000000000230e-03 -8.872218021912081642e-02 7.130399728269536386e-01
3.570000000000000256e-03 -1.310364636287727202e-01 1.148973913149171189e+00
3.580000000000000283e-03 -1.746940576228580011e-01 1.582545982277692831e+00
3.590000000000000309e-03 -2.166725133864015607e-01 2.016792871747270510e+00
3.600000000000000335e-03 -2.576434862116200875e-01 2.437543354395726780e+00
3.610000000000000361e-03 -3.009652525595970518e-01 2.763481579125805609e+00
3.620000000000000388e-03 -3.355555001087569544e-01 2.763481579125805609e+00
3.630000000000000414e-03 -3.748473347034337322e-01 2.763481579125805609e+00
3.640000000000000440e-03 -4.121242034214604444e-01 2.763481579125805609e+00
3.650000000000000466e-03 -4.480577615550537240e-01 2.763481579125805609e+00
3.660000000000000493e-03 -4.769389391203716633e-01 2.763481579125805609e+00
3.670000000000000085e-03 -5.111933590234232216e-01 2.763481579125805609e+00
3.680000000000000111e-03 -5.414178471731745379e-01 2.763481579125805609e+00
3.690000000000000138e-03 -5.676124035696257231e-01 2.763481579125805609e+00
3.700000000000000164e-03 -5.927994770277518199e-01 2.763481579125805609e+00
3.710000000000000190e-03 -6.132849634403610972e-01 2.763481579125805609e+00
3.720000000000000216e-03 -6.347779327912954628e-01 2.763481579125805609e+00
3.730000000000000242e-03 -6.485468662817377439e-01 2.763481579125805609e+00
3.740000000000000269e-03 -6.680248697560219329e-01 2.763481579125805609e+00
3.750000000000000295e-03 -6.817938032464642140e-01 2.763481579125805609e+00
3.760000000000000321e-03 -6.838087691231142795e-01 2.763481579125805609e+00
3.770000000000000347e-03 -6.962343920291231836e-01 2.763481579125805609e+00
3.780000000000000374e-03 -7.002643237824233147e-01 2.763481579125805609e+00
3.790000000000000400e-03 -6.999284961363150259e-01 2.763481579125805609e+00
3.800000000000000426e-03 -7.042942555357235568e-01 2.763481579125805609e+00
3.810000000000000452e-03 -6.979135302596649604e-01 2.763481579125805609e+00
3.820000000000000479e-03 -6.905253220452812757e-01 2.763481579125805609e+00
3.830000000000000505e-03 -6.794430097237057486e-01 2.763481579125805609e+00
3.840000000000000531e-03 -6.660099038793718673e-01 2.763481579125805609e+00
3.850000000000000124e-03 -6.535842809733629633e-01 2.763481579125805609e+00
3.860000000000000150e-03 -6.367928986679455283e-01 2.763481579125805609e+00
3.870000000000000176e-03 -6.173148951936613393e-01 2.763481579125805609e+00
3.880000000000000202e-03 -5.938069599660769082e-01 2.763481579125805609e+00
3.890000000000000228e-03 -5.686198865079508113e-01 2.763481579125805609e+00
3.900000000000000255e-03 -5.427611577576079149e-01 2.763481579125805609e+00
3.910000000000000281e-03 -5.108575313773148219e-01 2.763481579125805609e+00
3.920000000000000741e-03 -4.806330432275635056e-01 2.763481579125805609e+00
3.930000000000000333e-03 -4.463786233245119472e-01 2.763481579125805609e+00
3.939999999999999926e-03 -4.107808928370270118e-01 2.763481579125805609e+00
3.950000000000000386e-03 -3.802205770411672958e-01 2.763481579125805609e+00
3.959999999999999978e-03 -3.402570871542738296e-01 2.763481579125805609e+00
3.970000000000000438e-03 -3.006294249134887075e-01 2.763481579125805609e+00
3.980000000000000031e-03 -2.610017626727035855e-01 2.763481579125805609e+00
3.990000000000000491e-03 -2.183516516169433097e-01 2.367699449096424047e+00
4.000000000000000083e-03 -1.757015405611830616e-01 1.942225224060575295e+00
4.010000000000000543e-03 -1.343947400898561906e-01 1.508653154932053653e+00
4.020000000000000136e-03 -9.409542255685438006e-02 1.075081085803532233e+00
4.030000000000000596e-03 -4.775120739390228963e-02 6.337485827528660520e-01
4.040000000000000188e-03 -4.093613399816987096e-03 1.903916186790315934e-01
4.050000000000000648e-03 3.956398059426831371e-02 -2.560020369295551435e-01
4.060000000000000241e-03 8.557236811111204600e-02 -6.963223094686372683e-01
4.070000000000000701e-03 1.268791685824389170e-01 -1.137654812519303560e+00
4.080000000000000293e-03 1.722159008070659747e-01 -1.582024007104722241e+00
4.090000000000000753e-03 2.135227012783928457e-01 -2.005136360946874863e+00
4.100000000000000346e-03 2.558369846880447218e-01 -2.432972457176419745e+00
4.109999999999999938e-03 3.008378892665634075e-01 -2.764309244634947316e+00
4.120000000000000398e-03 3.354281368157233101e-01 -2.764309244634947316e+00
4.129999999999999991e-03 3.730408331798583665e-01 -2.764309244634947316e+00
4.140000000000000450e-03 4.093102189595599905e-01 -2.764309244634947316e+00
4.150000000000000043e-03 4.439004665087198931e-01 -2.764309244634947316e+00
4.160000000000000503e-03 4.801698522884215170e-01 -2.764309244634947316e+00
4.170000000000000095e-03 5.063644086848727577e-01 -2.764309244634947316e+00
4.180000000000000555e-03 5.375963797729491622e-01 -2.764309244634947316e+00
4.190000000000000148e-03 5.641267638155086361e-01 -2.764309244634947316e+00
4.200000000000000608e-03 5.852839055203346019e-01 -2.764309244634947316e+00
4.210000000000000200e-03 6.128217725012191641e-01 -2.764309244634947316e+00
4.220000000000000660e-03 6.312922930371783758e-01 -2.764309244634947316e+00
4.230000000000000253e-03 6.497628135731375876e-01 -2.764309244634947316e+00
4.240000000000000713e-03 6.668900235246633112e-01 -2.764309244634947316e+00
4.250000000000000305e-03 6.779723358462388383e-01 -2.764309244634947316e+00
4.260000000000000765e-03 6.863680269989475002e-01 -2.764309244634947316e+00
4.270000000000000358e-03 6.934204075672228962e-01 -2.764309244634947316e+00
4.279999999999999950e-03 7.018160987199315581e-01 -2.764309244634947316e+00
4.290000000000000410e-03 7.004727881354981811e-01 -2.764309244634947316e+00
4.300000000000000003e-03 6.974503393205230273e-01 -2.764309244634947316e+00
4.310000000000000463e-03 6.957712010899812505e-01 -2.764309244634947316e+00
4.320000000000000055e-03 6.873755099372725885e-01 -2.764309244634947316e+00
4.330000000000000515e-03 6.813306123073222809e-01 -2.764309244634947316e+00
4.340000000000000108e-03 6.685691617552050880e-01 -2.764309244634947316e+00
4.350000000000000568e-03 6.497628135731375876e-01 -2.764309244634947316e+00
4.360000000000000160e-03 6.333072589138284414e-01 -2.764309244634947316e+00
4.370000000000000620e-03 6.124859448551108754e-01 -2.764309244634947316e+00
4.380000000000000213e-03 5.879705266892014670e-01 -2.764309244634947316e+00
4.390000000000000673e-03 5.651342467538337244e-01 -2.764309244634947316e+00
4.400000000000000265e-03 5.429696221106827814e-01 -2.764309244634947316e+00
4.410000000000000725e-03 5.120734786687146656e-01 -2.764309244634947316e+00
4.420000000000000318e-03 4.889013710872385787e-01 -2.764309244634947316e+00
4.430000000000000777e-03 4.496095364925618010e-01 -2.764309244634947316e+00
4.440000000000000370e-03 4.153551165895102426e-01 -2.764309244634947316e+00
4.449999999999999963e-03 3.733766608259667108e-01 -2.764309244634947316e+00
4.460000000000000422e-03 3.401297238612401852e-01 -2.764309244634947316e+00
4.470000000000000015e-03 3.005020616204550632e-01 -2.764309244634947316e+00
4.480000000000000475e-03 2.551653293958280333e-01 -2.764309244634947316e+00
4.490000000000000067e-03 2.182242883239097209e-01 -2.363803372218173049e+00
4.500000000000000527e-03 1.775891431447995383e-01 -1.940353608205492408e+00
4.510000000000000120e-03 1.309091003357391036e-01 -1.504082257712746618e+00
4.520000000000000580e-03 9.195309338717067016e-02 -1.066461266537888752e+00
4.530000000000000172e-03 4.493722293200189122e-02 -6.264784041693345351e-01
4.540000000000000632e-03 -3.995092926251540746e-04 -1.810969790723319650e-01
4.550000000000000225e-03 -4.204213741006036786e-02 2.625973951720305122e-01
4.560000000000000685e-03 -8.569973140414566259e-02 7.083162304395611564e-01
4.570000000000000277e-03 -1.290214977521226269e-01 1.149986143660755467e+00
4.580000000000000737e-03 -1.733507470384246241e-01 1.583220802618748868e+00
4.590000000000000330e-03 -2.170083410325099327e-01 2.012069129359877806e+00
4.600000000000000790e-03 -2.603301073804868970e-01 2.433157022178862317e+00
4.610000000000000382e-03 -2.949203549296467997e-01 2.763481579125805609e+00
4.619999999999999975e-03 -3.372346383392987312e-01 2.763481579125805609e+00
4.630000000000000435e-03 -3.755189899956504207e-01 2.763481579125805609e+00
4.640000000000000027e-03 -4.131316863597854772e-01 2.763481579125805609e+00
4.650000000000000487e-03 -4.460427956784036030e-01 2.763481579125805609e+00
4.660000000000000080e-03 -4.789539049970217843e-01 2.763481579125805609e+00
4.670000000000000540e-03 -5.085067378545563566e-01 2.763481579125805609e+00
4.680000000000000132e-03 -5.404103642348494496e-01 2.763481579125805609e+00
4.690000000000000592e-03 -5.696273694462757886e-01 2.763481579125805609e+00
4.700000000000000185e-03 -5.907845111511017544e-01 2.763481579125805609e+00
4.710000000000000644e-03 -6.149641016709028740e-01 2.763481579125805609e+00
4.720000000000000237e-03 -6.367928986679455283e-01 2.763481579125805609e+00
4.730000000000000697e-03 -6.525767980350378750e-01 2.763481579125805609e+00
4.740000000000000289e-03 -6.666815591715885558e-01 2.763481579125805609e+00
4.750000000000000749e-03 -6.801146650159224372e-01 2.763481579125805609e+00
4.760000000000000342e-03 -6.895178391069561874e-01 2.763481579125805609e+00
4.770000000000000802e-03 -6.975777026135565606e-01 2.763481579125805609e+00
4.780000000000000394e-03 -7.009359790746401142e-01 2.763481579125805609e+00
4.789999999999999987e-03 -7.002643237824233147e-01 2.763481579125805609e+00
4.800000000000000447e-03 -7.019434620129650915e-01 2.763481579125805609e+00
4.810000000000000039e-03 -6.945552537985814068e-01 2.763481579125805609e+00
4.820000000000000499e-03 -6.965702196752315833e-01 2.763481579125805609e+00
4.830000000000000092e-03 -6.780996991392723716e-01 2.763481579125805609e+00
4.840000000000000552e-03 -6.686965250482386214e-01 2.763481579125805609e+00
4.850000000000000144e-03 -6.555992468500130288e-01 2.763481579125805609e+00
4.860000000000000604e-03 -6.337704498529703745e-01 2.763481579125805609e+00
4.870000000000000197e-03 -6.166432399014445398e-01 2.763481579125805609e+00
4.880000000000000657e-03 -5.951502705505102853e-01 2.763481579125805609e+00
4.890000000000000249e-03 -5.679482312157340118e-01 2.763481579125805609e+00
4.900000000000000709e-03 -5.420895024653912264e-01 2.763481579125805609e+00
4.910000000000000302e-03 -5.138799801922899757e-01 2.763481579125805609e+00
4.920000000000000762e-03 -4.826480091042136267e-01 2.763481579125805609e+00
4.930000000000000354e-03 -4.473861062628370355e-01 2.763481579125805609e+00
4.940000000000000814e-03 -4.158183075286522312e-01 2.763481579125805609e+00
4.950000000000000407e-03 -3.748473347034337322e-01 2.763481579125805609e+00
4.959999999999999999e-03 -3.416003977387072621e-01 2.763481579125805609e+00
4.970000000000000459e-03 -3.023085631440304843e-01 2.763481579125805609e+00
4.980000000000000052e-03 -2.616734179649202741e-01 2.763481579125805609e+00
4.990000000000000512e-03 -2.186874792630516540e-01 2.363650527050087380e+00
5.000000000000000104e-03 -1.770448511456164387e-01 1.941550403719519036e+00
5.010000000000000564e-03 -1.343947400898561906e-01 1.507978334590997616e+00
5.020000000000000157e-03 -8.905800786522916068e-02 1.074068855291948177e+00
5.030000000000000616e-03 -4.573624151725219633e-02 6.313867115591698109e-01
5.040000000000000209e-03 -4.765268692033684285e-03 1.883671576558633987e-01
5.050000000000000669e-03 4.090729117870171155e-02 -2.600509589758914775e-01
5.060000000000000261e-03 8.389322988057032471e-02 -7.034079230497258806e-01
5.070000000000000721e-03 1.278866515207639776e-01 -1.145415246441448431e+00
5.080000000000000314e-03 1.718800731609576304e-01 -1.582024007104722241e+00
5.090000000000000774e-03 2.125152183400677852e-01 -2.014921255892187624e+00
5.100000000000000366e-03 2.541578464575030005e-01 -2.438371019904868042e+00
5.110000000000000826e-03 2.971437851593715651e-01 -2.764309244634947316e+00
