-5.120000000000000419e-03 1.460213444106147895e-01 -1.550982271416143199e+00
-5.110000000000000826e-03 1.275508238746556333e-01 -1.387675748880575544e+00
-5.100000000000000366e-03 1.114310968614548869e-01 -1.213234690717582831e+00
-5.090000000000000774e-03 9.934130160155435485e-02 -1.032045429144029525e+00
-5.080000000000000314e-03 7.751250460451170055e-02 -8.586166014926207568e-01
-5.070000000000000721e-03 6.038529465298592136e-02 -6.706791365085067458e-01
-5.060000000000000261e-03 3.922815294815996945e-02 -4.837539020359769015e-01
-5.050000000000000669e-03 2.277259828885089266e-02 -2.934545658581667604e-01
-5.040000000000000209e-03 4.302077752891724297e-03 -9.944371780454815124e-02
-5.030000000000000616e-03 -1.584758101360918270e-02 8.883115735009387837e-02
-5.020000000000000157e-03 -3.364644625735165734e-02 2.828420054037124043e-01
-5.010000000000000564e-03 -5.547524325439430470e-02 4.714542907288824525e-01
-5.000000000000000104e-03 -7.360993614424513054e-02 6.590543455424684449e-01
-4.990000000000000512e-03 -8.771469728079575590e-02 8.446299393328862148e-01
-4.980000000000000052e-03 -1.145809089694636296e-01 1.028518482270663670e+00
-4.970000000000000459e-03 -1.273423595215808779e-01 1.204309181115768679e+00
-4.959999999999999999e-03 -1.427904312425649080e-01 1.373351676550312650e+00
-4.950000000000000407e-03 -1.626042623629574690e-01 1.545768273690137251e+00
-4.940000000000000814e-03 -1.746940576228580011e-01 1.700976952133032016e+00
-4.930000000000000354e-03 -1.881271634671919379e-01 1.857535271258039078e+00
-4.920000000000000762e-03 -2.032394075420676238e-01 2.008020207313541583e+00
-4.910000000000000302e-03 -2.200307898474850588e-01 2.141634634842642271e+00
-4.900000000000000709e-03 -2.314489298151689023e-01 2.276598703053855033e+00
-4.890000000000000249e-03 -2.425312421367444016e-01 2.399078594955530885e+00
-4.880000000000000657e-03 -2.532777268122116121e-01 2.511773591911893533e+00
-4.870000000000000197e-03 -2.626809009032453623e-01 2.615695924434527697e+00
-4.860000000000000604e-03 -2.720840749942791126e-01 2.703085158601287841e+00
-4.850000000000000144e-03 -2.814872490853128628e-01 2.763481579125805609e+00
-4.840000000000000552e-03 -2.814872490853128628e-01 2.763481579125805609e+00
-4.830000000000000092e-03 -2.888754572996965475e-01 2.763481579125805609e+00
-4.820000000000000499e-03 -2.965994931601885209e-01 2.763481579125805609e+00
-4.810000000000000039e-03 -3.009652525595970518e-01 2.763481579125805609e+00
-4.800000000000000447e-03 -3.029802184362471729e-01 2.763481579125805609e+00
-4.789999999999999987e-03 -3.023085631440304843e-01 2.763481579125805609e+00
-4.780000000000000394e-03 -3.016369078518137403e-01 2.763481579125805609e+00
-4.770000000000000802e-03 -2.979428037446219535e-01 2.763481579125805609e+00
-4.760000000000000342e-03 -2.962636655140801767e-01 2.763481579125805609e+00
-4.750000000000000749e-03 -2.925695614068883343e-01 2.763481579125805609e+00
-4.740000000000000289e-03 -2.868604914230464265e-01 2.763481579125805609e+00
-4.730000000000000697e-03 -2.801439385008794858e-01 2.763481579125805609e+00
-4.720000000000000237e-03 -2.751065238092542109e-01 2.763481579125805609e+00
-4.710000000000000644e-03 -2.653675220721121164e-01 2.712195233205545009e+00
-4.700000000000000185e-03 -2.563001756271867104e-01 2.622781538015616309e+00
-4.690000000000000592e-03 -2.442103803672861506e-01 2.520883666516150701e+00
-4.680000000000000132e-03 -2.351430339223607446e-01 2.410213130582956165e+00
-4.670000000000000540e-03 -2.210382727858100915e-01 2.287395828510752072e+00
-4.660000000000000080e-03 -2.086126498798012152e-01 2.155468451834291699e+00
-4.650000000000000487e-03 -1.961870269737923111e-01 2.018142512429382585e+00
-4.640000000000000027e-03 -1.780523340839414992e-01 1.870694267908632469e+00
-4.630000000000000435e-03 -1.676416770545826884e-01 1.715822999636265500e+00
-4.619999999999999975e-03 -1.525294329797070025e-01 1.557577629658618346e+00
-4.610000000000000382e-03 -1.303648083365560040e-01 1.394271107123050690e+00
-4.600000000000000790e-03 -1.162600472000053786e-01 1.216455947254777792e+00
-4.590000000000000330e-03 -9.476707784907106857e-02 1.039990428068616746e+00
-4.580000000000000737e-03 -8.032648906641209896e-02 8.561018851308394018e-01
-4.570000000000000277e-03 -6.051265794601953102e-02 6.671521896351412240e-01
-4.560000000000000685e-03 -4.472875857892715662e-02 4.829262365268356394e-01
-4.550000000000000225e-03 -2.189247864355945566e-02 2.933017206900814244e-01
-4.540000000000000632e-03 2.721459995915428975e-04 1.013153336596310655e-01
-4.530000000000000172e-03 1.538439007446722531e-02 -8.527249064237078791e-02
-4.520000000000000580e-03 3.284742767210134529e-02 -2.799581590370454620e-01
-4.510000000000000120e-03 4.963880997751877328e-02 -4.682330341916874916e-01
-4.500000000000000527e-03 6.878098580569463882e-02 -6.548208584936893173e-01
-4.490000000000000067e-03 8.691567869554545078e-02 -8.397216319430509390e-01
-4.480000000000000475e-03 1.057220268776129790e-01 -1.019223842663964374e+00
-4.470000000000000015e-03 1.215059262447053534e-01 -1.196026772020653217e+00
-4.460000000000000422e-03 1.440063785339646962e-01 -1.368443369160477596e+00
-4.449999999999999963e-03 1.571036567321902888e-01 -1.537148454424493771e+00
-4.440000000000000370e-03 1.735592113914993795e-01 -1.697418285425309259e+00
-4.430000000000000777e-03 1.883356278202666934e-01 -1.852626963868204024e+00
-4.420000000000000318e-03 2.034478718951423792e-01 -2.001087438900538196e+00
-4.410000000000000725e-03 2.168809777394763161e-01 -2.143137120692840014e+00
-4.400000000000000265e-03 2.293066006454852201e-01 -2.276751548221940702e+00
-4.390000000000000673e-03 2.430755341359275012e-01 -2.394170287565696054e+00
-4.380000000000000213e-03 2.491204317658777811e-01 -2.507202694692586498e+00
-4.370000000000000620e-03 2.622177099641033182e-01 -2.611462437385748903e+00
-4.360000000000000160e-03 2.702775734707036914e-01 -2.704587644451485584e+00
-4.350000000000000568e-03 2.783374369773040646e-01 -2.764309244634947316e+00
-4.340000000000000108e-03 2.860614728377960936e-01 -2.764309244634947316e+00
-4.330000000000000515e-03 2.900914045910962802e-01 -2.764309244634947316e+00
-4.320000000000000055e-03 2.917705428216380015e-01 -2.764309244634947316e+00
-4.310000000000000463e-03 2.974796128054799094e-01 -2.764309244634947316e+00
-4.300000000000000003e-03 3.011737169126717517e-01 -2.764309244634947316e+00
-4.290000000000000410e-03 2.981512680976966534e-01 -2.764309244634947316e+00
-4.279999999999999950e-03 2.941213363443964668e-01 -2.764309244634947316e+00
-4.270000000000000358e-03 2.971437851593715651e-01 -2.764309244634947316e+00
-4.260000000000000765e-03 2.934496810521797228e-01 -2.764309244634947316e+00
-4.250000000000000305e-03 2.900914045910962802e-01 -2.764309244634947316e+00
-4.240000000000000713e-03 2.863973004839044378e-01 -2.764309244634947316e+00
-4.230000000000000253e-03 2.783374369773040646e-01 -2.764309244634947316e+00
-4.220000000000000660e-03 2.719567117012454682e-01 -2.764309244634947316e+00
-4.210000000000000200e-03 2.659118140712951606e-01 -2.710661027520990363e+00
-4.200000000000000608e-03 2.541578464575030005e-01 -2.619897691648949589e+00
-4.190000000000000148e-03 2.434113617820358455e-01 -2.517324999808427499e+00
-4.180000000000000555e-03 2.319932218143520020e-01 -2.404967413022593092e+00
-4.170000000000000095e-03 2.172168053855846603e-01 -2.280463060097749128e+00
-4.160000000000000503e-03 2.068061483562258773e-01 -2.148873093591816552e+00
-4.150000000000000043e-03 1.916939042813501914e-01 -2.011209744016379197e+00
-4.140000000000000450e-03 1.765816602064745056e-01 -1.861737038472460970e+00
-4.129999999999999991e-03 1.641560373004656015e-01 -1.711252102416958465e+00
-4.120000000000000398e-03 1.436705508878563520e-01 -1.548620400222446847e+00
-4.109999999999999938e-03 1.285583068129806661e-01 -1.382277186152127024e+00
-4.100000000000000346e-03 1.157968562608634178e-01 -1.212222460205998775e+00
-4.090000000000000753e-03 9.799799101712095006e-02 -1.028333917268221098e+00
-4.080000000000000293e-03 7.348257285121151394e-02 -8.538928591052283856e-01
-4.070000000000000701e-03 5.736284583801078835e-02 -6.683172653148106157e-01
-4.060000000000000241e-03 3.889232530205161825e-02 -4.824042613538648272e-01
-4.050000000000000648e-03 2.075763241220079935e-02 -2.904178743234143711e-01
-4.040000000000000188e-03 4.973733045108421486e-03 -1.007933584866602811e-01
-4.030000000000000596e-03 -1.584758101360918270e-02 8.916856752062191083e-02
-4.020000000000000136e-03 -3.834803330286853246e-02 2.794679036984321074e-01
-4.010000000000000543e-03 -5.446776031606925805e-02 4.674053686825461185e-01
-4.000000000000000083e-03 -7.428159143646181906e-02 6.600665760540526117e-01
-3.990000000000000491e-03 -8.905800786522916068e-02 8.446299393328862148e-01
-3.980000000000000031e-03 -1.105509772161634707e-01 1.027168841588551595e+00
-3.970000000000000438e-03 -1.243199107066057518e-01 1.204309181115768679e+00
-3.959999999999999978e-03 -1.441337418269983128e-01 1.375713547744009002e+00
-3.950000000000000386e-03 -1.592459859018739710e-01 1.542394171984856843e+00
-3.939999999999999926e-03 -1.760373682072914059e-01 1.705700694520424499e+00
-3.930000000000000333e-03 -1.891346464055169985e-01 1.862933833986487597e+00
-3.920000000000000741e-03 -2.059260287109344334e-01 2.009707258166181454e+00
-3.910000000000000281e-03 -2.149933751558598394e-01 2.147033197571091012e+00
-3.900000000000000255e-03 -2.284264810001937762e-01 2.277610933565439311e+00
-3.890000000000000228e-03 -2.418595868445277131e-01 2.399078594955530885e+00
-3.880000000000000202e-03 -2.532777268122116121e-01 2.511773591911893533e+00
-3.870000000000000176e-03 -2.633525561954620509e-01 2.614683693922943419e+00
-3.860000000000000150e-03 -2.704049367637373358e-01 2.705784439965512433e+00
-3.850000000000000124e-03 -2.764498343936876434e-01 2.763481579125805609e+00
-3.840000000000000531e-03 -2.828305596697462398e-01 2.763481579125805609e+00
-3.830000000000000505e-03 -2.918979061146716458e-01 2.763481579125805609e+00
-3.820000000000000479e-03 -2.955920102218634882e-01 2.763481579125805609e+00
-3.810000000000000452e-03 -2.992861143290553305e-01 2.763481579125805609e+00
-3.800000000000000426e-03 -3.009652525595970518e-01 2.763481579125805609e+00
-3.790000000000000400e-03 -3.033160460823555171e-01 2.763481579125805609e+00
-3.780000000000000374e-03 -3.026443907901388286e-01 2.763481579125805609e+00
-3.770000000000000347e-03 -2.996219419751636748e-01 2.763481579125805609e+00
-3.760000000000000321e-03 -2.952561825757551439e-01 2.763481579125805609e+00
-3.750000000000000295e-03 -2.915620784685633016e-01 2.763481579125805609e+00
-3.740000000000000269e-03 -2.855171808386130494e-01 2.763481579125805609e+00
-3.730000000000000242e-03 -2.811514214392045186e-01 2.763481579125805609e+00
-3.720000000000000216e-03 -2.751065238092542109e-01 2.763481579125805609e+00
-3.710000000000000190e-03 -2.636883838415703951e-01 2.713207463717128842e+00
-3.700000000000000164e-03 -2.559643479810783662e-01 2.619070026139807883e+00
-3.690000000000000138e-03 -2.468970015361529324e-01 2.518521795322454349e+00
-3.680000000000000111e-03 -2.385013103834442150e-01 2.407513849218731572e+00
-3.670000000000000085e-03 -2.227174110163518406e-01 2.286046187828639997e+00
-3.660000000000000493e-03 -2.079409945875844989e-01 2.151756939958483272e+00
-3.650000000000000466e-03 -1.941720610971422178e-01 2.016455461576742270e+00
-3.640000000000000440e-03 -1.790598170222665320e-01 1.869682037397048191e+00
-3.630000000000000414e-03 -1.622684347168491248e-01 1.717172640318377574e+00
-3.620000000000000388e-03 -1.481636735802984717e-01 1.555553168635450234e+00
-3.610000000000000361e-03 -1.307006359826643482e-01 1.391234415588298523e+00
-3.600000000000000335e-03 -1.142450813233552853e-01 1.220842279471642255e+00
-3.590000000000000309e-03 -9.644621607961281762e-02 1.038978197557032690e+00
-3.580000000000000283e-03 -7.831152318976200566e-02 8.574515258129514761e-01
-3.570000000000000256e-03 -5.715438148493604681e-02 6.732255727046458915e-01
-3.560000000000000230e-03 -4.204213741006036786e-02 4.856255178910598991e-01
-3.550000000000000204e-03 -2.357161687410120124e-02 2.960010020543056841e-01
-3.540000000000000178e-03 -5.101096338142032879e-03 1.060390760470235200e-01
-3.530000000000000152e-03 1.605604536668392077e-02 -8.594731098342685283e-02
-3.520000000000000125e-03 3.586987648707648524e-02 -2.792833386959893138e-01
-3.510000000000000099e-03 5.131794820806051538e-02 -4.665459833390472877e-01
-3.500000000000000073e-03 7.046012403623638787e-02 -6.558330890052733730e-01
-3.490000000000000480e-03 8.960229986441223260e-02 -8.417460929662191615e-01
-3.480000000000000454e-03 1.090803033386964493e-01 -1.020573483346076449e+00
-3.470000000000000428e-03 1.245283750596804795e-01 -1.204124616113325885e+00
-3.460000000000000402e-03 1.426630679495313192e-01 -1.372492291206814041e+00
-3.450000000000000375e-03 1.550886908555401955e-01 -1.539172915447662104e+00
-3.440000000000000349e-03 1.708725902226325699e-01 -1.700454976960061426e+00
-3.430000000000000323e-03 1.893431107585917539e-01 -1.856001065573484432e+00
-3.420000000000000297e-03 2.021045613107090022e-01 -2.005136360946874863e+00
-3.410000000000000270e-03 2.175526330316930324e-01 -2.144149351204423848e+00
-3.400000000000000244e-03 2.299782559377019087e-01 -2.274389677028244350e+00
-3.390000000000000218e-03 2.373664641520855934e-01 -2.396194748588864165e+00
-3.380000000000000192e-03 2.518070529347445352e-01 -2.507877515033642979e+00
-3.370000000000000166e-03 2.568444676263697546e-01 -2.611462437385748903e+00
-3.360000000000000139e-03 2.679267799479452816e-01 -2.708973976668350048e+00
-3.350000000000000113e-03 2.769941263928706876e-01 -2.764309244634947316e+00
-3.340000000000000087e-03 2.816957134383875627e-01 -2.764309244634947316e+00
-3.330000000000000061e-03 2.890839216527712474e-01 -2.764309244634947316e+00
-3.320000000000000468e-03 2.944571639905048110e-01 -2.764309244634947316e+00
-3.310000000000000442e-03 2.958004745749381881e-01 -2.764309244634947316e+00
-3.300000000000000416e-03 2.991587510360216862e-01 -2.764309244634947316e+00
-3.290000000000000389e-03 2.984870957438049976e-01 -2.764309244634947316e+00
-3.280000000000000363e-03 2.994945786821300304e-01 -2.764309244634947316e+00
-3.270000000000000337e-03 2.988229233899133419e-01 -2.764309244634947316e+00
-3.260000000000000311e-03 2.934496810521797228e-01 -2.764309244634947316e+00
-3.250000000000000284e-03 2.910988875294213130e-01 -2.764309244634947316e+00
-3.240000000000000258e-03 2.867331281300127821e-01 -2.764309244634947316e+00
-3.230000000000000232e-03 2.803524028539541857e-01 -2.764309244634947316e+00
-3.220000000000000206e-03 2.739716775778955338e-01 -2.764309244634947316e+00
-3.210000000000000180e-03 2.632251929024284065e-01 -2.709986207179934325e+00
-3.200000000000000153e-03 2.544936741036113448e-01 -2.617198410284725441e+00
-3.190000000000000127e-03 2.454263276586859388e-01 -2.514963128614731591e+00
-3.180000000000000101e-03 2.330007047526770625e-01 -2.404292592681537055e+00
-3.170000000000000075e-03 2.182242883239097209e-01 -2.279788239756693091e+00
-3.160000000000000048e-03 2.081494589406592544e-01 -2.150222734273928626e+00
-3.150000000000000456e-03 1.940446978041086290e-01 -2.011884564357435234e+00
-3.140000000000000430e-03 1.782607984370162546e-01 -1.866460780859853452e+00
-3.130000000000000403e-03 1.661710031771156948e-01 -1.710577282075902428e+00
-3.120000000000000377e-03 1.466929997028314780e-01 -1.551657091757199236e+00
-3.110000000000000351e-03 1.302374450435224151e-01 -1.383964237004767117e+00
-3.100000000000000325e-03 1.131102350919966359e-01 -1.211547639864942738e+00
-3.090000000000000299e-03 9.430388690992910772e-02 -1.033057659655613580e+00
-3.080000000000000272e-03 7.717667695840335629e-02 -8.549050896168124414e-01
-3.070000000000000246e-03 5.736284583801078835e-02 -6.689920856558666529e-01
-3.060000000000000220e-03 4.090729117870171155e-02 -4.810546206717526418e-01
-3.050000000000000194e-03 2.008597711998410390e-02 -2.907552844939425007e-01
-3.040000000000000167e-03 3.630422460675027975e-03 -9.944371780454815124e-02
-3.030000000000000141e-03 -1.853420218247597145e-02 8.849374717956584591e-02
-3.020000000000000115e-03 -3.431810154956835279e-02 2.784556731868480517e-01
-3.010000000000000089e-03 -5.346027737774421834e-02 4.717917008994105821e-01
-3.000000000000000062e-03 -7.528907437478687958e-02 6.543306031550760737e-01
-2.990000000000000036e-03 -9.006549080355419346e-02 8.449673495034142334e-01
-2.980000000000000444e-03 -1.098793219239467545e-01 1.020420638177991002e+00
-2.970000000000000417e-03 -1.283498424599059107e-01 1.199922848898904215e+00
-2.960000000000000391e-03 -1.451412247653233456e-01 1.375376137573480984e+00
-2.950000000000000365e-03 -1.582385029635489382e-01 1.540369710961688732e+00
-2.940000000000000339e-03 -1.760373682072914059e-01 1.699964721621447961e+00
-2.930000000000000313e-03 -1.840972317138917791e-01 1.859222322110679171e+00
-2.920000000000000286e-03 -2.049185457726093729e-01 2.003633875096677119e+00
-2.910000000000000260e-03 -2.149933751558598394e-01 2.143321685695282586e+00
-2.900000000000000234e-03 -2.307772745229522138e-01 2.275923882712798996e+00
-2.890000000000000208e-03 -2.395087933217692755e-01 2.400765645808171200e+00
-2.880000000000000181e-03 -2.536135544583199564e-01 2.513460642764533848e+00
-2.870000000000000155e-03 -2.599942797343785528e-01 2.614683693922943419e+00
-2.860000000000000129e-03 -2.704049367637373358e-01 2.708821131500264379e+00
-2.850000000000000103e-03 -2.808155937930961743e-01 2.763481579125805609e+00
-2.840000000000000076e-03 -2.888754572996965475e-01 2.763481579125805609e+00
-2.830000000000000050e-03 -2.892112849458048918e-01 2.763481579125805609e+00
-2.820000000000000024e-03 -2.959278378679718324e-01 2.763481579125805609e+00
-2.810000000000000431e-03 -2.992861143290553305e-01 2.763481579125805609e+00
-2.800000000000000405e-03 -3.006294249134887075e-01 2.763481579125805609e+00
-2.790000000000000379e-03 -3.049951843128972384e-01 2.763481579125805609e+00
-2.780000000000000353e-03 -3.009652525595970518e-01 2.763481579125805609e+00
-2.770000000000000327e-03 -2.989502866829469863e-01 2.763481579125805609e+00
-2.760000000000000300e-03 -2.986144590368386420e-01 2.763481579125805609e+00
-2.750000000000000274e-03 -2.935770443452134226e-01 2.763481579125805609e+00
-2.740000000000000248e-03 -2.888754572996965475e-01 2.763481579125805609e+00
-2.730000000000000222e-03 -2.771214896859043320e-01 2.763481579125805609e+00
-2.720000000000000195e-03 -2.744348685170375224e-01 2.763481579125805609e+00
-2.710000000000000169e-03 -2.650316944260037721e-01 2.713207463717128842e+00
-2.700000000000000143e-03 -2.566360032732950547e-01 2.620757076992448198e+00
-2.690000000000000117e-03 -2.452178633056111834e-01 2.517172154640342274e+00
-2.680000000000000090e-03 -2.334638956918189956e-01 2.406501618707147738e+00
-2.670000000000000064e-03 -2.213741004319184635e-01 2.283684316634944089e+00
-2.660000000000000038e-03 -2.082768222336928710e-01 2.153781400981651384e+00
-2.650000000000000012e-03 -1.948437163893589341e-01 2.014431000553574158e+00
-2.640000000000000419e-03 -1.797314723144832482e-01 1.867320166203352061e+00
-2.630000000000000393e-03 -1.659625388240409394e-01 1.715148179295209463e+00
-2.620000000000000367e-03 -1.498428118108402207e-01 1.551166836418585770e+00
-2.610000000000000341e-03 -1.303648083365560040e-01 1.384486212177737707e+00
-2.600000000000000314e-03 -1.162600472000053786e-01 1.211057384526329272e+00
-2.590000000000000288e-03 -9.611038843350447336e-02 1.037291146704392597e+00
-2.580000000000000262e-03 -7.428159143646181906e-02 8.537400139371431607e-01
-2.570000000000000236e-03 -6.185596853045292887e-02 6.715385218520056876e-01
-2.560000000000000209e-03 -4.405710328671045423e-02 4.825888263563076208e-01
-2.550000000000000183e-03 -2.457909981242624442e-02 2.983628732480019252e-01
-2.540000000000000157e-03 -5.436923984250381474e-03 1.097505879228318770e-01
-2.530000000000000131e-03 1.202611361338373937e-02 -8.560990081289882037e-02
-2.520000000000000104e-03 3.284742767210134529e-02 -2.752344166496529798e-01
-2.510000000000000078e-03 5.131794820806051538e-02 -4.604726002695427312e-01
-2.500000000000000052e-03 7.180343462066976490e-02 -6.565079093463294102e-01
-2.490000000000000026e-03 8.859481692608719983e-02 -8.356727098967146050e-01
-2.480000000000000000e-03 1.074011651081547003e-01 -1.019561252834492393e+00
-2.470000000000000407e-03 1.208342709524886371e-01 -1.198388643214349347e+00
-2.460000000000000381e-03 1.436705508878563520e-01 -1.368780779331005837e+00
-2.450000000000000355e-03 1.594544502549487264e-01 -1.535123993401325659e+00
-2.440000000000000328e-03 1.722159008070659747e-01 -1.697080875254781240e+00
-2.430000000000000302e-03 1.863206619436166001e-01 -1.851277323186091950e+00
-2.420000000000000276e-03 2.047911824795757840e-01 -2.002774489753178511e+00
-2.410000000000000250e-03 2.165451500933679718e-01 -2.142462300351783977e+00
-2.400000000000000223e-03 2.282991177071601596e-01 -2.272702626175604479e+00
-2.390000000000000197e-03 2.380381194443022819e-01 -2.398219209612032277e+00
-2.380000000000000171e-03 2.501279147042028139e-01 -2.511589026909450961e+00
-2.370000000000000145e-03 2.618818823179949740e-01 -2.616186179773141163e+00
-2.360000000000000119e-03 2.719567117012454682e-01 -2.706612105474653696e+00
-2.350000000000000092e-03 2.766582987467623433e-01 -2.764309244634947316e+00
-2.340000000000000066e-03 2.810240581461708742e-01 -2.764309244634947316e+00
-2.330000000000000040e-03 2.860614728377960936e-01 -2.764309244634947316e+00
-2.320000000000000014e-03 2.951288192827214996e-01 -2.764309244634947316e+00
-2.309999999999999987e-03 2.994945786821300304e-01 -2.764309244634947316e+00
-2.300000000000000395e-03 2.981512680976966534e-01 -2.764309244634947316e+00
-2.290000000000000369e-03 2.974796128054799094e-01 -2.764309244634947316e+00
-2.280000000000000342e-03 2.981512680976966534e-01 -2.764309244634947316e+00
-2.270000000000000316e-03 2.968079575132632209e-01 -2.764309244634947316e+00
-2.260000000000000290e-03 2.961363022210465323e-01 -2.764309244634947316e+00
-2.250000000000000264e-03 2.924421981138546900e-01 -2.764309244634947316e+00
-2.240000000000000237e-03 2.827031963767125955e-01 -2.764309244634947316e+00
-2.230000000000000211e-03 2.806882305000625299e-01 -2.764309244634947316e+00
-2.220000000000000185e-03 2.749791605162205665e-01 -2.764309244634947316e+00
-2.210000000000000159e-03 2.618818823179949740e-01 -2.710998437691518159e+00
-2.200000000000000133e-03 2.544936741036113448e-01 -2.622934383183701978e+00
-2.190000000000000106e-03 2.434113617820358455e-01 -2.516312769296843666e+00
-2.180000000000000080e-03 2.333365323987854068e-01 -2.404630002852064852e+00
-2.170000000000000054e-03 2.209109094927765027e-01 -2.287886083849365537e+00
-2.160000000000000028e-03 2.027762166029256907e-01 -2.155621297002376924e+00
-2.150000000000000001e-03 1.937088701580002847e-01 -2.018295357597467810e+00
-2.139999999999999975e-03 1.836340407747498182e-01 -1.861062218131404933e+00
-2.130000000000000383e-03 1.631485543621405687e-01 -1.715638434633822929e+00
-2.120000000000000356e-03 1.456855167645064453e-01 -1.550644861245615180e+00
-2.110000000000000330e-03 1.312449279818474479e-01 -1.384976467516351173e+00
-2.100000000000000304e-03 1.134460627381049802e-01 -1.213572100888110850e+00
-2.090000000000000278e-03 9.195309338717067016e-02 -1.038456222384062100e+00
-2.080000000000000251e-03 7.616919402007829576e-02 -8.572669608105086825e-01
-2.070000000000000225e-03 5.870615642244417925e-02 -6.713539568495628940e-01
-2.060000000000000199e-03 3.788484236372657160e-02 -4.857783630591451240e-01
-2.050000000000000173e-03 1.773518359722566287e-02 -2.910926946644705193e-01
-2.040000000000000147e-03 2.721459995915428975e-04 -1.068667415561648515e-01
-2.030000000000000120e-03 -1.651923630582588162e-02 8.748151666798174853e-02
-2.020000000000000094e-03 -3.801220565676018126e-02 2.801427240394881446e-01
-2.010000000000000068e-03 -5.581107090050265590e-02 4.684175991941301742e-01
-2.000000000000000042e-03 -7.360993614424513054e-02 6.536557828140199256e-01
-1.990000000000000015e-03 -9.174462903409594250e-02 8.429428884802461219e-01
-1.979999999999999989e-03 -1.152525642616803458e-01 1.022107689030631095e+00
-1.969999999999999963e-03 -1.263348765832558174e-01 1.198573208216791919e+00
-1.960000000000000370e-03 -1.427904312425649080e-01 1.371327215527144538e+00
-1.950000000000000127e-03 -1.589101582557656267e-01 1.541719351643800806e+00
-1.940000000000000101e-03 -1.740224023306413126e-01 1.703676233497256387e+00
-1.930000000000000075e-03 -1.908137846360587475e-01 1.857197861087511059e+00
-1.920000000000000265e-03 -2.025677522498509353e-01 2.001946824244036804e+00
-1.910000000000000239e-03 -2.183516516169433097e-01 2.146020967059506734e+00
-1.900000000000000213e-03 -2.280906533540854320e-01 2.275586472542271199e+00
-1.890000000000000187e-03 -2.438745527211778064e-01 2.402115286490283275e+00
-1.880000000000000161e-03 -2.509269332894531468e-01 2.511773591911893533e+00
-1.870000000000000134e-03 -2.633525561954620509e-01 2.613334053240831345e+00
-1.860000000000000108e-03 -2.724199026403874568e-01 2.703759978942344322e+00
-1.850000000000000082e-03 -2.801439385008794858e-01 2.763481579125805609e+00
-1.840000000000000056e-03 -2.875321467152631150e-01 2.763481579125805609e+00
-1.830000000000000246e-03 -2.888754572996965475e-01 2.763481579125805609e+00
-1.820000000000000220e-03 -2.952561825757551439e-01 2.763481579125805609e+00
-1.810000000000000194e-03 -3.002935972673803633e-01 2.763481579125805609e+00
-1.800000000000000168e-03 -2.982786313907302977e-01 2.763481579125805609e+00
-1.790000000000000141e-03 -3.019727354979221401e-01 2.763481579125805609e+00
-1.780000000000000115e-03 -3.023085631440304843e-01 2.763481579125805609e+00
-1.770000000000000089e-03 -2.992861143290553305e-01 2.763481579125805609e+00
-1.760000000000000063e-03 -2.986144590368386420e-01 2.763481579125805609e+00
-1.750000000000000036e-03 -2.912262508224549573e-01 2.763481579125805609e+00
-1.740000000000000227e-03 -2.865246637769380822e-01 2.763481579125805609e+00
-1.730000000000000201e-03 -2.811514214392045186e-01 2.763481579125805609e+00
-1.720000000000000175e-03 -2.730915579326041454e-01 2.763481579125805609e+00
-1.710000000000000148e-03 -2.663750050104371492e-01 2.710845592523432934e+00
-1.700000000000000122e-03 -2.542852097505366449e-01 2.621769307504032032e+00
-1.690000000000000096e-03 -2.455536909517195554e-01 2.520546256345622460e+00
-1.680000000000000070e-03 -2.344713786301440284e-01 2.404139747513451386e+00
-1.670000000000000043e-03 -2.210382727858100915e-01 2.284021726805471886e+00
-1.660000000000000234e-03 -2.086126498798012152e-01 2.150744709446898995e+00
-1.650000000000000208e-03 -1.945078887432505621e-01 2.014431000553574158e+00
-1.640000000000000182e-03 -1.807389552528082810e-01 1.864620884839127690e+00
-1.630000000000000155e-03 -1.689849876390160932e-01 1.715485589465737482e+00
-1.620000000000000129e-03 -1.498428118108402207e-01 1.549817195736473696e+00
-1.610000000000000103e-03 -1.317081189209894088e-01 1.384148802007209689e+00
-1.600000000000000077e-03 -1.152525642616803458e-01 1.215106306572665495e+00
-1.590000000000000050e-03 -1.028269413556714418e-01 1.031892583975944078e+00
-1.580000000000000024e-03 -7.763986789754531714e-02 8.577889359834794947e-01
-1.570000000000000215e-03 -6.219179617656127312e-02 6.755874438983420216e-01
-1.560000000000000189e-03 -4.103465447173532121e-02 4.873125687436999920e-01
-1.550000000000000162e-03 -1.920585747469267038e-02 2.953261817132496470e-01
-1.540000000000000136e-03 -4.093613399816987096e-03 1.053642557059674550e-01
-1.530000000000000110e-03 1.572021772057557304e-02 -8.695954149501095021e-02
-1.520000000000000084e-03 3.284742767210134529e-02 -2.796207488665174434e-01
-1.510000000000000057e-03 5.198960350027721083e-02 -4.662085731685192691e-01
-1.500000000000000031e-03 7.012429639012801585e-02 -6.548208584936893173e-01
-1.490000000000000222e-03 8.758733398776213930e-02 -8.410712726251631244e-01
-1.480000000000000196e-03 1.063936821698296675e-01 -1.018886432493436134e+00
-1.470000000000000169e-03 1.225134091830303862e-01 -1.200750514408045699e+00
-1.460000000000000143e-03 1.433347232417480077e-01 -1.366418908137309485e+00
-1.450000000000000117e-03 1.544170355633235070e-01 -1.537823274765549808e+00
-1.440000000000000091e-03 1.698651072843075371e-01 -1.699780156619005389e+00
-1.430000000000000064e-03 1.876639725280500048e-01 -1.854314014720844117e+00
-1.420000000000000038e-03 2.041195271873590678e-01 -1.998050747365786028e+00
-1.410000000000000012e-03 2.145301842167178785e-01 -2.139088198646503347e+00
-1.400000000000000203e-03 2.282991177071601596e-01 -2.271352985493491961e+00
-1.390000000000000176e-03 2.417322235514941242e-01 -2.392145826542527498e+00
-1.380000000000000150e-03 2.511353976425278467e-01 -2.505515643839946627e+00
-1.370000000000000124e-03 2.598669164413449084e-01 -2.609100566192052550e+00
-1.360000000000000098e-03 2.696059181784870029e-01 -2.702563183428317473e+00
-1.350000000000000071e-03 2.766582987467623433e-01 -2.764309244634947316e+00
-1.340000000000000045e-03 2.796807475617374417e-01 -2.764309244634947316e+00
-1.330000000000000019e-03 2.914347151755296572e-01 -2.764309244634947316e+00
-1.320000000000000210e-03 2.924421981138546900e-01 -2.764309244634947316e+00
-1.310000000000000183e-03 2.951288192827214996e-01 -2.764309244634947316e+00
-1.300000000000000157e-03 2.998304063282383747e-01 -2.764309244634947316e+00
-1.290000000000000131e-03 2.984870957438049976e-01 -2.764309244634947316e+00
-1.280000000000000105e-03 2.978154404515882536e-01 -2.764309244634947316e+00
-1.270000000000000078e-03 2.964721298671548766e-01 -2.764309244634947316e+00
-1.260000000000000052e-03 2.971437851593715651e-01 -2.764309244634947316e+00
-1.250000000000000026e-03 2.927780257599630342e-01 -2.764309244634947316e+00
-1.240000000000000000e-03 2.863973004839044378e-01 -2.764309244634947316e+00
-1.230000000000000190e-03 2.806882305000625299e-01 -2.764309244634947316e+00
-1.220000000000000164e-03 2.743075052240038780e-01 -2.764309244634947316e+00
-1.210000000000000138e-03 2.652401587790784721e-01 -2.710661027520990363e+00
-1.200000000000000112e-03 2.534861911652862565e-01 -2.619560281478421349e+00
-1.190000000000000085e-03 2.437471894281441898e-01 -2.517324999808427499e+00
-1.180000000000000059e-03 2.313215665221353134e-01 -2.404967413022593092e+00
-1.170000000000000033e-03 2.202392542005598142e-01 -2.283162341461973277e+00
-1.160000000000000007e-03 2.078136312945509101e-01 -2.148198273250760515e+00
-1.150000000000000197e-03 1.933730425118919405e-01 -2.013571615210075549e+00
-1.140000000000000171e-03 1.792682813753412874e-01 -1.865448550348269174e+00
-1.130000000000000145e-03 1.638202096543572572e-01 -1.711589512587486483e+00
-1.120000000000000119e-03 1.490437932255899156e-01 -1.549632630734031125e+00
-1.110000000000000092e-03 1.315807556279558199e-01 -1.380590135299486931e+00
-1.100000000000000066e-03 1.117669245075632312e-01 -1.208848358500718367e+00
-1.090000000000000040e-03 9.699050807879591729e-02 -1.033395069826141599e+00
-1.080000000000000014e-03 7.986329812727013810e-02 -8.532180387641722374e-01
-1.069999999999999988e-03 5.803450113022748380e-02 -6.669676246326984304e-01
-1.060000000000000178e-03 3.889232530205161825e-02 -4.793675698191125489e-01
-1.050000000000000152e-03 2.210094299663419373e-02 -2.890682336413022968e-01
-1.040000000000000126e-03 3.630422460675027975e-03 -9.303292456451553449e-02
-1.030000000000000100e-03 -1.618340865971753390e-02 9.186784888484617051e-02
-1.020000000000000073e-03 -3.666889507232679035e-02 2.852038765974086454e-01
-1.010000000000000047e-03 -5.245279443941917169e-02 4.724665212404666192e-01
-1.000000000000000021e-03 -7.226662555981172575e-02 6.634406777593329085e-01
-9.899999999999999946e-04 -9.140880138798759824e-02 8.493536817202786970e-01
-9.800000000000001852e-04 -1.082001836934050054e-01 1.029868122952775966e+00
-9.700000000000000505e-04 -1.266707042293641894e-01 1.205658821797880753e+00
-9.600000000000001327e-04 -1.424546035964565638e-01 1.378075418937705132e+00
-9.500000000000001065e-04 -1.589101582557656267e-01 1.543743812666969140e+00
-9.400000000000000803e-04 -1.753657129150747174e-01 1.702326592815144313e+00
-9.300000000000000541e-04 -1.894704740516253427e-01 1.858210091599095115e+00
-9.200000000000000278e-04 -2.035752351881759681e-01 2.002284234414565045e+00
-9.100000000000001100e-04 -2.193591345552683702e-01 2.146695787400562772e+00
-9.000000000000000838e-04 -2.307772745229522138e-01 2.280647625100191700e+00
-8.900000000000000576e-04 -2.442103803672861506e-01 2.396041903420778496e+00
-8.800000000000000313e-04 -2.576434862116200875e-01 2.510423951229781458e+00
-8.700000000000001135e-04 -2.633525561954620509e-01 2.616033334605055494e+00
-8.600000000000000873e-04 -2.747706961631458666e-01 2.707134080647624508e+00
-8.500000000000000611e-04 -2.808155937930961743e-01 2.763481579125805609e+00
-8.400000000000000348e-04 -2.861888361308297379e-01 2.763481579125805609e+00
-8.300000000000001170e-04 -2.892112849458048918e-01 2.763481579125805609e+00
-8.200000000000000908e-04 -2.935770443452134226e-01 2.763481579125805609e+00
-8.100000000000000646e-04 -2.972711484524052095e-01 2.763481579125805609e+00
-8.000000000000000383e-04 -2.982786313907302977e-01 2.763481579125805609e+00
-7.900000000000000121e-04 -3.013010802057053961e-01 2.763481579125805609e+00
-7.800000000000000943e-04 -3.009652525595970518e-01 2.763481579125805609e+00
-7.700000000000000681e-04 -3.019727354979221401e-01 2.763481579125805609e+00
-7.600000000000000418e-04 -2.959278378679718324e-01 2.763481579125805609e+00
-7.500000000000000156e-04 -2.955920102218634882e-01 2.763481579125805609e+00
-7.400000000000000978e-04 -2.871963190691547707e-01 2.763481579125805609e+00
-7.300000000000000716e-04 -2.838380426080712726e-01 2.763481579125805609e+00
-7.200000000000000453e-04 -2.737632132248208339e-01 2.763481579125805609e+00
-7.100000000000000191e-04 -2.667108326565455489e-01 2.712870053546601046e+00
-7.000000000000001013e-04 -2.563001756271867104e-01 2.619407436310336124e+00
-6.900000000000000751e-04 -2.458895185978278997e-01 2.519534025834038626e+00
-6.800000000000000488e-04 -2.344713786301440284e-01 2.405826798366091701e+00
-6.700000000000000226e-04 -2.247323768930019339e-01 2.284359136976000126e+00
-6.600000000000001048e-04 -2.079409945875844989e-01 2.152431760299539310e+00
-6.500000000000000786e-04 -1.948437163893589341e-01 2.018479922599910381e+00
-6.400000000000000524e-04 -1.790598170222665320e-01 1.868669806885464135e+00
-6.300000000000000261e-04 -1.673058494084743442e-01 1.718184870829961852e+00
-6.199999999999999999e-04 -1.471561906419734389e-01 1.555553168635450234e+00
-6.100000000000000821e-04 -1.317081189209894088e-01 1.389209954565130190e+00
-6.000000000000000559e-04 -1.135734260311385968e-01 1.216118537084249773e+00
-5.900000000000000296e-04 -9.409542255685438006e-02 1.040665248409673005e+00
-5.800000000000000034e-04 -8.066231671252044322e-02 8.574515258129514761e-01
-5.700000000000000856e-04 -6.454258969931972456e-02 6.668147794646132054e-01
-5.600000000000000594e-04 -3.901968859508522791e-02 4.859629280615879177e-01
-5.500000000000000331e-04 -2.457909981242624442e-02 2.960010020543056841e-01
-5.400000000000000069e-04 -7.787717507008819900e-03 1.040146150238553252e-01
-5.300000000000000891e-04 1.706352830500896742e-02 -8.560990081289882037e-02
-5.200000000000000629e-04 3.217577237988464983e-02 -2.796207488665174434e-01
-5.100000000000000366e-04 5.232543114638555509e-02 -4.672208036801033249e-01
-5.000000000000000104e-04 7.146760697456142064e-02 -6.544834483231612987e-01
-4.900000000000000926e-04 8.926647221830388834e-02 -8.380345810904108461e-01
-4.800000000000000664e-04 1.057220268776129790e-01 -1.023272764710300597e+00
-4.700000000000000401e-04 1.262075132902222285e-01 -1.200075694066989662e+00
-4.600000000000000139e-04 1.406481020728812259e-01 -1.369455599672061874e+00
-4.500000000000000419e-04 1.587827949627320379e-01 -1.541197376470830216e+00
-4.400000000000000157e-04 1.742308666837160680e-01 -1.701804617642173501e+00
-4.300000000000000436e-04 1.869923172358333163e-01 -1.857013296085068488e+00
-4.200000000000000174e-04 2.021045613107090022e-01 -2.003786720264762344e+00
-4.100000000000000454e-04 2.152018395089345948e-01 -2.145161581716008126e+00
-4.000000000000000192e-04 2.296424282915935644e-01 -2.276414138051412461e+00
-3.900000000000000471e-04 2.407247406131690637e-01 -2.396194748588864165e+00
-3.800000000000000209e-04 2.491204317658777811e-01 -2.507202694692586498e+00
-3.700000000000000489e-04 2.628893652563200622e-01 -2.614499128920500848e+00
-3.600000000000000227e-04 2.706134011168120357e-01 -2.705937285133597658e+00
-3.500000000000000507e-04 2.783374369773040646e-01 -2.764309244634947316e+00
-3.400000000000000244e-04 2.843823346072543168e-01 -2.764309244634947316e+00
-3.300000000000000524e-04 2.880764387144461591e-01 -2.764309244634947316e+00
-3.200000000000000262e-04 2.904272322372046244e-01 -2.764309244634947316e+00
-3.099999999999999999e-04 2.984870957438049976e-01 -2.764309244634947316e+00
-3.000000000000000279e-04 2.991587510360216862e-01 -2.764309244634947316e+00
-2.900000000000000017e-04 2.984870957438049976e-01 -2.764309244634947316e+00
-2.800000000000000297e-04 2.988229233899133419e-01 -2.764309244634947316e+00
-2.700000000000000035e-04 2.958004745749381881e-01 -2.764309244634947316e+00
-2.600000000000000314e-04 2.937855086982881225e-01 -2.764309244634947316e+00
-2.500000000000000052e-04 2.910988875294213130e-01 -2.764309244634947316e+00
-2.400000000000000332e-04 2.847181622533627166e-01 -2.764309244634947316e+00
-2.300000000000000070e-04 2.803524028539541857e-01 -2.764309244634947316e+00
-2.200000000000000078e-04 2.739716775778955338e-01 -2.764309244634947316e+00
-2.100000000000000087e-04 2.645685034868617835e-01 -2.706612105474653696e+00
-2.000000000000000096e-04 2.548295017497196890e-01 -2.622259562842645497e+00
-1.900000000000000105e-04 2.427397064898191570e-01 -2.511589026909450961e+00
-1.800000000000000113e-04 2.326648771065686905e-01 -2.407329284216289000e+00
-1.700000000000000122e-04 2.178884606778013766e-01 -2.283499751632501074e+00
-1.600000000000000131e-04 2.057986654179008168e-01 -2.150560144444456423e+00
-1.500000000000000140e-04 1.910222489891335029e-01 -2.015596076233243661e+00
-1.400000000000000148e-04 1.762458325603661613e-01 -1.863086679154573044e+00
-1.300000000000000157e-04 1.638202096543572572e-01 -1.710577282075902428e+00
-1.200000000000000166e-04 1.487079655794815713e-01 -1.549632630734031125e+00
-1.100000000000000039e-04 1.315807556279558199e-01 -1.383289416663711080e+00
-1.000000000000000048e-04 1.124385797997799474e-01 -1.209523178841774405e+00
-9.000000000000000567e-05 9.497554220214582399e-02 -1.033057659655613580e+00
-8.000000000000000654e-05 7.818415989672838906e-02 -8.522058082525881817e-01
-7.000000000000000742e-05 5.837032877633582806e-02 -6.673050348032264489e-01
-6.000000000000000830e-05 4.191477411702675820e-02 -4.827416715243928458e-01
-5.000000000000000240e-05 2.176511535052584601e-02 -2.917675150055265565e-01
-4.000000000000000327e-05 3.630422460675027975e-03 -9.843148729296405386e-02
-3.000000000000000415e-05 -1.685506395193422935e-02 8.781892683850978099e-02
-2.000000000000000164e-05 -3.398227390346000160e-02 2.835168257447685525e-01
-1.000000000000000082e-05 -5.480358796217760925e-02 4.711168805583544339e-01
0.000000000000000000e+00 -7.495324672867850757e-02 6.604039862245806303e-01
1.000000000000000082e-05 -9.073714609577090973e-02 8.422680681391899737e-01
2.000000000000000164e-05 -1.071927007550799726e-01 1.026156611076967540e+00
3.000000000000000415e-05 -1.246557383527140961e-01 1.200935079410488271e+00
4.000000000000000327e-05 -1.437979141808899408e-01 1.375038727402952965e+00
5.000000000000000240e-05 -1.582385029635489382e-01 1.537333019426936342e+00
6.000000000000000830e-05 -1.726790917462079078e-01 1.704351053838312424e+00
7.000000000000000742e-05 -1.908137846360587475e-01 1.854161169552758670e+00
8.000000000000000654e-05 -2.029035798959592796e-01 2.005320925949317434e+00
9.000000000000000567e-05 -2.193591345552683702e-01 2.145008736547922457e+00
1.000000000000000048e-04 -2.327922403996023071e-01 2.275586472542271199e+00
1.100000000000000039e-04 -2.405162762600943083e-01 2.400090825467115163e+00
1.200000000000000166e-04 -2.515985885816698353e-01 2.510761361400309699e+00
1.300000000000000157e-04 -2.636883838415703951e-01 2.615021104093471660e+00
1.400000000000000148e-04 -2.693974538254123030e-01 2.704434799283400359e+00
1.500000000000000140e-04 -2.764498343936876434e-01 2.763481579125805609e+00
1.600000000000000131e-04 -2.868604914230464265e-01 2.763481579125805609e+00
1.700000000000000122e-04 -2.925695614068883343e-01 2.763481579125805609e+00
1.800000000000000113e-04 -2.976069760985136092e-01 2.763481579125805609e+00
1.900000000000000105e-04 -3.009652525595970518e-01 2.763481579125805609e+00
2.000000000000000096e-04 -2.979428037446219535e-01 2.763481579125805609e+00
2.100000000000000087e-04 -3.016369078518137403e-01 2.763481579125805609e+00
2.200000000000000078e-04 -3.006294249134887075e-01 2.763481579125805609e+00
2.300000000000000070e-04 -2.986144590368386420e-01 2.763481579125805609e+00
2.400000000000000332e-04 -2.969353208062968652e-01 2.763481579125805609e+00
2.500000000000000052e-04 -2.942486996374301111e-01 2.763481579125805609e+00
2.600000000000000314e-04 -2.855171808386130494e-01 2.763481579125805609e+00
2.700000000000000035e-04 -2.814872490853128628e-01 2.763481579125805609e+00
2.800000000000000297e-04 -2.767856620397959877e-01 2.763481579125805609e+00
2.900000000000000017e-04 -2.680541432409789260e-01 2.713544873887657083e+00
3.000000000000000279e-04 -2.566360032732950547e-01 2.625143409209312662e+00
3.099999999999999999e-04 -2.458895185978278997e-01 2.522570717368790572e+00
3.200000000000000262e-04 -2.354788615684690889e-01 2.412237591606124276e+00
3.300000000000000524e-04 -2.227174110163518406e-01 2.290432520045504461e+00
3.400000000000000244e-04 -2.082768222336928710e-01 2.161541834903796033e+00
3.500000000000000507e-04 -1.958511993276839669e-01 2.021516614134662770e+00
3.600000000000000227e-04 -1.793956446683749040e-01 1.867320166203352061e+00
3.700000000000000489e-04 -1.652908835318242509e-01 1.716835230147849556e+00
3.800000000000000209e-04 -1.491711565186235322e-01 1.553528707612281901e+00
3.900000000000000471e-04 -1.337230847976395021e-01 1.386848083371434059e+00
4.000000000000000192e-04 -1.102151495700550987e-01 1.216793357425305810e+00
4.100000000000000454e-04 -9.711787137182950613e-02 1.038303377215976653e+00
4.200000000000000174e-04 -7.831152318976200566e-02 8.567767054718954389e-01
4.300000000000000436e-04 -6.219179617656127312e-02 6.765996744099261884e-01
4.400000000000000157e-04 -4.137048211784367241e-02 4.869751585731719734e-01
4.500000000000000419e-04 -2.222830628966780686e-02 2.983628732480019252e-01
4.600000000000000139e-04 -2.414475169275244991e-03 1.097505879228318770e-01
4.700000000000000401e-04 1.437690713614217866e-02 -8.392284996025865806e-02
4.800000000000000664e-04 3.351908296431804074e-02 -2.755718268201809984e-01
4.900000000000000926e-04 5.400456937692730414e-02 -4.624970612927108427e-01
5.000000000000000104e-04 6.777350286736957830e-02 -6.541460381526331691e-01
5.100000000000000366e-04 8.691567869554545078e-02 -8.397216319430509390e-01
5.200000000000000629e-04 1.040428886470712300e-01 -1.019561252834492393e+00
5.300000000000000891e-04 1.241925474135721352e-01 -1.199063463555405384e+00
5.400000000000000069e-04 1.416555850112062587e-01 -1.372492291206814041e+00
5.500000000000000331e-04 1.547528632094318513e-01 -1.537823274765549808e+00
5.600000000000000594e-04 1.715442455148492862e-01 -1.702479437983229760e+00
5.700000000000000856e-04 1.890072831124834096e-01 -1.853639194379788080e+00
5.800000000000000034e-04 2.047911824795757840e-01 -2.003449310094234548e+00
5.900000000000000296e-04 2.165451500933679718e-01 -2.140100429158087625e+00
6.000000000000000559e-04 2.306499112299186249e-01 -2.275064497369300387e+00
6.100000000000000821e-04 2.417322235514941242e-01 -2.392483236713055739e+00
6.199999999999999999e-04 2.487846041197694369e-01 -2.508214925204170775e+00
6.300000000000000261e-04 2.625535376102116625e-01 -2.614161718749973051e+00
6.400000000000000524e-04 2.696059181784870029e-01 -2.704250234280957788e+00
6.500000000000000786e-04 2.783374369773040646e-01 -2.764309244634947316e+00
6.600000000000001048e-04 2.840465069611459725e-01 -2.764309244634947316e+00
6.700000000000000226e-04 2.900914045910962802e-01 -2.764309244634947316e+00
6.800000000000000488e-04 2.947929916366131553e-01 -2.764309244634947316e+00
6.900000000000000751e-04 2.964721298671548766e-01 -2.764309244634947316e+00
7.000000000000001013e-04 2.991587510360216862e-01 -2.764309244634947316e+00
7.100000000000000191e-04 3.005020616204550632e-01 -2.764309244634947316e+00
7.200000000000000453e-04 2.978154404515882536e-01 -2.764309244634947316e+00
7.300000000000000716e-04 2.998304063282383747e-01 -2.764309244634947316e+00
7.400000000000000978e-04 2.941213363443964668e-01 -2.764309244634947316e+00
7.500000000000000156e-04 2.921063704677463457e-01 -2.764309244634947316e+00
7.600000000000000418e-04 2.833748516689292840e-01 -2.764309244634947316e+00
7.700000000000000681e-04 2.810240581461708742e-01 -2.764309244634947316e+00
7.800000000000000943e-04 2.706134011168120357e-01 -2.764309244634947316e+00
7.900000000000000121e-04 2.645685034868617835e-01 -2.707624335986237973e+00
8.000000000000000383e-04 2.551653293958280333e-01 -2.615511359432085126e+00
8.100000000000000646e-04 2.420680511976024685e-01 -2.517999820149483536e+00
8.200000000000000908e-04 2.306499112299186249e-01 -2.404967413022593092e+00
8.300000000000001170e-04 2.155376671550429390e-01 -2.285524212655669629e+00
8.400000000000000348e-04 2.064703207101175331e-01 -2.148873093591816552e+00
8.500000000000000611e-04 1.940446978041086290e-01 -2.011884564357435234e+00
8.600000000000000873e-04 1.792682813753412874e-01 -1.863086679154573044e+00
8.700000000000001135e-04 1.607977608393821312e-01 -1.708215410882206298e+00
8.800000000000000313e-04 1.446780338261814125e-01 -1.552669322268783292e+00
8.900000000000000576e-04 1.339315491507142575e-01 -1.379577904787902876e+00
9.000000000000000838e-04 1.114310968614548869e-01 -1.208510948330190349e+00
9.100000000000001100e-04 9.598302514047085676e-02 -1.031708018973501506e+00
9.200000000000000278e-04 7.717667695840335629e-02 -8.528806285936442189e-01
9.300000000000000541e-04 5.769867348411913260e-02 -6.716913670200909126e-01
9.400000000000000803e-04 4.191477411702675820e-02 -4.820668511833368086e-01
9.500000000000001065e-04 2.243677064274254146e-02 -2.921049251760545751e-01
9.600000000000001327e-04 1.279628937916588247e-03 -1.024804093393004295e-01
9.700000000000000505e-04 -1.853420218247597145e-02 9.119302854379010559e-02
9.800000000000001852e-04 -3.666889507232679035e-02 2.784556731868480517e-01
9.899999999999999946e-04 -5.278862208552751595e-02 4.694298297057143410e-01
1.000000000000000021e-03 -7.159497026759503724e-02 6.617536269066927046e-01
1.010000000000000047e-03 -9.510290549517944059e-02 8.473292206971104745e-01
1.020000000000000073e-03 -1.105509772161634707e-01 1.025144380565383484e+00
1.030000000000000100e-03 -1.266707042293641894e-01 1.202622130263128364e+00
1.040000000000000126e-03 -1.431262588886732523e-01 1.376725778255593058e+00
1.050000000000000152e-03 -1.609251241324157200e-01 1.545768273690137251e+00
1.060000000000000178e-03 -1.763731958533997501e-01 1.703338823326728368e+00
1.069999999999999988e-03 -1.901421293438420312e-01 1.860234552622263449e+00
1.080000000000000014e-03 -2.035752351881759681e-01 2.012069129359877806e+00
1.090000000000000040e-03 -2.163366857402932164e-01 2.145683556888978494e+00
1.100000000000000066e-03 -2.304414468768438695e-01 2.277948343735967551e+00
1.110000000000000092e-03 -2.418595868445277131e-01 2.401777876319755034e+00
1.120000000000000119e-03 -2.532777268122116121e-01 2.515147693617174163e+00
1.130000000000000145e-03 -2.636883838415703951e-01 2.614346283752415623e+00
1.140000000000000171e-03 -2.727557302864958011e-01 2.708146311159208341e+00
1.150000000000000197e-03 -2.784648002703377090e-01 2.763481579125805609e+00
1.160000000000000007e-03 -2.848455255463963609e-01 2.763481579125805609e+00
1.170000000000000033e-03 -2.895471125919132360e-01 2.763481579125805609e+00
1.180000000000000059e-03 -2.945845272835384554e-01 2.763481579125805609e+00
1.190000000000000085e-03 -3.006294249134887075e-01 2.763481579125805609e+00
1.200000000000000112e-03 -2.999577696212720190e-01 2.763481579125805609e+00
1.210000000000000138e-03 -2.999577696212720190e-01 2.763481579125805609e+00
1.220000000000000164e-03 -3.009652525595970518e-01 2.763481579125805609e+00
1.230000000000000190e-03 -3.009652525595970518e-01 2.763481579125805609e+00
1.240000000000000000e-03 -2.955920102218634882e-01 2.763481579125805609e+00
1.250000000000000026e-03 -2.932412166991050784e-01 2.763481579125805609e+00
1.260000000000000052e-03 -2.868604914230464265e-01 2.763481579125805609e+00
1.270000000000000078e-03 -2.811514214392045186e-01 2.763481579125805609e+00
1.280000000000000105e-03 -2.744348685170375224e-01 2.763481579125805609e+00
1.290000000000000131e-03 -2.640242114876787394e-01 2.709833362011848656e+00
1.300000000000000157e-03 -2.549568650427533334e-01 2.620419666821919957e+00
1.310000000000000183e-03 -2.465611738900445882e-01 2.516159924128757996e+00
1.320000000000000210e-03 -2.337997233379273399e-01 2.406501618707147738e+00
1.330000000000000019e-03 -2.210382727858100915e-01 2.282672086123359811e+00
1.340000000000000045e-03 -2.092843051720179037e-01 2.154456221322707421e+00
1.350000000000000071e-03 -1.965228546199006554e-01 2.011731719189350009e+00
1.360000000000000098e-03 -1.804031276066999367e-01 1.865633115350711968e+00
1.370000000000000124e-03 -1.619326070707407805e-01 1.708062565714120851e+00
1.380000000000000150e-03 -1.498428118108402207e-01 1.546443094031193288e+00
1.390000000000000176e-03 -1.337230847976395021e-01 1.380437290131401484e+00
1.400000000000000203e-03 -1.162600472000053786e-01 1.211394794696857291e+00
1.410000000000000012e-03 -9.778952666404622240e-02 1.031555173805416059e+00
1.420000000000000038e-03 -7.596072966700356810e-02 8.544148342781991978e-01
1.430000000000000064e-03 -6.084848559212788222e-02 6.674895998056692425e-01
1.440000000000000091e-03 -4.069882682562697002e-02 4.836010568678916766e-01
1.450000000000000117e-03 -2.390744452020954897e-02 2.933017206900814244e-01
1.460000000000000143e-03 -4.429441045925335690e-03 1.053642557059674550e-01
1.470000000000000169e-03 1.538439007446722531e-02 -8.493508047184275545e-02
1.480000000000000196e-03 3.452656590264308739e-02 -2.755718268201809984e-01
1.490000000000000222e-03 4.997463762362711753e-02 -4.672208036801033249e-01
1.500000000000000031e-03 7.516171108175326299e-02 -6.494222957652407979e-01
1.510000000000000057e-03 8.926647221830388834e-02 -8.390468116019949019e-01
1.520000000000000084e-03 1.023637504165294809e-01 -1.027996507097693080e+00
1.530000000000000110e-03 1.268791685824389170e-01 -1.196026772020653217e+00
1.540000000000000136e-03 1.436705508878563520e-01 -1.369118189501533855e+00
1.550000000000000162e-03 1.550886908555401955e-01 -1.542547017152942290e+00
1.560000000000000189e-03 1.718800731609576304e-01 -1.702816848153757778e+00
1.570000000000000215e-03 1.879998001741583491e-01 -1.854651424891372136e+00
1.580000000000000024e-03 2.010970783723839417e-01 -2.005473771117402659e+00
1.590000000000000050e-03 2.162093224472596276e-01 -2.139763018987559384e+00
1.600000000000000077e-03 2.279632900610518154e-01 -2.274052266857716553e+00
1.610000000000000103e-03 2.390456023826273146e-01 -2.393495467224640016e+00
1.620000000000000129e-03 2.494562594119861254e-01 -2.508214925204170775e+00
1.630000000000000155e-03 2.558369846880447218e-01 -2.612474667897332736e+00
1.640000000000000182e-03 2.679267799479452816e-01 -2.706612105474653696e+00
1.650000000000000208e-03 2.803524028539541857e-01 -2.764309244634947316e+00
1.660000000000000234e-03 2.833748516689292840e-01 -2.764309244634947316e+00
1.670000000000000043e-03 2.857256451916877493e-01 -2.764309244634947316e+00
1.680000000000000070e-03 2.934496810521797228e-01 -2.764309244634947316e+00
1.690000000000000096e-03 2.978154404515882536e-01 -2.764309244634947316e+00
1.700000000000000122e-03 2.984870957438049976e-01 -2.764309244634947316e+00
1.710000000000000148e-03 2.991587510360216862e-01 -2.764309244634947316e+00
1.720000000000000175e-03 2.974796128054799094e-01 -2.764309244634947316e+00
1.730000000000000201e-03 2.947929916366131553e-01 -2.764309244634947316e+00
1.740000000000000227e-03 2.954646469288298438e-01 -2.764309244634947316e+00
1.750000000000000036e-03 2.958004745749381881e-01 -2.764309244634947316e+00
1.760000000000000063e-03 2.857256451916877493e-01 -2.764309244634947316e+00
1.770000000000000089e-03 2.780016093311957204e-01 -2.764309244634947316e+00
1.780000000000000115e-03 2.729641946395705010e-01 -2.764309244634947316e+00
1.790000000000000141e-03 2.655759864251868163e-01 -2.710661027520990363e+00
1.800000000000000168e-03 2.544936741036113448e-01 -2.619222871307893552e+00
1.810000000000000194e-03 2.447546723664692503e-01 -2.517324999808427499e+00
1.820000000000000220e-03 2.330007047526770625e-01 -2.402605541828896740e+00
1.830000000000000246e-03 2.195675989083430979e-01 -2.281812700779861203e+00
1.840000000000000056e-03 2.054628377717924725e-01 -2.150897554614984664e+00
1.850000000000000082e-03 1.920297319274585357e-01 -2.012221974527963475e+00
1.860000000000000108e-03 1.772533154986911941e-01 -1.865785960518797415e+00
1.870000000000000134e-03 1.641560373004656015e-01 -1.709902461734846391e+00
1.880000000000000161e-03 1.463571720567231338e-01 -1.550307451075087162e+00
1.890000000000000187e-03 1.285583068129806661e-01 -1.381939775981599006e+00
1.900000000000000213e-03 1.100877862770215099e-01 -1.209185768671246386e+00
1.910000000000000239e-03 9.564719749436251250e-02 -1.034744710508253673e+00
1.920000000000000265e-03 7.381840049731985820e-02 -8.565921404694526453e-01
1.930000000000000075e-03 5.803450113022748380e-02 -6.656179839505863560e-01
1.940000000000000101e-03 3.889232530205161825e-02 -4.830790816949208644e-01
1.950000000000000127e-03 2.142928770441749828e-02 -2.944667963697508162e-01
1.960000000000000370e-03 2.721459995915428975e-04 -1.031552296803564944e-01
1.969999999999999963e-03 -1.651923630582588162e-02 8.781892683850978099e-02
1.979999999999999989e-03 -3.666889507232679035e-02 2.787930833573760703e-01
1.990000000000000015e-03 -5.278862208552751595e-02 4.704420602172983967e-01
2.000000000000000042e-03 -7.596072966700356810e-02 6.563550641782441852e-01
2.010000000000000068e-03 -9.174462903409594250e-02 8.429428884802461219e-01
2.020000000000000094e-03 -1.068568731089716284e-01 1.021432868689575058e+00
2.030000000000000120e-03 -1.263348765832558174e-01 1.202959540433656382e+00
2.040000000000000147e-03 -1.441337418269983128e-01 1.372676856209256613e+00
2.050000000000000173e-03 -1.595818135479823430e-01 1.540707121132216750e+00
2.060000000000000199e-03 -1.750298852689663731e-01 1.700639541962503998e+00
2.070000000000000225e-03 -1.901421293438420312e-01 1.856185630575927004e+00
2.080000000000000251e-03 -2.022319246037425911e-01 2.005320925949317434e+00
2.090000000000000278e-03 -2.190233069091599982e-01 2.142984275524754345e+00
2.100000000000000304e-03 -2.277548257079770599e-01 2.276936113224383273e+00
2.110000000000000330e-03 -2.405162762600943083e-01 2.399416005126059126e+00
2.120000000000000356e-03 -2.546210373966449891e-01 2.506712439353973032e+00
2.130000000000000383e-03 -2.589867967960535200e-01 2.612321822729247511e+00
2.139999999999999975e-03 -2.714124197020624241e-01 2.705447029794984193e+00
2.150000000000000001e-03 -2.791364555625543975e-01 2.763481579125805609e+00
2.160000000000000028e-03 -2.841738702541796724e-01 2.763481579125805609e+00
2.170000000000000054e-03 -2.949203549296467997e-01 2.763481579125805609e+00
2.180000000000000080e-03 -2.925695614068883343e-01 2.763481579125805609e+00
2.190000000000000106e-03 -2.996219419751636748e-01 2.763481579125805609e+00
2.200000000000000133e-03 -3.016369078518137403e-01 2.763481579125805609e+00
2.210000000000000159e-03 -3.016369078518137403e-01 2.763481579125805609e+00
2.220000000000000185e-03 -3.002935972673803633e-01 2.763481579125805609e+00
2.230000000000000211e-03 -3.039877013745722056e-01 2.763481579125805609e+00
2.240000000000000237e-03 -2.972711484524052095e-01 2.763481579125805609e+00
2.250000000000000264e-03 -2.915620784685633016e-01 2.763481579125805609e+00
2.260000000000000290e-03 -2.885396296535882033e-01 2.763481579125805609e+00
2.270000000000000316e-03 -2.798081108547711415e-01 2.763481579125805609e+00
2.280000000000000342e-03 -2.747706961631458666e-01 2.763481579125805609e+00
2.290000000000000369e-03 -2.650316944260037721e-01 2.711520412864488971e+00
2.300000000000000395e-03 -2.576434862116200875e-01 2.620082256651392161e+00
2.309999999999999987e-03 -2.445462080133944949e-01 2.521558486857206738e+00
2.320000000000000014e-03 -2.331280680457106513e-01 2.405489388195563460e+00
2.330000000000000040e-03 -2.230532386624601848e-01 2.285033957317056164e+00
2.340000000000000066e-03 -2.076051669414761547e-01 2.154456221322707421e+00
2.350000000000000092e-03 -1.951795440354672784e-01 2.018142512429382585e+00
2.360000000000000119e-03 -1.807389552528082810e-01 1.869682037397048191e+00
2.370000000000000145e-03 -1.639475729473908461e-01 1.714135948783625407e+00
2.380000000000000171e-03 -1.488353288725151879e-01 1.552179066930169826e+00
2.390000000000000197e-03 -1.317081189209894088e-01 1.386510673200906041e+00
2.400000000000000223e-03 -1.125659430928135363e-01 1.211057384526329272e+00
2.410000000000000250e-03 -9.846118195626291092e-02 1.035941506022280523e+00
2.420000000000000276e-03 -7.562490202089522384e-02 8.604882173477037544e-01
2.430000000000000302e-03 -5.010200091666072719e-02 6.803111862857345038e-01
2.440000000000000328e-03 -4.237796505616871212e-02 4.866377484026439548e-01
2.450000000000000355e-03 -2.189247864355945566e-02 2.993751037595859810e-01
2.460000000000000381e-03 -4.765268692033684285e-03 1.046894353649113901e-01
2.470000000000000407e-03 1.169028596727539164e-02 -8.560990081289882037e-02
2.480000000000000000e-03 3.116828944155960318e-02 -2.759092369907090170e-01
2.490000000000000026e-03 5.198960350027721083e-02 -4.672208036801033249e-01
2.500000000000000052e-03 7.113177932845307638e-02 -6.568453195168574288e-01
2.510000000000000078e-03 8.926647221830388834e-02 -8.420835031367471801e-01
2.520000000000000104e-03 1.060578545237213233e-01 -1.019898663005020412e+00
2.530000000000000131e-03 1.272149962285472891e-01 -1.197376412702765291e+00
2.540000000000000157e-03 1.429988955956396635e-01 -1.369455599672061874e+00
2.550000000000000183e-03 1.574394843782986331e-01 -1.537148454424493771e+00
2.560000000000000209e-03 1.725517284531743190e-01 -1.697755695595837278e+00
2.570000000000000236e-03 1.879998001741583491e-01 -1.851277323186091950e+00
2.580000000000000262e-03 2.037836995412507235e-01 -1.999400388047898103e+00
2.590000000000000288e-03 2.158734948011512833e-01 -2.140437839328615421e+00
2.600000000000000314e-03 2.286349453532685316e-01 -2.273040036346132275e+00
2.610000000000000341e-03 2.407247406131690637e-01 -2.398894029953088314e+00
2.620000000000000367e-03 2.507995699964195024e-01 -2.511251616738923165e+00
2.630000000000000393e-03 2.615460546718866297e-01 -2.615511359432085126e+00
2.640000000000000419e-03 2.696059181784870029e-01 -2.709311386838877844e+00
2.650000000000000012e-03 2.786732646234124089e-01 -2.764309244634947316e+00
2.660000000000000038e-03 2.823673687306042512e-01 -2.764309244634947316e+00
2.670000000000000064e-03 2.904272322372046244e-01 -2.764309244634947316e+00
2.680000000000000090e-03 2.924421981138546900e-01 -2.764309244634947316e+00
2.690000000000000117e-03 2.971437851593715651e-01 -2.764309244634947316e+00
2.700000000000000143e-03 2.978154404515882536e-01 -2.764309244634947316e+00
2.710000000000000169e-03 3.001662339743467189e-01 -2.764309244634947316e+00
2.720000000000000195e-03 2.974796128054799094e-01 -2.764309244634947316e+00
2.730000000000000222e-03 2.994945786821300304e-01 -2.764309244634947316e+00
2.740000000000000248e-03 2.947929916366131553e-01 -2.764309244634947316e+00
2.750000000000000274e-03 2.907630598833129687e-01 -2.764309244634947316e+00
2.760000000000000300e-03 2.860614728377960936e-01 -2.764309244634947316e+00
2.770000000000000327e-03 2.783374369773040646e-01 -2.764309244634947316e+00
2.780000000000000353e-03 2.722925393473538125e-01 -2.764309244634947316e+00
2.790000000000000379e-03 2.645685034868617835e-01 -2.707286925815709733e+00
2.800000000000000405e-03 2.521428805808528795e-01 -2.619560281478421349e+00
2.810000000000000431e-03 2.427397064898191570e-01 -2.518337230320011777e+00
2.820000000000000024e-03 2.319932218143520020e-01 -2.403955182511008815e+00
2.830000000000000050e-03 2.168809777394763161e-01 -2.277763778733524536e+00
2.840000000000000076e-03 2.047911824795757840e-01 -2.148873093591816552e+00
2.850000000000000103e-03 1.923655595735668800e-01 -2.014583845721659383e+00
2.860000000000000129e-03 1.799399366675580036e-01 -1.865785960518797415e+00
2.870000000000000155e-03 1.621410714238155082e-01 -1.713276563440126798e+00
2.880000000000000181e-03 1.453496891183981010e-01 -1.552331912098255273e+00
2.890000000000000208e-03 1.282224791668723218e-01 -1.384301647175295136e+00
2.900000000000000234e-03 1.114310968614548869e-01 -1.214246921229166887e+00
2.910000000000000260e-03 9.296057632549573069e-02 -1.036094351190365970e+00
2.920000000000000286e-03 7.751250460451170055e-02 -8.525432184231162003e-01
2.930000000000000313e-03 5.937781171466087471e-02 -6.706791365085067458e-01
2.940000000000000339e-03 4.225060176313510246e-02 -4.830790816949208644e-01
2.950000000000000365e-03 2.176511535052584601e-02 -2.924423353465825937e-01
2.960000000000000391e-03 6.079736456998913836e-04 -9.674443644032389156e-02
2.970000000000000417e-03 -1.786254689025927600e-02 9.051820820273404067e-02
2.980000000000000444e-03 -3.734055036454348581e-02 2.821671850626563671e-01
2.990000000000000036e-03 -5.413193266996091380e-02 4.738161619225786936e-01
3.000000000000000062e-03 -7.394576379035347480e-02 6.610788065656366674e-01
3.010000000000000089e-03 -9.174462903409594250e-02 8.463169901855264188e-01
3.020000000000000115e-03 -1.075285284011883169e-01 1.024469560224327447e+00
3.030000000000000141e-03 -1.249915659988224403e-01 1.204646591286296697e+00
3.040000000000000167e-03 -1.424546035964565638e-01 1.375376137573480984e+00
3.050000000000000194e-03 -1.582385029635489382e-01 1.547792734713305363e+00
3.060000000000000220e-03 -1.760373682072914059e-01 1.707387745373064813e+00
3.070000000000000246e-03 -1.908137846360587475e-01 1.857535271258039078e+00
3.080000000000000272e-03 -2.052543734187177171e-01 2.004983515778789194e+00
3.090000000000000299e-03 -2.183516516169433097e-01 2.148045428082674846e+00
3.100000000000000325e-03 -2.324564127534939628e-01 2.278285753906495348e+00
3.110000000000000351e-03 -2.438745527211778064e-01 2.399078594955530885e+00
3.120000000000000377e-03 -2.532777268122116121e-01 2.510086541059253662e+00
3.130000000000000403e-03 -2.640242114876787394e-01 2.615021104093471660e+00
3.140000000000000430e-03 -2.737632132248208339e-01 2.706459260306568471e+00
3.150000000000000456e-03 -2.814872490853128628e-01 2.763481579125805609e+00
3.160000000000000048e-03 -2.855171808386130494e-01 2.763481579125805609e+00
3.170000000000000075e-03 -2.898829402380215803e-01 2.763481579125805609e+00
3.180000000000000101e-03 -2.955920102218634882e-01 2.763481579125805609e+00
3.190000000000000127e-03 -3.009652525595970518e-01 2.763481579125805609e+00
3.200000000000000153e-03 -2.992861143290553305e-01 2.763481579125805609e+00
3.210000000000000180e-03 -2.962636655140801767e-01 2.763481579125805609e+00
3.220000000000000206e-03 -3.019727354979221401e-01 2.763481579125805609e+00
3.230000000000000232e-03 -2.996219419751636748e-01 2.763481579125805609e+00
3.240000000000000258e-03 -2.955920102218634882e-01 2.763481579125805609e+00
3.250000000000000284e-03 -2.918979061146716458e-01 2.763481579125805609e+00
3.260000000000000311e-03 -2.882038020074798035e-01 2.763481579125805609e+00
3.270000000000000337e-03 -2.804797661469878300e-01 2.763481579125805609e+00
3.280000000000000363e-03 -2.740990408709291781e-01 2.763481579125805609e+00
3.290000000000000389e-03 -2.677183155948705817e-01 2.712532643376072805e+00
3.300000000000000416e-03 -2.589867967960535200e-01 2.622444127845088513e+00
3.310000000000000442e-03 -2.445462080133944949e-01 2.518521795322454349e+00
3.320000000000000468e-03 -2.341355509840356841e-01 2.408863489900844090e+00
3.330000000000000061e-03 -2.207024451397017473e-01 2.287733238681280312e+00
3.340000000000000087e-03 -2.102917881103429643e-01 2.157830323027988051e+00
3.350000000000000113e-03 -1.975303375582257159e-01 2.014093590383045917e+00
3.360000000000000139e-03 -1.810747828989166253e-01 1.866982756032824042e+00
3.370000000000000166e-03 -1.622684347168491248e-01 1.713798538613097389e+00
3.380000000000000192e-03 -1.498428118108402207e-01 1.552179066930169826e+00
3.390000000000000218e-03 -1.293573253982309712e-01 1.383136571495625633e+00
3.400000000000000244e-03 -1.139092536772469411e-01 1.213419255720025403e+00
3.410000000000000270e-03 -9.409542255685438006e-02 1.038303377215976653e+00
3.420000000000000297e-03 -8.133397200473713173e-02 8.561018851308394018e-01
3.430000000000000323e-03 -5.950517500769448437e-02 6.698514709993654836e-01
3.440000000000000349e-03 -4.170630976395201667e-02 4.879873890847561402e-01
3.450000000000000375e-03 -2.525075510464294334e-02 3.000499241006421292e-01
3.460000000000000402e-03 -2.414475169275244991e-03 1.030023845122712278e-01
3.470000000000000428e-03 1.336942419781713375e-02 -8.257320927814652822e-02
3.480000000000000454e-03 3.351908296431804074e-02 -2.775962878433492209e-01
3.490000000000000480e-03 5.333291408471060174e-02 -4.665459833390472877e-01
3.500000000000000073e-03 6.844515815958629457e-02 -6.514467567884089094e-01
3.510000000000000099e-03 8.893064457219554408e-02 -8.393842217725229204e-01
3.520000000000000125e-03 1.074011651081547003e-01 -1.019898663005020412e+00
3.530000000000000152e-03 1.235208921213554467e-01 -1.197376412702765291e+00
3.540000000000000178e-03 1.399764467806645096e-01 -1.368443369160477596e+00
3.550000000000000204e-03 1.537453802711068185e-01 -1.538835505277134086e+00
3.560000000000000230e-03 1.725517284531743190e-01 -1.700117566789533408e+00
3.570000000000000256e-03 1.876639725280500048e-01 -1.856338475744012451e+00
3.580000000000000283e-03 2.004254230801672532e-01 -2.004798950776346622e+00
3.590000000000000309e-03 2.168809777394763161e-01 -2.138413378305447310e+00
3.600000000000000335e-03 2.299782559377019087e-01 -2.273040036346132275e+00
3.610000000000000361e-03 2.400530853209523752e-01 -2.392820646883583535e+00
3.620000000000000388e-03 2.507995699964195024e-01 -2.506190464181002664e+00
3.630000000000000414e-03 2.591952611491282199e-01 -2.617198410284725441e+00
3.640000000000000440e-03 2.702775734707036914e-01 -2.702900593598845269e+00
3.650000000000000466e-03 2.766582987467623433e-01 -2.764309244634947316e+00
3.660000000000000493e-03 2.833748516689292840e-01 -2.764309244634947316e+00
3.670000000000000085e-03 2.887480940066628476e-01 -2.764309244634947316e+00
3.680000000000000111e-03 2.934496810521797228e-01 -2.764309244634947316e+00
3.690000000000000138e-03 2.974796128054799094e-01 -2.764309244634947316e+00
3.700000000000000164e-03 2.991587510360216862e-01 -2.764309244634947316e+00
3.710000000000000190e-03 3.001662339743467189e-01 -2.764309244634947316e+00
3.720000000000000216e-03 3.001662339743467189e-01 -2.764309244634947316e+00
3.730000000000000242e-03 2.994945786821300304e-01 -2.764309244634947316e+00
3.740000000000000269e-03 2.944571639905048110e-01 -2.764309244634947316e+00
3.750000000000000295e-03 2.914347151755296572e-01 -2.764309244634947316e+00
3.760000000000000321e-03 2.877406110683378149e-01 -2.764309244634947316e+00
3.770000000000000347e-03 2.776657816850873761e-01 -2.764309244634947316e+00
3.780000000000000374e-03 2.712850564090287242e-01 -2.764309244634947316e+00
3.790000000000000400e-03 2.649043311329701278e-01 -2.707961746156765770e+00
3.800000000000000426e-03 2.551653293958280333e-01 -2.614836539091029088e+00
3.810000000000000452e-03 2.450905000125775945e-01 -2.513613487932619517e+00
3.820000000000000479e-03 2.316573941682436577e-01 -2.405304823193120889e+00
3.830000000000000505e-03 2.225900477233182517e-01 -2.282150110950388999e+00
3.840000000000000531e-03 2.078136312945509101e-01 -2.153259425808681016e+00
3.850000000000000124e-03 1.937088701580002847e-01 -2.013571615210075549e+00
3.860000000000000150e-03 1.755741772681494728e-01 -1.863086679154573044e+00
3.870000000000000176e-03 1.638202096543572572e-01 -1.711252102416958465e+00
3.880000000000000202e-03 1.423272403034229472e-01 -1.550307451075087162e+00
3.890000000000000228e-03 1.352748597351476345e-01 -1.379915314958430894e+00
3.900000000000000255e-03 1.137818903842133245e-01 -1.208848358500718367e+00
3.910000000000000281e-03 9.396805926382076346e-02 -1.035756941019837951e+00
3.920000000000000741e-03 7.784833225062004480e-02 -8.549050896168124414e-01
3.930000000000000333e-03 5.669119054579408595e-02 -6.689920856558666529e-01
3.939999999999999926e-03 4.124311882481005581e-02 -4.803798003306966047e-01
3.950000000000000386e-03 1.941432182776740498e-02 -2.887308234707742782e-01
3.959999999999999978e-03 1.615456584024936842e-03 -9.640702626979585910e-02
3.970000000000000438e-03 -1.484009807528413952e-02 9.321748956695830035e-02
3.980000000000000031e-03 -3.801220565676018126e-02 2.848664664268806268e-01
3.990000000000000491e-03 -5.648272619271935135e-02 4.748283924341628603e-01
4.000000000000000083e-03 -7.394576379035347480e-02 6.624284472477488528e-01
4.010000000000000543e-03 -9.107297374187925398e-02 8.463169901855264188e-01
4.020000000000000136e-03 -1.068568731089716284e-01 1.022782509371687132e+00
4.030000000000000596e-03 -1.236482554143890356e-01 1.200597669239960252e+00
4.040000000000000188e-03 -1.427904312425649080e-01 1.374701317232424946e+00
4.050000000000000648e-03 -1.602534688401990315e-01 1.542056761814328825e+00
4.060000000000000241e-03 -1.750298852689663731e-01 1.697602850427751831e+00
4.070000000000000701e-03 -1.924929228666004688e-01 1.854161169552758670e+00
4.080000000000000293e-03 -2.049185457726093729e-01 2.003296464926148879e+00
4.090000000000000753e-03 -2.176799963247266212e-01 2.143659095865810382e+00
4.100000000000000346e-03 -2.304414468768438695e-01 2.274236831860159125e+00
4.109999999999999938e-03 -2.408521039062026525e-01 2.398066364443947052e+00
4.120000000000000398e-03 -2.512627609355614910e-01 2.508399490206613347e+00
4.129999999999999991e-03 -2.623450732571370181e-01 2.614683693922943419e+00
4.140000000000000450e-03 -2.707407644098456800e-01 2.704434799283400359e+00
4.150000000000000043e-03 -2.804797661469878300e-01 2.763481579125805609e+00
4.160000000000000503e-03 -2.841738702541796724e-01 2.763481579125805609e+00
4.170000000000000095e-03 -2.908904231763466131e-01 2.763481579125805609e+00
4.180000000000000555e-03 -2.942486996374301111e-01 2.763481579125805609e+00
4.190000000000000148e-03 -2.976069760985136092e-01 2.763481579125805609e+00
4.200000000000000608e-03 -3.033160460823555171e-01 2.763481579125805609e+00
4.210000000000000200e-03 -3.009652525595970518e-01 2.763481579125805609e+00
4.220000000000000660e-03 -3.029802184362471729e-01 2.763481579125805609e+00
4.230000000000000253e-03 -2.979428037446219535e-01 2.763481579125805609e+00
4.240000000000000713e-03 -2.976069760985136092e-01 2.763481579125805609e+00
4.250000000000000305e-03 -2.929053890529966786e-01 2.763481579125805609e+00
4.260000000000000765e-03 -2.878679743613714592e-01 2.763481579125805609e+00
4.270000000000000358e-03 -2.824947320236378956e-01 2.763481579125805609e+00
4.279999999999999950e-03 -2.737632132248208339e-01 2.763481579125805609e+00
4.290000000000000410e-03 -2.653675220721121164e-01 2.712870053546601046e+00
4.300000000000000003e-03 -2.573076585655117432e-01 2.622444127845088513e+00
4.310000000000000463e-03 -2.442103803672861506e-01 2.520546256345622460e+00
4.320000000000000055e-03 -2.361505168606857774e-01 2.407851259389259813e+00
4.330000000000000515e-03 -2.213741004319184635e-01 2.289082879363392387e+00
4.340000000000000108e-03 -2.072693392953678104e-01 2.158167733198515847e+00
4.350000000000000568e-03 -1.961870269737923111e-01 2.017467692088326547e+00
4.360000000000000160e-03 -1.814106105450249695e-01 1.866307935691768005e+00
4.370000000000000620e-03 -1.646192282396075623e-01 1.716160409806793519e+00
4.380000000000000213e-03 -1.491711565186235322e-01 1.555553168635450234e+00
4.390000000000000673e-03 -1.313722912748810645e-01 1.387522903712490097e+00
4.400000000000000265e-03 -1.152525642616803458e-01 1.214431486231609458e+00
4.410000000000000725e-03 -9.644621607961281762e-02 1.036616326363336560e+00
4.420000000000000318e-03 -7.864735083587034992e-02 8.584637563245355318e-01
4.430000000000000777e-03 -6.017683029991118676e-02 6.701888811698935022e-01
4.440000000000000370e-03 -4.304962034838541451e-02 4.836010568678916766e-01
4.449999999999999963e-03 -2.189247864355945566e-02 2.970132325658898509e-01
4.460000000000000422e-03 -7.116062214792123579e-03 1.009779234891030331e-01
4.470000000000000015e-03 1.336942419781713375e-02 -8.594731098342685283e-02
4.480000000000000475e-03 3.318325531820969648e-02 -2.836696709128537774e-01
4.490000000000000067e-03 5.434039702303564839e-02 -4.658711629979912505e-01
4.500000000000000527e-03 7.079595168234473213e-02 -6.571827296873855584e-01
4.510000000000000120e-03 9.027395515662894887e-02 -8.441079641599154026e-01
4.520000000000000580e-03 1.094161309848047936e-01 -1.019561252834492393e+00
4.530000000000000172e-03 1.272149962285472891e-01 -1.199400873725933625e+00
4.540000000000000632e-03 1.406481020728812259e-01 -1.369455599672061874e+00
4.550000000000000225e-03 1.564320014399736003e-01 -1.537485864595021789e+00
4.560000000000000685e-03 1.735592113914993795e-01 -1.700454976960061426e+00
4.570000000000000277e-03 1.863206619436166001e-01 -1.853639194379788080e+00
4.580000000000000737e-03 2.021045613107090022e-01 -2.001424849071066436e+00
4.590000000000000330e-03 2.128510459861761295e-01 -2.138750788475975551e+00
4.600000000000000790e-03 2.286349453532685316e-01 -2.272365216005076238e+00
4.610000000000000382e-03 2.373664641520855934e-01 -2.396194748588864165e+00
4.619999999999999975e-03 2.521428805808528795e-01 -2.508552335374699016e+00
4.630000000000000435e-03 2.595310887952365642e-01 -2.608763156021524310e+00
4.640000000000000027e-03 2.696059181784870029e-01 -2.703912824110429547e+00
4.650000000000000487e-03 2.763224711006539991e-01 -2.764309244634947316e+00
4.660000000000000080e-03 2.847181622533627166e-01 -2.764309244634947316e+00
4.670000000000000540e-03 2.890839216527712474e-01 -2.764309244634947316e+00
4.680000000000000132e-03 2.931138534060713785e-01 -2.764309244634947316e+00
4.690000000000000592e-03 2.927780257599630342e-01 -2.764309244634947316e+00
4.700000000000000185e-03 2.968079575132632209e-01 -2.764309244634947316e+00
4.710000000000000644e-03 3.021811998509967845e-01 -2.764309244634947316e+00
4.720000000000000237e-03 2.971437851593715651e-01 -2.764309244634947316e+00
4.730000000000000697e-03 2.994945786821300304e-01 -2.764309244634947316e+00
4.740000000000000289e-03 2.964721298671548766e-01 -2.764309244634947316e+00
4.750000000000000749e-03 2.927780257599630342e-01 -2.764309244634947316e+00
4.760000000000000342e-03 2.823673687306042512e-01 -2.764309244634947316e+00
4.770000000000000802e-03 2.803524028539541857e-01 -2.764309244634947316e+00
4.780000000000000394e-03 2.712850564090287242e-01 -2.764309244634947316e+00
4.789999999999999987e-03 2.638968481946450950e-01 -2.709986207179934325e+00
4.800000000000000447e-03 2.528145358730695680e-01 -2.618210640796309274e+00
4.810000000000000039e-03 2.464338105970109993e-01 -2.517662409978955740e+00
4.820000000000000499e-03 2.319932218143520020e-01 -2.406317053704705167e+00
4.830000000000000092e-03 2.195675989083430979e-01 -2.283499751632501074e+00
4.840000000000000552e-03 2.074778036484425658e-01 -2.152247195297096738e+00
4.850000000000000144e-03 1.923655595735668800e-01 -2.013909025380603346e+00
4.860000000000000604e-03 1.782607984370162546e-01 -1.867810421541965527e+00
4.870000000000000197e-03 1.671784861154407553e-01 -1.713613973610654817e+00
4.880000000000000657e-03 1.473646549950481943e-01 -1.550307451075087162e+00
4.890000000000000249e-03 1.322524109201725084e-01 -1.381602365811070987e+00
4.900000000000000709e-03 1.141177180303216687e-01 -1.213909511058638868e+00
4.910000000000000302e-03 9.497554220214582399e-02 -1.034069890167197636e+00
4.920000000000000762e-03 7.616919402007829576e-02 -8.538928591052283856e-01
4.930000000000000354e-03 5.333291408471060174e-02 -6.666302144621704118e-01
4.940000000000000814e-03 3.855649765594326706e-02 -4.813920308422806604e-01
4.950000000000000407e-03 2.075763241220079935e-02 -2.924423353465825937e-01
4.959999999999999999e-03 6.079736456998913836e-04 -1.018055889982443646e-01
4.970000000000000459e-03 -1.484009807528413952e-02 9.220525905537420297e-02
4.980000000000000052e-03 -3.364644625735165734e-02 2.852038765974086454e-01
4.990000000000000512e-03 -5.346027737774421834e-02 4.724665212404666192e-01
5.000000000000000104e-03 -7.596072966700356810e-02 6.607413963951086489e-01
5.010000000000000564e-03 -9.308793961852934729e-02 8.439551189918301777e-01
5.020000000000000157e-03 -1.075285284011883169e-01 1.026831431418023577e+00
5.030000000000000616e-03 -1.233124277682806913e-01 1.201947309922072327e+00
5.040000000000000209e-03 -1.414471206581315033e-01 1.374701317232424946e+00
5.050000000000000669e-03 -1.605892964863073757e-01 1.541719351643800806e+00
5.060000000000000261e-03 -1.767090234995080944e-01 1.703338823326728368e+00
5.070000000000000721e-03 -1.898063016977336870e-01 1.858210091599095115e+00
5.080000000000000314e-03 -2.015602693115259025e-01 2.010382078507237935e+00
5.090000000000000774e-03 -2.176799963247266212e-01 2.149395068764786920e+00
5.100000000000000366e-03 -2.301056192307355253e-01 2.277948343735967551e+00
5.110000000000000826e-03 -2.432028974289610901e-01 2.398403774614474848e+00
