-5.120000000000000419e-03 -5.413193266996091380e-02 5.635672672830353003e-01
-5.110000000000000826e-03 -4.976617327055238293e-02 5.082319993164380323e-01
-5.100000000000000366e-03 -4.674372445557724298e-02 4.481729889624482821e-01
-5.090000000000000774e-03 -3.935551624119357911e-02 3.901384396316267544e-01
-5.080000000000000314e-03 -3.297479096513495495e-02 3.327787106418612639e-01
-5.070000000000000721e-03 -2.625823804296798653e-02 2.706952392647032912e-01
-5.060000000000000261e-03 -2.155665099745110794e-02 2.099614085696574761e-01
-5.050000000000000669e-03 -1.181764926030900303e-02 1.448412456577472252e-01
-5.040000000000000209e-03 -7.451889860900472173e-03 8.039590308689306686e-02
-5.030000000000000616e-03 2.721459995915428975e-04 1.628797068656693409e-02
-5.020000000000000157e-03 5.645388337325118674e-03 -4.680773120217510824e-02
-5.010000000000000564e-03 1.437690713614217866e-02 -1.068667415561648515e-01
-5.000000000000000104e-03 1.807101124333401407e-02 -1.736739553207152509e-01
-4.990000000000000512e-03 2.042180476609245163e-02 -2.354200165273451495e-01
-4.980000000000000052e-03 3.183994473377629864e-02 -2.961538472223910201e-01
-4.970000000000000459e-03 3.687735942540152495e-02 -3.568876779174368075e-01
-4.959999999999999999e-03 4.057146353259336036e-02 -4.125603560545620940e-01
-4.950000000000000407e-03 4.896715468530207088e-02 -4.705949053853836217e-01
-4.940000000000000814e-03 5.434039702303564839e-02 -5.276172242046210936e-01
-4.930000000000000354e-03 5.736284583801078835e-02 -5.812654413185782687e-01
-4.920000000000000762e-03 6.441522640628610796e-02 -6.332266075798952398e-01
-4.910000000000000302e-03 6.911681345180298308e-02 -6.787769806011795248e-01
-4.900000000000000709e-03 6.911681345180298308e-02 -7.280388654982722363e-01
-4.890000000000000249e-03 7.482588343564491873e-02 -7.685280859616361315e-01
-4.880000000000000657e-03 8.154243635781188715e-02 -8.073302555723598228e-01
-4.870000000000000197e-03 7.919164283505344959e-02 -8.414086827956911430e-01
-4.860000000000000604e-03 8.624402340332876227e-02 -8.778489812127185932e-01
-4.850000000000000144e-03 9.060978280273729313e-02 -9.068662558781294125e-01
-4.840000000000000552e-03 8.926647221830388834e-02 -9.328468390087878426e-01
-4.830000000000000092e-03 9.262474867938738643e-02 -9.561281407752221240e-01
-4.820000000000000499e-03 9.564719749436251250e-02 -9.723238289605676821e-01
-4.810000000000000039e-03 9.631885278657920102e-02 -9.861576459522169991e-01
-4.800000000000000447e-03 9.564719749436251250e-02 -1.002353334137562557e+00
-4.789999999999999987e-03 9.766216337101260581e-02 -1.011800818912347522e+00
-4.780000000000000394e-03 1.000129568937710434e-01 -1.009438947718651391e+00
-4.770000000000000802e-03 9.564719749436251250e-02 -1.012475639253403559e+00
-4.760000000000000342e-03 1.006846121859877319e-01 -1.004040384990202872e+00
-4.750000000000000749e-03 9.866964630933763858e-02 -9.983044120912261121e-01
-4.740000000000000289e-03 9.363223161771241920e-02 -9.854828256111609619e-01
-4.730000000000000697e-03 9.463971455603747973e-02 -9.649008052089509402e-01
-4.720000000000000237e-03 9.262474867938738643e-02 -9.503921678762455860e-01
-4.710000000000000644e-03 8.960229986441223260e-02 -9.244115847455870449e-01
-4.700000000000000185e-03 8.590819575722041801e-02 -8.997806422970406892e-01
-4.690000000000000592e-03 8.288574694224526418e-02 -8.657022150737094801e-01
-4.680000000000000132e-03 7.952747048116179385e-02 -8.322986081914343082e-01
-4.670000000000000540e-03 7.684084931229498427e-02 -7.948460792628226912e-01
-4.660000000000000080e-03 7.046012403623638787e-02 -7.540194486289307774e-01
-4.650000000000000487e-03 6.676601992904454552e-02 -7.091438959487025295e-01
-4.640000000000000027e-03 6.340774346796104743e-02 -6.608942415631938738e-01
-4.630000000000000435e-03 5.837032877633582806e-02 -6.102827159839889770e-01
-4.619999999999999975e-03 5.131794820806051538e-02 -5.562970886995038944e-01
-4.610000000000000382e-03 4.695218880865198452e-02 -5.063603834613550347e-01
-4.600000000000000790e-03 3.721318707150987615e-02 -4.483258341305335071e-01
-4.590000000000000330e-03 3.687735942540152495e-02 -3.882668237765437569e-01
-4.580000000000000737e-03 2.814584062658446670e-02 -3.302322744457222292e-01
-4.570000000000000277e-03 2.378008122717593584e-02 -2.691610335801484233e-01
-4.560000000000000685e-03 1.605604536668392077e-02 -2.074149723735184692e-01
-4.550000000000000225e-03 1.001114773673364954e-02 -1.436444501437203758e-01
-4.540000000000000632e-03 6.988698921758513052e-03 -7.953651774339423608e-02
-4.530000000000000172e-03 2.721459995915428975e-04 -1.475376500201203839e-02
-4.520000000000000580e-03 -1.013851102976726093e-02 5.002898773937016624e-02
-4.510000000000000120e-03 -1.383261513695909287e-02 1.121124591165281043e-01
-4.500000000000000527e-03 -1.954168512080101811e-02 1.772326220284383413e-01
-4.490000000000000067e-03 -2.793737627350972863e-02 2.376290425529561101e-01
-4.480000000000000475e-03 -3.364644625735165734e-02 3.003873342711701477e-01
-4.470000000000000015e-03 -3.868386094897688365e-02 3.597715242841038608e-01
-4.460000000000000422e-03 -4.338544799449375877e-02 4.188183041265094442e-01
-4.449999999999999963e-03 -5.010200091666072719e-02 4.758406229457469161e-01
-4.440000000000000370e-03 -5.715438148493604681e-02 5.328629417649843880e-01
-4.430000000000000777e-03 -6.152014088434457767e-02 5.841492876852453220e-01
-4.420000000000000318e-03 -6.286345146877797552e-02 6.340859929233940706e-01
-4.410000000000000725e-03 -6.823669380651153915e-02 6.836852879910148006e-01
-4.400000000000000265e-03 -7.226662555981172575e-02 7.326097627175794935e-01
-4.390000000000000673e-03 -7.696821260532860087e-02 7.734363933514714073e-01
-4.380000000000000213e-03 -8.267728258917053652e-02 8.102141019390269872e-01
-4.370000000000000620e-03 -8.368476552749556929e-02 8.500285020613347342e-01
-4.360000000000000160e-03 -9.107297374187925398e-02 8.827572886025538690e-01
-4.350000000000000568e-03 -9.443125020296272432e-02 9.121119734384927069e-01
-4.340000000000000108e-03 -9.543873314128778484e-02 9.357306853754550069e-01
-4.330000000000000515e-03 -9.745369901793787815e-02 9.613738583355854184e-01
-4.320000000000000055e-03 -9.913283724847959943e-02 9.792565973735711804e-01
-4.310000000000000463e-03 -9.980449254069631571e-02 9.937652347062765346e-01
-4.300000000000000003e-03 -1.001403201868046600e-01 1.004899770333701481e+00
-4.290000000000000410e-03 -1.031627690017797860e-01 1.012322794085318112e+00
-4.279999999999999950e-03 -1.034985966478881303e-01 1.012997614426374149e+00
-4.270000000000000358e-03 -1.018194584173464090e-01 1.014009844937958427e+00
-4.260000000000000765e-03 -1.028269413556714418e-01 1.009623512721093963e+00
-4.250000000000000305e-03 -9.711787137182950613e-02 9.995012076052530725e-01
-4.240000000000000713e-03 -9.812535431015456666e-02 9.876918516367719780e-01
-4.230000000000000253e-03 -9.678204372572116188e-02 9.704839329398422532e-01
-4.220000000000000660e-03 -9.678204372572116188e-02 9.502393227081603611e-01
-4.210000000000000200e-03 -8.972966315744584920e-02 9.289824819648943022e-01
-4.200000000000000608e-03 -8.637138669636237887e-02 8.979407462763153713e-01
-4.190000000000000148e-03 -8.670721434247072312e-02 8.672364207582644591e-01
-4.180000000000000555e-03 -8.133397200473713173e-02 8.334954037054611575e-01
-4.170000000000000095e-03 -7.696821260532860087e-02 7.953680544357935034e-01
-4.160000000000000503e-03 -7.562490202089522384e-02 7.558910644840137749e-01
-4.150000000000000043e-03 -7.159497026759503724e-02 7.123651524858976014e-01
-4.140000000000000450e-03 -6.319927911488631977e-02 6.695140608288374651e-01
-4.129999999999999991e-03 -6.017683029991118676e-02 6.155284335443522714e-01
-4.120000000000000398e-03 -5.278862208552751595e-02 5.632298571125072817e-01
-4.109999999999999938e-03 -4.707955210168559418e-02 5.139679722154145702e-01
-4.100000000000000346e-03 -4.271379270227706332e-02 4.498600398150884860e-01
-4.090000000000000753e-03 -3.700472271843514155e-02 3.958744125306032924e-01
-4.080000000000000293e-03 -3.196730802680990829e-02 3.344657614945013568e-01
-4.070000000000000701e-03 -2.558658275075129107e-02 2.723822901173434952e-01
-4.060000000000000241e-03 -2.222830628966780686e-02 2.180592526623302552e-01
-4.050000000000000648e-03 -1.450427042917579006e-02 1.485527575335555961e-01
-4.040000000000000188e-03 -7.787717507008819900e-03 8.714410649745371606e-02
-4.030000000000000596e-03 -1.406992230950199641e-03 2.472322494976774213e-02
-4.020000000000000136e-03 4.637905399000072891e-03 -3.972211762108642658e-02
-4.010000000000000543e-03 1.404107949003383093e-02 -1.055171008740527216e-01
-4.000000000000000083e-03 1.840683888944236180e-02 -1.669257519101546017e-01
-3.990000000000000491e-03 2.210094299663419373e-02 -2.320459148220648249e-01
-3.980000000000000031e-03 2.814584062658446670e-02 -2.941293861992227976e-01
-3.970000000000000438e-03 3.284742767210134529e-02 -3.589121389406050300e-01
-3.959999999999999978e-03 4.493722293200189122e-02 -4.132351763956181312e-01
-3.950000000000000386e-03 4.695218880865198452e-02 -4.736315969201360110e-01
-3.939999999999999926e-03 5.198960350027721083e-02 -5.255927631814528711e-01
-3.930000000000000333e-03 5.904198406855253045e-02 -5.809280311480502501e-01
-3.920000000000000741e-03 6.475105405239445222e-02 -6.301899160451429616e-01
-3.910000000000000281e-03 6.777350286736957830e-02 -6.750654687253712094e-01
-3.900000000000000255e-03 6.945264109791132734e-02 -7.260144044751041248e-01
-3.890000000000000228e-03 7.482588343564491873e-02 -7.654913944268838533e-01
-3.880000000000000202e-03 7.851998754283673332e-02 -8.056432047197197299e-01
-3.870000000000000176e-03 8.355740223446198045e-02 -8.414086827956911430e-01
-3.860000000000000150e-03 8.725150634165379504e-02 -8.764993405306065188e-01
-3.850000000000000124e-03 9.027395515662894887e-02 -9.065288457076013939e-01
-3.840000000000000531e-03 9.094561044884563739e-02 -9.355461203730121023e-01
-3.830000000000000505e-03 9.598302514047085676e-02 -9.557907306046941054e-01
-3.820000000000000479e-03 9.900547395544601059e-02 -9.777223916890162014e-01
-3.810000000000000452e-03 9.866964630933763858e-02 -9.895317476574972959e-01
-3.800000000000000426e-03 9.967712924766269911e-02 -9.979670019206980935e-01
-3.790000000000000400e-03 9.866964630933763858e-02 -1.008426717207067336e+00
-3.780000000000000374e-03 1.030354057087461694e-01 -1.012475639253403559e+00
-3.770000000000000347e-03 1.040428886470712300e-01 -1.009101537548123373e+00
-3.760000000000000321e-03 9.866964630933763858e-02 -1.007414486695483058e+00
-3.750000000000000295e-03 9.699050807879591729e-02 -9.972921815796420564e-01
-3.740000000000000269e-03 9.699050807879591729e-02 -9.831209544174647208e-01
-3.730000000000000242e-03 9.296057632549573069e-02 -9.679374967437032184e-01
-3.720000000000000216e-03 9.195309338717067016e-02 -9.476928865120213263e-01
-3.710000000000000190e-03 9.128143809495398164e-02 -9.260986355982272489e-01
-3.700000000000000164e-03 8.422905752667866897e-02 -8.950568999096483180e-01
-3.690000000000000138e-03 8.422905752667866897e-02 -8.640151642210692762e-01
-3.680000000000000111e-03 7.952747048116179385e-02 -8.319611980209062896e-01
-3.670000000000000085e-03 7.650502166618664002e-02 -7.894475165343741718e-01
-3.660000000000000493e-03 7.516171108175326299e-02 -7.533446282878747402e-01
-3.650000000000000466e-03 6.810933051347795031e-02 -7.064446145844782698e-01
-3.640000000000000440e-03 6.441522640628610796e-02 -6.585323703694976327e-01
-3.630000000000000414e-03 5.568370760746904624e-02 -6.099453058134609584e-01
-3.620000000000000388e-03 5.400456937692730414e-02 -5.576467293816159687e-01
-3.610000000000000361e-03 4.795967174697703117e-02 -5.029862817560747379e-01
-3.600000000000000335e-03 4.325808470146014911e-02 -4.473136036189494513e-01
-3.590000000000000309e-03 3.788484236372657160e-02 -3.923157458228802019e-01
-3.580000000000000283e-03 3.049663414934290773e-02 -3.282078134225540067e-01
-3.570000000000000256e-03 2.445173651939263476e-02 -2.688236234096204047e-01
-3.560000000000000230e-03 1.605604536668392077e-02 -2.084272028851025804e-01
-3.550000000000000204e-03 1.101863067505869445e-02 -1.460063213374165891e-01
-3.540000000000000178e-03 3.294594814566679380e-03 -8.426026013078669052e-02
-3.530000000000000152e-03 -6.368164651680558851e-05 -2.082714807151661920e-02
-3.520000000000000125e-03 -8.795200445333866551e-03 4.530524535197771180e-02
-3.510000000000000099e-03 -1.282513219863404795e-02 1.090757675817758121e-01
-3.500000000000000073e-03 -1.954168512080101811e-02 1.745333406642140817e-01
-3.490000000000000480e-03 -2.827320391961807983e-02 2.369542222119000452e-01
-3.480000000000000454e-03 -3.331061861124330614e-02 2.960010020543056841e-01
-3.470000000000000428e-03 -3.666889507232679035e-02 3.540355513851272118e-01
-3.460000000000000402e-03 -4.472875857892715662e-02 4.103830498633086465e-01
-3.450000000000000375e-03 -5.245279443941917169e-02 4.751658026046908789e-01
-3.440000000000000349e-03 -5.681855383882770255e-02 5.288140197186480540e-01
-3.430000000000000323e-03 -5.984100265380283556e-02 5.817874164915490809e-01
-3.420000000000000297e-03 -6.387093440710300829e-02 6.334111725823380334e-01
-3.410000000000000270e-03 -6.790086616040319489e-02 6.803111862857345038e-01
-3.400000000000000244e-03 -7.360993614424513054e-02 7.261989694775469184e-01
-3.390000000000000218e-03 -7.999066142030375470e-02 7.683752407935509066e-01
-3.380000000000000192e-03 -8.301311023527888078e-02 8.115637426211390615e-01
-3.370000000000000166e-03 -8.872218021912081642e-02 8.446299393328862148e-01
-3.360000000000000139e-03 -8.569973140414566259e-02 8.830946987730818876e-01
-3.350000000000000113e-03 -9.241628432631263101e-02 9.100875124153244844e-01
-3.340000000000000087e-03 -9.577456078739612910e-02 9.380925565691512480e-01
-3.330000000000000061e-03 -9.611038843350447336e-02 9.593493973124171958e-01
-3.320000000000000468e-03 -9.678204372572116188e-02 9.792565973735711804e-01
-3.310000000000000442e-03 -9.980449254069631571e-02 9.937652347062765346e-01
-3.300000000000000416e-03 -1.018194584173464090e-01 1.002875309310533369e+00
-3.290000000000000389e-03 -1.004761478329130042e-01 1.011985383914790093e+00
-3.280000000000000363e-03 -9.913283724847959943e-02 1.019070997495878927e+00
-3.270000000000000337e-03 -9.913283724847959943e-02 1.014684665279014464e+00
-3.260000000000000311e-03 -1.008119754790213485e-01 1.010973153403206037e+00
-3.250000000000000284e-03 -9.913283724847959943e-02 1.002200488969477332e+00
-3.240000000000000258e-03 -9.778952666404622240e-02 9.897163126599400895e-01
-3.230000000000000232e-03 -9.711787137182950613e-02 9.714961634514264199e-01
-3.220000000000000206e-03 -9.711787137182950613e-02 9.488896820260482867e-01
-3.210000000000000180e-03 -9.073714609577090973e-02 9.286450717943662836e-01
-3.200000000000000153e-03 -8.737886963468741164e-02 9.006400276405396310e-01
-3.190000000000000127e-03 -8.469224846582062982e-02 8.665616004172083109e-01
-3.180000000000000101e-03 -8.166979965084547599e-02 8.365320952402134358e-01
-3.170000000000000075e-03 -7.596072966700356810e-02 7.977299256294897445e-01
-3.160000000000000048e-03 -7.360993614424513054e-02 7.542040136313735710e-01
-3.150000000000000456e-03 -6.924417674483659968e-02 7.116903321448415642e-01
-3.140000000000000430e-03 -6.924417674483659968e-02 6.617536269066927046e-01
-3.130000000000000403e-03 -5.614689854661100016e-02 6.145162030327682157e-01
-3.120000000000000377e-03 -5.446776031606925805e-02 5.588435248956429291e-01
-3.110000000000000351e-03 -4.741537974779394538e-02 5.089068196574940695e-01
-3.100000000000000325e-03 -4.170630976395201667e-02 4.495226296445603564e-01
-3.090000000000000299e-03 -3.599723978011009490e-02 3.958744125306032924e-01
-3.080000000000000272e-03 -3.263896331902661069e-02 3.341283513239733383e-01
-3.070000000000000246e-03 -2.323578922799285004e-02 2.750815714815677548e-01
-3.060000000000000220e-03 -1.987751276690936583e-02 2.143477407865218842e-01
-3.050000000000000194e-03 -1.181764926030900303e-02 1.499023982156677259e-01
-3.040000000000000167e-03 -4.765268692033684285e-03 8.478223530375748884e-02
-3.030000000000000141e-03 -2.078647523166896396e-03 2.033689273290332014e-02
-3.020000000000000115e-03 4.637905399000072891e-03 -4.343362949689478364e-02
-3.010000000000000089e-03 1.001114773673364954e-02 -1.058545110445807541e-01
-3.000000000000000062e-03 1.941432182776740498e-02 -1.696250332743788614e-01
-2.990000000000000036e-03 2.378008122717593584e-02 -2.313710944810087600e-01
-2.980000000000000444e-03 3.049663414934290773e-02 -2.917675150055265565e-01
-2.970000000000000417e-03 3.553404884096813404e-02 -3.565502677469087889e-01
-2.960000000000000391e-03 4.157894647091840701e-02 -4.145848170777303165e-01
-2.950000000000000365e-03 4.695218880865198452e-02 -4.689078545327435288e-01
-2.940000000000000339e-03 5.467622466914399959e-02 -5.228934818172286114e-01
-2.930000000000000313e-03 5.736284583801078835e-02 -5.762042887606577679e-01
-2.920000000000000286e-03 6.273608817574435892e-02 -6.291776855335587948e-01
-2.910000000000000260e-03 6.978846874401967160e-02 -6.787769806011795248e-01
-2.900000000000000234e-03 7.381840049731985820e-02 -7.182539705529593643e-01
-2.890000000000000208e-03 7.684084931229498427e-02 -7.654913944268838533e-01
-2.880000000000000181e-03 8.053495341948682662e-02 -8.076676657428879524e-01
-2.870000000000000155e-03 8.456488517278701322e-02 -8.397216319430509390e-01
-2.860000000000000129e-03 8.657985104943710652e-02 -8.771741608716625560e-01
-2.850000000000000103e-03 9.128143809495398164e-02 -9.018051033202089117e-01
-2.840000000000000076e-03 9.128143809495398164e-02 -9.345338898614280465e-01
-2.830000000000000050e-03 9.463971455603747973e-02 -9.561281407752221240e-01
-2.820000000000000024e-03 9.497554220214582399e-02 -9.706367781079274781e-01
-2.810000000000000431e-03 9.766216337101260581e-02 -9.891943374869692773e-01
-2.800000000000000405e-03 9.699050807879591729e-02 -1.000328873114394446e+00
-2.790000000000000379e-03 9.766216337101260581e-02 -1.006064846013370984e+00
-2.780000000000000353e-03 1.020279227704211367e-01 -1.010788588400763466e+00
-2.770000000000000327e-03 9.866964630933763858e-02 -1.011800818912347522e+00
-2.760000000000000300e-03 9.833381866322929432e-02 -1.004040384990202872e+00
-2.750000000000000274e-03 9.531136984825416825e-02 -9.979670019206980935e-01
-2.740000000000000248e-03 9.463971455603747973e-02 -9.827835442469367022e-01
-2.730000000000000222e-03 9.564719749436251250e-02 -9.665878560615911441e-01
-2.720000000000000195e-03 9.363223161771241920e-02 -9.473554763414933078e-01
-2.710000000000000169e-03 8.859481692608719983e-02 -9.220497135518908038e-01
-2.700000000000000143e-03 8.859481692608719983e-02 -8.960691304212323738e-01
-2.690000000000000117e-03 8.187826400392023141e-02 -8.653648049031814615e-01
-2.680000000000000090e-03 8.120660871170351514e-02 -8.292619166566820299e-01
-2.670000000000000064e-03 7.482588343564491873e-02 -7.880978758522619865e-01
-2.660000000000000038e-03 7.012429639012801585e-02 -7.503079367531224619e-01
-2.650000000000000012e-03 6.810933051347795031e-02 -7.050949739023660845e-01
-2.640000000000000419e-03 6.374357111406941945e-02 -6.565079093463294102e-01
-2.630000000000000393e-03 5.601953525357739050e-02 -6.106201261545169956e-01
-2.620000000000000367e-03 5.131794820806051538e-02 -5.542726276763356719e-01
-2.610000000000000341e-03 4.560887822421858667e-02 -5.046733326087149418e-01
-2.600000000000000314e-03 4.157894647091840701e-02 -4.486632443010615257e-01
-2.590000000000000288e-03 3.586987648707648524e-02 -3.882668237765437569e-01
-2.580000000000000262e-03 3.016080650323455653e-02 -3.292200439341381735e-01
-2.570000000000000236e-03 2.042180476609245163e-02 -2.671365725569802008e-01
-2.560000000000000209e-03 1.739935595111731514e-02 -2.064027418619343857e-01
-2.550000000000000183e-03 5.981215983433467269e-03 -1.446566806553044593e-01
-2.540000000000000157e-03 4.302077752891724297e-03 -7.649982620864194394e-02
-2.530000000000000131e-03 -3.086130461491942180e-03 -1.779045653676433053e-02
-2.520000000000000104e-03 -5.772751630358730068e-03 4.732970637514590656e-02
-2.510000000000000078e-03 -1.685506395193422935e-02 1.067138963880795849e-01
-2.500000000000000052e-03 -2.155665099745110794e-02 1.718340592999898220e-01
-2.490000000000000026e-03 -2.390744452020954897e-02 2.406657340877084161e-01
-2.480000000000000000e-03 -3.230313567291825949e-02 2.990376935890579624e-01
-2.470000000000000407e-03 -3.969134388730193030e-02 3.604463446251598979e-01
-2.460000000000000381e-03 -4.506458622503550088e-02 4.161190227622851845e-01
-2.450000000000000355e-03 -5.010200091666072719e-02 4.761780331162749347e-01
-2.440000000000000328e-03 -5.413193266996091380e-02 5.311758909123442951e-01
-2.430000000000000302e-03 -6.017683029991118676e-02 5.851615181968293777e-01
-2.420000000000000276e-03 -6.722921086818650638e-02 6.371226844581463489e-01
-2.410000000000000250e-03 -6.823669380651153915e-02 6.826730574794307449e-01
-2.400000000000000223e-03 -7.696821260532860087e-02 7.305853016944113820e-01
-2.390000000000000197e-03 -8.032648906641209896e-02 7.717493424988313144e-01
-2.380000000000000171e-03 -8.267728258917053652e-02 8.119011527916670801e-01
-2.370000000000000145e-03 -8.536390375803731834e-02 8.500285020613347342e-01
-2.360000000000000119e-03 -8.771469728079575590e-02 8.841069292846660543e-01
-2.350000000000000092e-03 -9.006549080355419346e-02 9.121119734384927069e-01
-2.340000000000000066e-03 -9.443125020296272432e-02 9.364055057165110441e-01
-2.330000000000000040e-03 -9.812535431015456666e-02 9.630609091882256223e-01
-2.320000000000000014e-03 -9.644621607961281762e-02 9.812810583967392919e-01
-2.309999999999999987e-03 -9.913283724847959943e-02 9.941026448768045531e-01
-2.300000000000000395e-03 -1.011478031251296927e-01 1.004562360163173462e+00
-2.290000000000000369e-03 -1.024911137095630975e-01 1.011647973744262075e+00
-2.280000000000000342e-03 -9.812535431015456666e-02 1.019745817836934965e+00
-2.270000000000000316e-03 -1.011478031251296927e-01 1.013335024596902390e+00
-2.260000000000000290e-03 -1.021552860634547533e-01 1.008948692380037926e+00
-2.250000000000000264e-03 -9.913283724847959943e-02 9.981515669231409982e-01
-2.240000000000000237e-03 -9.678204372572116188e-02 9.863422109546597927e-01
-2.230000000000000211e-03 -9.375959491074603580e-02 9.711587532808984013e-01
-2.220000000000000185e-03 -9.443125020296272432e-02 9.488896820260482867e-01
-2.210000000000000159e-03 -9.140880138798759824e-02 9.262832006006700425e-01
-2.200000000000000133e-03 -8.838635257301244441e-02 8.982781564468433899e-01
-2.190000000000000106e-03 -8.603555905025400685e-02 8.655493699056242551e-01
-2.180000000000000080e-03 -7.797569554365366140e-02 8.375443257517976026e-01
-2.170000000000000054e-03 -7.629655731311191236e-02 7.980673358000177631e-01
-2.160000000000000028e-03 -7.293828085202841427e-02 7.575781153366538678e-01
-2.150000000000000001e-03 -7.327410849813678628e-02 7.116903321448415642e-01
-2.139999999999999975e-03 -6.252762382266963126e-02 6.637780879298609271e-01
-2.130000000000000383e-03 -5.916934736158614011e-02 6.128291521801280117e-01
-2.120000000000000356e-03 -5.346027737774421834e-02 5.628924469419792631e-01
-2.110000000000000330e-03 -4.875869033222733628e-02 5.099190501690782362e-01
-2.100000000000000304e-03 -4.439293093281880542e-02 4.512096804972005604e-01
-2.090000000000000278e-03 -3.901968859508522791e-02 3.935125413369070513e-01
-2.080000000000000251e-03 -3.263896331902661069e-02 3.364902225176695794e-01
-2.070000000000000225e-03 -2.659406568907633772e-02 2.764312121636798292e-01
-2.060000000000000199e-03 -2.054916805912606476e-02 2.126606899338817358e-01
-2.050000000000000173e-03 -1.416844278306744233e-02 1.485527575335555961e-01
-2.040000000000000147e-03 -8.795200445333866551e-03 8.377000479217339146e-02
-2.030000000000000120e-03 -2.750302815383593585e-03 2.539804529082380358e-02
-2.020000000000000094e-03 3.966250106783376569e-03 -4.107175830319855642e-02
-2.010000000000000068e-03 1.034697538284199726e-02 -1.082163822382769813e-01
-2.000000000000000042e-03 1.739935595111731514e-02 -1.669257519101546017e-01
-1.990000000000000015e-03 2.579504710382602914e-02 -2.306962741399526950e-01
-1.979999999999999989e-03 3.083246179545125545e-02 -2.900804641528863526e-01
-1.969999999999999963e-03 3.620570413318482950e-02 -3.521639355300443253e-01
-1.960000000000000370e-03 4.124311882481005581e-02 -4.132351763956181312e-01
-1.950000000000000127e-03 4.728801645476032878e-02 -4.668833935095753063e-01
-1.940000000000000101e-03 5.266125879249390629e-02 -5.252553530109248525e-01
-1.930000000000000075e-03 5.971363936076922591e-02 -5.768791091017138051e-01
-1.920000000000000265e-03 6.844515815958629457e-02 -6.217546617819421639e-01
-1.910000000000000239e-03 7.079595168234473213e-02 -6.784395704306515062e-01
-1.900000000000000213e-03 7.180343462066976490e-02 -7.277014553277442177e-01
-1.890000000000000187e-03 7.684084931229498427e-02 -7.675158554500520758e-01
-1.880000000000000161e-03 8.120660871170351514e-02 -8.073302555723598228e-01
-1.870000000000000134e-03 8.691567869554545078e-02 -8.410712726251631244e-01
-1.860000000000000108e-03 8.590819575722041801e-02 -8.768367507011345374e-01
-1.850000000000000082e-03 9.262474867938738643e-02 -9.061914355370733754e-01
-1.840000000000000056e-03 9.329640397160407495e-02 -9.287979169624515086e-01
-1.830000000000000246e-03 9.430388690992910772e-02 -9.554533204341660868e-01
-1.820000000000000220e-03 9.665468043268754528e-02 -9.763727510069040161e-01
-1.810000000000000194e-03 9.732633572490426155e-02 -9.871698764638010548e-01
-1.800000000000000168e-03 1.006846121859877319e-01 -1.001341103625978501e+00
-1.790000000000000141e-03 9.833381866322929432e-02 -1.006739666354427021e+00
-1.780000000000000115e-03 1.003487845398793876e-01 -1.010451178230235447e+00
-1.770000000000000089e-03 9.732633572490426155e-02 -1.007751896866011077e+00
-1.760000000000000063e-03 9.934130160155435485e-02 -1.004040384990202872e+00
-1.750000000000000036e-03 9.900547395544601059e-02 -1.001003693455450483e+00
-1.740000000000000227e-03 9.598302514047085676e-02 -9.875072866343290734e-01
-1.730000000000000201e-03 9.396805926382076346e-02 -9.696245475963434224e-01
-1.720000000000000175e-03 9.296057632549573069e-02 -9.480302966825493449e-01
-1.710000000000000148e-03 8.758733398776213930e-02 -9.244115847455870449e-01
-1.700000000000000122e-03 8.389322988057032471e-02 -8.970813609328164295e-01
-1.690000000000000096e-03 8.322157458835360844e-02 -8.640151642210692762e-01
-1.680000000000000070e-03 8.187826400392023141e-02 -8.299367369977380671e-01
-1.670000000000000043e-03 7.381840049731985820e-02 -7.911345673870143758e-01
-1.660000000000000234e-03 7.314674520510316968e-02 -7.496331164120663137e-01
-1.650000000000000208e-03 6.609436463682785701e-02 -7.091438959487025295e-01
-1.640000000000000182e-03 5.971363936076922591e-02 -6.635935229274181335e-01
-1.630000000000000155e-03 5.904198406855253045e-02 -6.116323566661011624e-01
-1.620000000000000129e-03 5.501205231525234385e-02 -5.616956514279524137e-01
-1.610000000000000103e-03 4.695218880865198452e-02 -5.053481529497709790e-01
-1.600000000000000077e-03 3.922815294815996945e-02 -4.486632443010615257e-01
-1.590000000000000050e-03 3.452656590264308739e-02 -3.913035153112960352e-01
-1.580000000000000024e-03 2.948915121101786108e-02 -3.319193252983624332e-01
-1.570000000000000215e-03 2.613087474993437687e-02 -2.684862132390922751e-01
-1.560000000000000189e-03 1.975014947387575617e-02 -2.033660503271820796e-01
-1.550000000000000162e-03 1.068280302895034672e-02 -1.446566806553044593e-01
-1.540000000000000136e-03 2.958767168458330786e-03 -8.156097876656243084e-02
-1.530000000000000110e-03 9.438012918082398697e-04 -1.610340568412416823e-02
-1.520000000000000084e-03 -6.780234568683774984e-03 4.834193688673000394e-02
-1.510000000000000057e-03 -9.802683383658911467e-03 1.114376387754720393e-01
-1.500000000000000031e-03 -2.323578922799285004e-02 1.728462898115739055e-01
-1.490000000000000222e-03 -2.726572098129303318e-02 2.376290425529561101e-01
-1.480000000000000196e-03 -3.700472271843514155e-02 2.949887715427216284e-01
-1.470000000000000169e-03 -3.666889507232679035e-02 3.553851920672393971e-01
-1.460000000000000143e-03 -4.372127564060210997e-02 4.181434837854534070e-01
-1.450000000000000117e-03 -5.043782856276907839e-02 4.738161619225786936e-01
-1.440000000000000091e-03 -5.614689854661100016e-02 5.311758909123442951e-01
-1.430000000000000064e-03 -5.916934736158614011e-02 5.824622368326051181e-01
-1.420000000000000038e-03 -6.219179617656127312e-02 6.310493013886417923e-01
-1.410000000000000012e-03 -6.890834909872825542e-02 6.846975185025989674e-01
-1.400000000000000203e-03 -7.562490202089522384e-02 7.288982508417711781e-01
-1.390000000000000176e-03 -7.999066142030375470e-02 7.714119323283032958e-01
-1.380000000000000150e-03 -8.166979965084547599e-02 8.129133833032512468e-01
-1.370000000000000124e-03 -8.334893788138722504e-02 8.453047596739423630e-01
-1.360000000000000098e-03 -8.704304198857906738e-02 8.753342648509372381e-01
-1.350000000000000071e-03 -9.107297374187925398e-02 9.084004615626843915e-01
-1.340000000000000045e-03 -9.476707784907106857e-02 9.391047870807353037e-01
-1.330000000000000019e-03 -9.913283724847959943e-02 9.596868074829452144e-01
-1.320000000000000210e-03 -9.812535431015456666e-02 9.812810583967392919e-01
-1.310000000000000183e-03 -9.711787137182950613e-02 9.978141567526128686e-01
-1.300000000000000157e-03 -1.011478031251296927e-01 1.006924231356869592e+00
-1.290000000000000131e-03 -1.011478031251296927e-01 1.015359485620070501e+00
-1.280000000000000105e-03 -9.778952666404622240e-02 1.017721356813766631e+00
-1.270000000000000078e-03 -1.021552860634547533e-01 1.015696895790598520e+00
-1.260000000000000052e-03 -1.004761478329130042e-01 1.012997614426374149e+00
-1.250000000000000026e-03 -9.913283724847959943e-02 9.998386177757810911e-01
-1.240000000000000000e-03 -9.812535431015456666e-02 9.900537228304682191e-01
-1.230000000000000190e-03 -9.443125020296272432e-02 9.725083939630104757e-01
-1.220000000000000164e-03 -9.208045668020428676e-02 9.542882447544966951e-01
-1.210000000000000138e-03 -9.375959491074603580e-02 9.245961497480299496e-01
-1.200000000000000112e-03 -8.637138669636237887e-02 8.992903869584274457e-01
-1.190000000000000085e-03 -8.502807611192897408e-02 8.652119597350962366e-01
-1.180000000000000059e-03 -8.234145494306219226e-02 8.334954037054611575e-01
-1.170000000000000033e-03 -7.898317848197869417e-02 7.960428747768496516e-01
-1.160000000000000007e-03 -7.293828085202841427e-02 7.545414238019015896e-01
-1.150000000000000197e-03 -7.092331497537834872e-02 7.137147931680096757e-01
-1.140000000000000171e-03 -6.689338322207816212e-02 6.647903184414449829e-01
-1.130000000000000145e-03 -6.555007263764475733e-02 6.118169216685439560e-01
-1.120000000000000119e-03 -5.211696679331082049e-02 5.662665486472595600e-01
-1.110000000000000092e-03 -5.077365620887742959e-02 5.078945891459100137e-01
-1.100000000000000066e-03 -4.304962034838541451e-02 4.525593211793127457e-01
-1.090000000000000040e-03 -3.599723978011009490e-02 3.962118227011313110e-01
-1.080000000000000014e-03 -3.196730802680990829e-02 3.324413004713332453e-01
-1.069999999999999988e-03 -2.692989333518468545e-02 2.750815714815677548e-01
-1.060000000000000178e-03 -1.987751276690936583e-02 2.160347916391620604e-01
-1.050000000000000152e-03 -1.517592572139248724e-02 1.465282965103874013e-01
-1.040000000000000126e-03 -6.780234568683774984e-03 8.579446581534158622e-02
-1.030000000000000100e-03 9.438012918082398697e-04 1.999948256237528768e-02
-1.020000000000000073e-03 3.966250106783376569e-03 -4.377103966742281610e-02
-1.010000000000000047e-03 1.135445832116704218e-02 -1.061919212151087866e-01
-1.000000000000000021e-03 1.874266653555070952e-02 -1.692876231038508428e-01
-9.899999999999999946e-04 2.512339181160933022e-02 -2.300214537988966579e-01
-9.800000000000001852e-04 3.150411708766795438e-02 -2.961538472223910201e-01
-9.700000000000000505e-04 3.284742767210134529e-02 -3.568876779174368075e-01
-9.600000000000001327e-04 3.989980824037666490e-02 -4.128977662250901126e-01
-9.500000000000001065e-04 4.728801645476032878e-02 -4.692452647032715474e-01
-9.400000000000000803e-04 5.366874173081895294e-02 -5.262675835225090193e-01
-9.300000000000000541e-04 5.769867348411913260e-02 -5.802532108069941019e-01
-9.200000000000000278e-04 6.273608817574435892e-02 -6.328891974093672212e-01
-9.100000000000001100e-04 6.810933051347795031e-02 -6.774273399190674505e-01
-9.000000000000000838e-04 7.113177932845307638e-02 -7.260144044751041248e-01
-8.900000000000000576e-04 7.717667695840335629e-02 -7.644791639152997975e-01
-8.800000000000000313e-04 7.784833225062004480e-02 -8.066554352313037857e-01
-8.700000000000001135e-04 8.254991929613691992e-02 -8.451201946714994584e-01
-8.600000000000000873e-04 8.590819575722041801e-02 -8.764993405306065188e-01
-8.500000000000000611e-04 9.094561044884563739e-02 -9.068662558781294125e-01
-8.400000000000000348e-04 9.329640397160407495e-02 -9.341964796909000279e-01
-8.300000000000001170e-04 9.430388690992910772e-02 -9.584900119689183651e-01
-8.200000000000000908e-04 9.866964630933763858e-02 -9.743482899837359046e-01
-8.100000000000000646e-04 9.598302514047085676e-02 -9.908813883396094813e-01
-8.000000000000000383e-04 1.003487845398793876e-01 -1.001003693455450483e+00
-7.900000000000000121e-04 1.000129568937710434e-01 -1.007414486695483058e+00
-7.800000000000000943e-04 9.564719749436251250e-02 -1.010788588400763466e+00
-7.700000000000000681e-04 9.866964630933763858e-02 -1.009776357889179410e+00
-7.600000000000000418e-04 9.665468043268754528e-02 -1.005390025672314946e+00
-7.500000000000000156e-04 9.732633572490426155e-02 -9.989792324322822603e-01
-7.400000000000000978e-04 9.463971455603747973e-02 -9.851454154406329433e-01
-7.300000000000000716e-04 9.430388690992910772e-02 -9.676000865731751999e-01
-7.200000000000000453e-04 8.926647221830388834e-02 -9.456684254888531038e-01
-7.100000000000000191e-04 8.758733398776213930e-02 -9.240741745750590264e-01
-7.000000000000001013e-04 8.624402340332876227e-02 -8.967439507622884109e-01
-6.900000000000000751e-04 8.456488517278701322e-02 -8.640151642210692762e-01
-6.800000000000000488e-04 8.187826400392023141e-02 -8.339856590440744011e-01
-6.700000000000000226e-04 7.650502166618664002e-02 -7.894475165343741718e-01
-6.600000000000001048e-04 6.844515815958629457e-02 -7.530072181173467216e-01
-6.500000000000000786e-04 6.777350286736957830e-02 -7.067820247550062884e-01
-6.400000000000000524e-04 6.240026052963601466e-02 -6.622438822453059482e-01
-6.300000000000000261e-04 6.172860523741931921e-02 -6.085956651313488841e-01
-6.199999999999999999e-04 5.333291408471060174e-02 -5.542726276763356719e-01
-6.100000000000000821e-04 4.695218880865198452e-02 -5.036611020971307751e-01
-6.000000000000000559e-04 4.124311882481005581e-02 -4.473136036189494513e-01
-5.900000000000000296e-04 3.687735942540152495e-02 -3.916409254818241648e-01
-5.800000000000000034e-04 1.907849418165905725e-02 -3.558754474058526407e-01
-5.700000000000000856e-04 2.445173651939263476e-02 -2.681488030685642565e-01
-5.600000000000000594e-04 1.605604536668392077e-02 -2.077523825440465155e-01
-5.500000000000000331e-04 1.135445832116704218e-02 -1.460063213374165891e-01
-5.400000000000000069e-04 6.079736456998913836e-04 -7.582500586758587902e-02
-5.300000000000000891e-04 -1.071164584841851047e-03 -1.306671414937187609e-02
-5.200000000000000629e-04 -5.101096338142032879e-03 4.935416739831410132e-02
-5.100000000000000366e-04 -1.148182161420065357e-02 1.111002286049440069e-01
-5.000000000000000104e-04 -2.054916805912606476e-02 1.728462898115739055e-01
-4.900000000000000926e-04 -2.760154862740138090e-02 2.379664527234841565e-01
-4.800000000000000664e-04 -3.263896331902661069e-02 2.973506427364178695e-01
-4.700000000000000401e-04 -3.935551624119357911e-02 3.567348327493514715e-01
-4.600000000000000139e-04 -4.271379270227706332e-02 4.181434837854534070e-01
-4.500000000000000419e-04 -4.707955210168559418e-02 4.734787517520506750e-01
-4.400000000000000157e-04 -5.916934736158614011e-02 5.298262502302321098e-01
-4.300000000000000436e-04 -5.984100265380283556e-02 5.811125961504930437e-01
-4.200000000000000174e-04 -6.790086616040319489e-02 6.377975047992024971e-01
-4.100000000000000454e-04 -7.159497026759503724e-02 6.789615456036224295e-01
-4.000000000000000192e-04 -7.293828085202841427e-02 7.275486101596589927e-01
-3.900000000000000471e-04 -7.898317848197869417e-02 7.693874713051350733e-01
-3.800000000000000209e-04 -8.234145494306219226e-02 8.119011527916670801e-01
-3.700000000000000489e-04 -8.872218021912081642e-02 8.500285020613347342e-01
-3.600000000000000227e-04 -9.040131844966253771e-02 8.787083665562175350e-01
-3.500000000000000507e-04 -9.308793961852934729e-02 9.114371530974366697e-01
-3.400000000000000244e-04 -9.476707784907106857e-02 9.370803260575670812e-01
-3.300000000000000524e-04 -9.678204372572116188e-02 9.579997566303051215e-01
-3.200000000000000262e-04 -9.711787137182950613e-02 9.775695465209309765e-01
-3.099999999999999999e-04 -9.846118195626291092e-02 9.927530041946924788e-01
-3.000000000000000279e-04 -9.913283724847959943e-02 1.000850848287365036e+00
-2.900000000000000017e-04 -1.004761478329130042e-01 1.014684665279014464e+00
-2.800000000000000297e-04 -1.001403201868046600e-01 1.013335024596902390e+00
-2.700000000000000035e-04 -1.001403201868046600e-01 1.009960922891621982e+00
-2.600000000000000314e-04 -1.008119754790213485e-01 1.005574590674757518e+00
-2.500000000000000052e-04 -1.001403201868046600e-01 9.971393364115568314e-01
-2.400000000000000332e-04 -9.577456078739612910e-02 9.816184685672673105e-01
-2.300000000000000070e-04 -9.611038843350447336e-02 9.674472414050899749e-01
-2.200000000000000078e-04 -9.342376726463769154e-02 9.465278108323520456e-01
-2.100000000000000087e-04 -9.006549080355419346e-02 9.245961497480299496e-01
-2.000000000000000096e-04 -1.048419072323215351e-01 8.776961360446333682e-01
-1.900000000000000105e-04 -8.334893788138722504e-02 8.668990105877363295e-01
-1.800000000000000113e-04 -8.066231671252044322e-02 8.334954037054611575e-01
-1.700000000000000122e-04 -7.898317848197869417e-02 7.957054646063215220e-01
-1.600000000000000131e-04 -7.327410849813678628e-02 7.535291932903175338e-01
-1.500000000000000140e-04 -6.991583203705328819e-02 7.096658711216733417e-01
-1.400000000000000148e-04 -6.353510676099466403e-02 6.604039862245806303e-01
-1.300000000000000157e-04 -5.984100265380283556e-02 6.111421013274879188e-01
-1.200000000000000166e-04 -5.581107090050265590e-02 5.625550367714512445e-01
-1.100000000000000039e-04 -4.842286268611898509e-02 5.055327179522137726e-01
-1.000000000000000048e-04 -4.002717153341027456e-02 4.525593211793127457e-01
-9.000000000000000567e-05 -3.868386094897688365e-02 3.938499515074350699e-01
-8.000000000000000654e-05 -2.793737627350972863e-02 3.341283513239733383e-01
-7.000000000000000742e-05 -2.726572098129303318e-02 2.750815714815677548e-01
-6.000000000000000830e-05 -2.021334041301771356e-02 2.140103306159938656e-01
-5.000000000000000240e-05 -1.282513219863404795e-02 1.499023982156677259e-01
-4.000000000000000327e-05 -8.795200445333866551e-03 8.680669632692568360e-02
-3.000000000000000415e-05 -1.071164584841851047e-03 2.033689273290332014e-02
-2.000000000000000164e-05 3.294594814566679380e-03 -4.242139898531068626e-02
-1.000000000000000082e-05 1.001114773673364954e-02 -1.045048703624686243e-01
0.000000000000000000e+00 1.941432182776740498e-02 -1.672631620806826480e-01
1.000000000000000082e-05 2.478756416550098249e-02 -2.290092232873125466e-01
2.000000000000000164e-05 2.881749591880116562e-02 -2.883934133002462596e-01
3.000000000000000415e-05 3.419073825653474313e-02 -3.528387558711003624e-01
4.000000000000000327e-05 4.225060176313510246e-02 -4.098610746903378343e-01
5.000000000000000240e-05 4.963880997751877328e-02 -4.668833935095753063e-01
6.000000000000000830e-05 5.131794820806051538e-02 -5.232308919877566300e-01
7.000000000000000742e-05 5.669119054579408595e-02 -5.738424175669615268e-01
8.000000000000000654e-05 6.273608817574435892e-02 -6.281654550219747390e-01
9.000000000000000567e-05 7.180343462066976490e-02 -6.740532382137871537e-01
1.000000000000000048e-04 7.146760697456142064e-02 -7.229777129403518465e-01
1.100000000000000039e-04 7.415422814342820246e-02 -7.604302418689633525e-01
1.200000000000000166e-04 8.053495341948682662e-02 -8.042935640376075446e-01
1.300000000000000157e-04 8.120660871170351514e-02 -8.403964522841070872e-01
1.400000000000000148e-04 8.758733398776213930e-02 -8.781863913832466118e-01
1.500000000000000140e-04 9.161726574106232590e-02 -9.051792050254892086e-01
1.600000000000000131e-04 9.296057632549573069e-02 -9.304849678150917125e-01
1.700000000000000122e-04 9.027395515662894887e-02 -9.551159102636380682e-01
1.800000000000000113e-04 9.497554220214582399e-02 -9.746857001542639232e-01
1.900000000000000105e-04 9.900547395544601059e-02 -9.881821069753852216e-01
2.000000000000000096e-04 9.631885278657920102e-02 -1.003028154478618816e+00
2.100000000000000087e-04 9.866964630933763858e-02 -1.010113768059707429e+00
2.200000000000000078e-04 9.900547395544601059e-02 -1.011463408741819503e+00
2.300000000000000070e-04 9.833381866322929432e-02 -1.010113768059707429e+00
2.400000000000000332e-04 9.900547395544601059e-02 -1.006064846013370984e+00
2.500000000000000052e-04 9.799799101712095006e-02 -9.956051307270018524e-01
2.600000000000000314e-04 9.396805926382076346e-02 -9.804216730532404611e-01
2.700000000000000035e-04 9.128143809495398164e-02 -9.696245475963434224e-01
2.800000000000000297e-04 9.195309338717067016e-02 -9.460058356593811224e-01
2.900000000000000017e-04 9.094561044884563739e-02 -9.223871237224189334e-01
3.000000000000000279e-04 8.590819575722041801e-02 -8.950568999096483180e-01
3.099999999999999999e-04 8.557236811111204600e-02 -8.626655235389572018e-01
3.200000000000000262e-04 7.986329812727013810e-02 -8.322986081914343082e-01
3.300000000000000524e-04 7.516171108175326299e-02 -7.911345673870143758e-01
3.400000000000000244e-04 6.810933051347795031e-02 -7.516575774352345363e-01
3.500000000000000507e-04 6.676601992904454552e-02 -7.057697942434221217e-01
3.600000000000000227e-04 6.240026052963601466e-02 -6.612316517337218924e-01
3.700000000000000489e-04 5.635536289968574170e-02 -6.099453058134609584e-01
3.800000000000000209e-04 5.232543114638555509e-02 -5.586589598932000245e-01
3.900000000000000471e-04 4.762384410086867997e-02 -5.043359224381869232e-01
4.000000000000000192e-04 4.292225705535179792e-02 -4.506877053242297482e-01
4.100000000000000454e-04 3.452656590264308739e-02 -3.889416441175999051e-01
4.200000000000000174e-04 3.016080650323455653e-02 -3.336063761510025261e-01
4.300000000000000436e-04 2.142928770441749828e-02 -2.674739827275082193e-01
4.400000000000000157e-04 1.807101124333401407e-02 -2.074149723735184692e-01
4.500000000000000419e-04 1.202611361338373937e-02 -1.419573992910802274e-01
4.600000000000000139e-04 4.302077752891724297e-03 -8.088615842550636592e-02
4.700000000000000401e-04 -3.757785753708638501e-03 -2.150196841257268413e-02
4.800000000000000664e-04 -8.123545153117169362e-03 4.463042501092164688e-02
4.900000000000000926e-04 -1.517592572139248724e-02 1.100879980933599095e-01
5.000000000000000104e-04 -2.088499570523441248e-02 1.738585203231580167e-01
5.100000000000000366e-04 -2.457909981242624442e-02 2.349297611887318504e-01
5.200000000000000629e-04 -3.297479096513495495e-02 2.973506427364178695e-01
5.300000000000000891e-04 -3.767637801065183700e-02 3.560600124082954343e-01
5.400000000000000069e-04 -4.372127564060210997e-02 4.181434837854534070e-01
5.500000000000000331e-04 -4.976617327055238293e-02 4.738161619225786936e-01
5.600000000000000594e-04 -5.648272619271935135e-02 5.288140197186480540e-01
5.700000000000000856e-04 -6.084848559212788222e-02 5.885356199021097856e-01
5.800000000000000034e-04 -6.655755557596981786e-02 6.361104539465622931e-01
5.900000000000000296e-04 -7.159497026759503724e-02 6.846975185025989674e-01
6.000000000000000559e-04 -7.696821260532860087e-02 7.282234305007151409e-01
6.100000000000000821e-04 -7.797569554365366140e-02 7.677004204524948694e-01
6.199999999999999999e-04 -8.301311023527888078e-02 8.122385629621950986e-01
6.300000000000000261e-04 -8.502807611192897408e-02 8.490162715497506785e-01
6.400000000000000524e-04 -9.073714609577090973e-02 8.807328275793857575e-01
6.500000000000000786e-04 -9.040131844966253771e-02 9.131242039500767627e-01
6.600000000000001048e-04 -9.543873314128778484e-02 9.370803260575670812e-01
6.700000000000000226e-04 -9.678204372572116188e-02 9.600242176534733440e-01
6.800000000000000488e-04 -9.980449254069631571e-02 9.789191872030430508e-01
6.900000000000000751e-04 -1.001403201868046600e-01 9.927530041946924788e-01
7.000000000000001013e-04 -9.946866489458794369e-02 1.006249411015813555e+00
7.100000000000000191e-04 -9.946866489458794369e-02 1.010973153403206037e+00
7.200000000000000453e-04 -1.041702519401048466e-01 1.015696895790598520e+00
7.300000000000000716e-04 -1.038344242939964746e-01 1.015696895790598520e+00
7.400000000000000978e-04 -9.812535431015456666e-02 1.010298333062150000e+00
7.500000000000000156e-04 -1.004761478329130042e-01 1.001863078798949092e+00
7.600000000000000418e-04 -9.678204372572116188e-02 9.910659533420522749e-01
7.700000000000000681e-04 -9.678204372572116188e-02 9.745328549861786982e-01
7.800000000000000943e-04 -9.342376726463769154e-02 9.532760142429126393e-01
7.900000000000000121e-04 -9.174462903409594250e-02 9.279702514533102464e-01
8.000000000000000383e-04 -8.569973140414566259e-02 9.009774378110676496e-01
8.100000000000000646e-04 -8.469224846582062982e-02 8.689234716109045520e-01
8.200000000000000908e-04 -8.200562729695384800e-02 8.314709426822930460e-01
8.300000000000001170e-04 -7.831152318976200566e-02 7.919939527305132065e-01
8.400000000000000348e-04 -7.327410849813678628e-02 7.531917831197895152e-01
8.500000000000000611e-04 -7.092331497537834872e-02 7.110155118037854161e-01
8.600000000000000873e-04 -6.353510676099466403e-02 6.627658574182768714e-01
8.700000000000001135e-04 -5.816186442326109346e-02 6.162032538854084196e-01
8.800000000000000313e-04 -5.614689854661100016e-02 5.601931655777550034e-01
8.900000000000000576e-04 -4.976617327055238293e-02 5.072197688048539765e-01
9.000000000000000838e-04 -4.372127564060210997e-02 4.512096804972005604e-01
9.100000000000001100e-04 -3.868386094897688365e-02 3.962118227011313110e-01
9.200000000000000278e-04 -3.297479096513495495e-02 3.385146835408378019e-01
9.300000000000000541e-04 -3.062399744237651739e-02 2.774434426752638849e-01
9.400000000000000803e-04 -1.954168512080101811e-02 2.133355102749378007e-01
9.500000000000001065e-04 -9.802683383658911467e-03 1.512520388977798558e-01
9.600000000000001327e-04 -8.459372799225517089e-03 8.511964547428552130e-02
9.700000000000000505e-04 -1.071164584841851047e-03 2.371099443818364474e-02
9.800000000000001852e-04 4.637905399000072891e-03 -4.444586000847888102e-02
9.899999999999999946e-04 1.303359655170878602e-02 -1.011307686571882997e-01
1.000000000000000021e-03 1.941432182776740498e-02 -1.696250332743788614e-01
1.010000000000000047e-03 2.680253004215107232e-02 -2.293466334578405930e-01
1.020000000000000073e-03 2.881749591880116562e-02 -2.975034879045030944e-01
1.030000000000000100e-03 3.822067000983492280e-02 -3.609365999637731415e-01
1.040000000000000126e-03 4.057146353259336036e-02 -4.145848170777303165e-01
1.050000000000000152e-03 4.728801645476032878e-02 -4.672208036801033249e-01
1.060000000000000178e-03 5.266125879249390629e-02 -5.286294547162051494e-01
1.069999999999999988e-03 5.971363936076922591e-02 -5.775539294427698422e-01
1.080000000000000014e-03 6.206443288352766346e-02 -6.328891974093672212e-01
1.090000000000000040e-03 6.542270934461114074e-02 -6.781021602601234877e-01
1.100000000000000066e-03 7.516171108175326299e-02 -7.192662010645434201e-01
1.110000000000000092e-03 7.583336637396995150e-02 -7.681906757911081129e-01
1.120000000000000119e-03 7.986329812727013810e-02 -8.053057945491917113e-01
1.130000000000000145e-03 8.523654046500370174e-02 -8.464698353536116437e-01
1.140000000000000171e-03 8.355740223446198045e-02 -8.785238015537747414e-01
1.150000000000000197e-03 8.825898927997885557e-02 -9.065288457076013939e-01
1.160000000000000007e-03 9.296057632549573069e-02 -9.345338898614280465e-01
1.170000000000000033e-03 9.631885278657920102e-02 -9.568029611162781611e-01
1.180000000000000059e-03 9.396805926382076346e-02 -9.756979306658479789e-01
1.190000000000000085e-03 9.833381866322929432e-02 -9.939180798743617595e-01
1.200000000000000112e-03 9.967712924766269911e-02 -1.005727435842842965e+00
1.210000000000000138e-03 1.016920951243127924e-01 -1.008426717207067336e+00
1.220000000000000164e-03 9.934130160155435485e-02 -1.010451178230235447e+00
1.230000000000000190e-03 9.866964630933763858e-02 -1.007077076524955039e+00
1.240000000000000000e-03 9.799799101712095006e-02 -1.003702974819674854e+00
1.250000000000000026e-03 9.631885278657920102e-02 -9.996540527733382975e-01
1.260000000000000052e-03 9.732633572490426155e-02 -9.854828256111609619e-01
1.270000000000000078e-03 8.893064457219554408e-02 -9.669252662321191627e-01
1.280000000000000105e-03 9.363223161771241920e-02 -9.493799373646615303e-01
1.290000000000000131e-03 8.960229986441223260e-02 -9.233993542340029892e-01
1.300000000000000157e-03 8.456488517278701322e-02 -8.967439507622884109e-01
1.310000000000000183e-03 8.154243635781188715e-02 -8.673892659263495730e-01
1.320000000000000210e-03 7.952747048116179385e-02 -8.282496861450978631e-01
1.330000000000000019e-03 7.415422814342820246e-02 -7.901223368754302090e-01
1.340000000000000045e-03 7.549753872786160724e-02 -7.486208859004822580e-01
1.350000000000000071e-03 6.710184757515288978e-02 -7.071194349255343070e-01
1.360000000000000098e-03 6.374357111406941945e-02 -6.578575500284415956e-01
1.370000000000000124e-03 6.038529465298592136e-02 -6.112949464955731438e-01
1.380000000000000150e-03 5.266125879249390629e-02 -5.579841395521439873e-01
1.390000000000000176e-03 4.392973999367684457e-02 -5.060229732908270162e-01
1.400000000000000203e-03 4.157894647091840701e-02 -4.476510137894774699e-01
1.410000000000000012e-03 3.586987648707648524e-02 -3.902912847997119794e-01
1.420000000000000038e-03 2.982497885712620880e-02 -3.251711218878017284e-01
1.430000000000000064e-03 2.445173651939263476e-02 -2.701732640917324790e-01
1.440000000000000091e-03 1.807101124333401407e-02 -2.074149723735184692e-01
1.450000000000000117e-03 1.303359655170878602e-02 -1.433070399731923572e-01
1.460000000000000143e-03 4.302077752891724297e-03 -7.784946689075407378e-02
1.470000000000000169e-03 -3.757785753708638501e-03 -1.576599551359613577e-02
1.480000000000000196e-03 -5.772751630358730068e-03 4.766711654567393902e-02
1.490000000000000222e-03 -1.282513219863404795e-02 1.100879980933599095e-01
1.500000000000000031e-03 -1.920585747469267038e-02 1.725088796410458869e-01
1.510000000000000057e-03 -2.659406568907633772e-02 2.372916323824280915e-01
1.520000000000000084e-03 -3.498975684178504825e-02 3.010621546122261849e-01
1.530000000000000110e-03 -3.734055036454348581e-02 3.587592937725196940e-01
1.540000000000000136e-03 -4.540041387114385207e-02 4.174686634443973698e-01
1.550000000000000162e-03 -4.976617327055238293e-02 4.788773144804991944e-01
1.560000000000000189e-03 -5.413193266996091380e-02 5.318507112534003323e-01
1.570000000000000215e-03 -6.017683029991118676e-02 5.841492876852453220e-01
1.580000000000000024e-03 -6.353510676099466403e-02 6.330737624118100149e-01
1.590000000000000050e-03 -6.823669380651153915e-02 6.816608269678466892e-01
1.600000000000000077e-03 -7.260245320592007001e-02 7.285608406712431595e-01
1.610000000000000103e-03 -7.831152318976200566e-02 7.707371119872471477e-01
1.620000000000000129e-03 -8.267728258917053652e-02 8.108889222800830243e-01
1.630000000000000155e-03 -8.368476552749556929e-02 8.473292206971104745e-01
1.640000000000000182e-03 -8.972966315744584920e-02 8.814076479204417947e-01
1.650000000000000208e-03 -9.073714609577090973e-02 9.151486649732449852e-01
1.660000000000000234e-03 -9.980449254069631571e-02 9.384299667396792666e-01
1.670000000000000043e-03 -9.308793961852934729e-02 9.627234990176976037e-01
1.680000000000000070e-03 -9.913283724847959943e-02 9.822932889083234587e-01
1.690000000000000096e-03 -9.745369901793787815e-02 9.968019262410288128e-01
1.700000000000000122e-03 -1.004761478329130042e-01 1.007261641527397611e+00
1.710000000000000148e-03 -9.946866489458794369e-02 1.012322794085318112e+00
1.720000000000000175e-03 -1.024911137095630975e-01 1.014009844937958427e+00
1.730000000000000201e-03 -1.011478031251296927e-01 1.015359485620070501e+00
1.740000000000000227e-03 -9.946866489458794369e-02 1.011310563573734056e+00
1.750000000000000036e-03 -9.913283724847959943e-02 1.003212719481061388e+00
1.760000000000000063e-03 -9.946866489458794369e-02 9.897163126599400895e-01
1.770000000000000089e-03 -9.611038843350447336e-02 9.714961634514264199e-01
1.780000000000000115e-03 -8.872218021912081642e-02 9.522637837313285836e-01
1.790000000000000141e-03 -8.939383551133750494e-02 9.266206107711980611e-01
1.800000000000000168e-03 -8.905800786522916068e-02 8.992903869584274457e-01
1.810000000000000194e-03 -8.368476552749556929e-02 8.652119597350962366e-01
1.820000000000000220e-03 -8.200562729695384800e-02 8.324831731938771018e-01
1.830000000000000246e-03 -8.066231671252044322e-02 7.930061832420972623e-01
1.840000000000000056e-03 -7.360993614424513054e-02 7.538666034608455524e-01
1.850000000000000082e-03 -6.823669380651153915e-02 7.096658711216733417e-01
1.860000000000000108e-03 -6.420676205321135255e-02 6.607413963951086489e-01
1.870000000000000134e-03 -5.916934736158614011e-02 6.151910233738242528e-01
1.880000000000000161e-03 -5.312444973163586714e-02 5.615428062598671888e-01
1.890000000000000187e-03 -4.640789680946889872e-02 5.092442298280221991e-01
1.900000000000000213e-03 -4.674372445557724298e-02 4.508722703266725418e-01
1.910000000000000239e-03 -3.666889507232679035e-02 3.938499515074350699e-01
1.920000000000000265e-03 -3.431810154956835279e-02 3.364902225176695794e-01
1.930000000000000075e-03 -2.894485921183477528e-02 2.730571104583995323e-01
1.940000000000000101e-03 -2.155665099745110794e-02 2.126606899338817358e-01
1.950000000000000127e-03 -1.047433867587560866e-02 1.542887304325321340e-01
1.960000000000000370e-03 -9.131028091442214278e-03 8.444482513322945638e-02
1.969999999999999963e-03 -7.353369387335024522e-04 2.134912324448741752e-02
1.979999999999999989e-03 4.637905399000072891e-03 -4.545809052006297840e-02
1.990000000000000015e-03 1.471273478225052812e-02 -1.065293313856368190e-01
2.000000000000000042e-03 2.008597711998410390e-02 -1.696250332743788614e-01
2.010000000000000068e-03 2.445173651939263476e-02 -2.306962741399526950e-01
2.020000000000000094e-03 2.713835768825942352e-02 -2.924423353465825937e-01
2.030000000000000120e-03 3.586987648707648524e-02 -3.538509863826845292e-01
2.040000000000000147e-03 4.426556763978519576e-02 -4.095236645198098158e-01
2.050000000000000173e-03 4.695218880865198452e-02 -4.692452647032715474e-01
2.060000000000000199e-03 5.366874173081895294e-02 -5.232308919877566300e-01
2.070000000000000225e-03 5.937781171466087471e-02 -5.789035701248820276e-01
2.080000000000000251e-03 6.508688169850279648e-02 -6.318769668977830545e-01
2.090000000000000278e-03 6.441522640628610796e-02 -6.791143907717076544e-01
2.100000000000000304e-03 6.911681345180298308e-02 -7.236525332814078837e-01
2.110000000000000330e-03 7.885581518894507758e-02 -7.698777266437483169e-01
2.120000000000000356e-03 8.187826400392023141e-02 -8.053057945491917113e-01
2.130000000000000383e-03 8.221409165002857566e-02 -8.441079641599154026e-01
2.139999999999999975e-03 8.725150634165379504e-02 -8.771741608716625560e-01
2.150000000000000001e-03 8.691567869554545078e-02 -9.051792050254892086e-01
2.160000000000000028e-03 9.094561044884563739e-02 -9.311597881561477497e-01
2.170000000000000054e-03 9.665468043268754528e-02 -9.551159102636380682e-01
2.180000000000000080e-03 9.430388690992910772e-02 -9.777223916890162014e-01
2.190000000000000106e-03 9.463971455603747973e-02 -9.878446968048572030e-01
2.200000000000000133e-03 9.598302514047085676e-02 -9.999914629438663161e-01
2.210000000000000159e-03 1.003487845398793876e-01 -1.004715205331258909e+00
2.220000000000000185e-03 9.699050807879591729e-02 -1.008089307036539095e+00
2.230000000000000211e-03 9.967712924766269911e-02 -1.009438947718651391e+00
2.240000000000000237e-03 9.967712924766269911e-02 -1.007751896866011077e+00
2.250000000000000264e-03 9.833381866322929432e-02 -1.000328873114394446e+00
2.260000000000000290e-03 9.531136984825416825e-02 -9.888569273164412587e-01
2.270000000000000316e-03 9.363223161771241920e-02 -9.696245475963434224e-01
2.280000000000000342e-03 9.228892103327901442e-02 -9.483677068530773635e-01
2.290000000000000369e-03 8.725150634165379504e-02 -9.217123033813627853e-01
2.300000000000000395e-03 8.926647221830388834e-02 -8.947194897391201884e-01
2.309999999999999987e-03 8.221409165002857566e-02 -8.619907031979011647e-01
2.320000000000000014e-03 8.221409165002857566e-02 -8.238633539282335105e-01
2.330000000000000040e-03 7.583336637396995150e-02 -7.904597470459582276e-01
2.340000000000000066e-03 7.348257285121151394e-02 -7.476086553888982023e-01
2.350000000000000092e-03 6.777350286736957830e-02 -7.037453332202540102e-01
2.360000000000000119e-03 6.206443288352766346e-02 -6.541460381526331691e-01
2.370000000000000145e-03 5.333291408471060174e-02 -6.079208447902927359e-01
2.380000000000000171e-03 5.232543114638555509e-02 -5.573093192110879501e-01
2.390000000000000197e-03 4.863132703919372662e-02 -5.050107427792429604e-01
2.400000000000000223e-03 4.124311882481005581e-02 -4.446143222547251916e-01
2.410000000000000250e-03 3.754901471761822734e-02 -3.899538746291839608e-01
2.420000000000000276e-03 2.680253004215107232e-02 -3.315819151278344146e-01
2.430000000000000302e-03 2.478756416550098249e-02 -2.664617522159241636e-01
2.440000000000000328e-03 1.907849418165905725e-02 -2.091020232261586453e-01
2.450000000000000355e-03 1.101863067505869445e-02 -1.406077586089680975e-01
2.460000000000000381e-03 3.294594814566679380e-03 -8.156097876656243084e-02
2.470000000000000407e-03 -6.368164651680558851e-05 -1.846527687782039198e-02
2.480000000000000000e-03 -6.780234568683774984e-03 5.171603859201032161e-02
2.490000000000000026e-03 -1.954168512080101811e-02 1.114376387754720393e-01
2.500000000000000052e-03 -2.088499570523441248e-02 1.741959304936860353e-01
2.510000000000000078e-03 -2.692989333518468545e-02 2.362794018708439803e-01
2.520000000000000104e-03 -3.398227390346000160e-02 3.000499241006421292e-01
2.530000000000000131e-03 -3.666889507232679035e-02 3.577470632609356382e-01
2.540000000000000157e-03 -4.137048211784367241e-02 4.178060736149253884e-01
2.550000000000000183e-03 -5.110948385498577384e-02 4.707794703878264153e-01
2.560000000000000209e-03 -5.883351971547778891e-02 5.288140197186480540e-01
2.570000000000000236e-03 -6.051265794601953102e-02 5.821248266620770995e-01
2.580000000000000262e-03 -6.622172792986144585e-02 6.313867115591698109e-01
2.590000000000000288e-03 -6.790086616040319489e-02 6.843601083320709488e-01
2.600000000000000314e-03 -7.528907437478687958e-02 7.275486101596589927e-01
2.610000000000000341e-03 -7.730404025143694513e-02 7.734363933514714073e-01
2.620000000000000367e-03 -8.200562729695384800e-02 8.098766917684989686e-01
2.630000000000000393e-03 -8.469224846582062982e-02 8.449673495034142334e-01
2.640000000000000419e-03 -8.905800786522916068e-02 8.800580072383296093e-01
2.650000000000000012e-03 -8.872218021912081642e-02 9.060385903689881504e-01
2.660000000000000038e-03 -9.678204372572116188e-02 9.357306853754550069e-01
2.670000000000000064e-03 -9.510290549517944059e-02 9.566501159481929362e-01
2.680000000000000090e-03 -9.846118195626291092e-02 9.782443668619870136e-01
2.690000000000000117e-03 -9.946866489458794369e-02 9.944400550473325717e-01
2.700000000000000143e-03 -1.004761478329130042e-01 1.003550129651589407e+00
2.710000000000000169e-03 -9.879700960237125518e-02 1.012660204255846130e+00
2.720000000000000195e-03 -1.061852178167549399e-01 1.015022075449542482e+00
2.730000000000000222e-03 -1.014836307712380370e-01 1.015696895790598520e+00
2.740000000000000248e-03 -9.980449254069631571e-02 1.006586821186341574e+00
2.750000000000000274e-03 -9.678204372572116188e-02 1.004899770333701481e+00
2.760000000000000300e-03 -9.846118195626291092e-02 9.900537228304682191e-01
2.770000000000000327e-03 -9.476707784907106857e-02 9.752076753272347354e-01
2.780000000000000353e-03 -9.409542255685438006e-02 9.539508345839686765e-01
2.790000000000000379e-03 -9.308793961852934729e-02 9.283076616238382650e-01
2.800000000000000405e-03 -8.972966315744584920e-02 8.999652072994835939e-01
2.810000000000000431e-03 -8.704304198857906738e-02 8.749968546804091085e-01
2.820000000000000024e-03 -8.166979965084547599e-02 8.375443257517976026e-01
2.830000000000000050e-03 -7.831152318976200566e-02 7.987421561410739113e-01
2.840000000000000076e-03 -7.394576379035347480e-02 7.552162441429577378e-01
2.850000000000000103e-03 -6.991583203705328819e-02 7.113529219743135457e-01
2.860000000000000129e-03 -6.622172792986144585e-02 6.664773692940851868e-01
2.870000000000000155e-03 -6.420676205321135255e-02 6.182277149085765311e-01
2.880000000000000181e-03 -5.178113914720246930e-02 5.639046774535634299e-01
2.890000000000000208e-03 -4.808703504001064083e-02 5.102564603396062548e-01
2.900000000000000234e-03 -4.338544799449375877e-02 4.525593211793127457e-01
2.910000000000000260e-03 -3.498975684178504825e-02 3.925003108253229955e-01
2.920000000000000286e-03 -3.297479096513495495e-02 3.344657614945013568e-01
2.930000000000000313e-03 -2.155665099745110794e-02 2.727197002878715137e-01
2.940000000000000339e-03 -2.155665099745110794e-02 2.106362289107135410e-01
2.950000000000000365e-03 -1.416844278306744233e-02 1.478779371924995312e-01
2.960000000000000391e-03 -8.459372799225517089e-03 8.511964547428552130e-02
2.970000000000000417e-03 -2.750302815383593585e-03 2.134912324448741752e-02
2.980000000000000444e-03 2.622939522349982192e-03 -4.275880915583871872e-02
2.990000000000000036e-03 1.068280302895034672e-02 -1.078789720677489489e-01
3.000000000000000062e-03 2.008597711998410390e-02 -1.659135213985705182e-01
3.010000000000000089e-03 2.445173651939263476e-02 -2.310336843104807414e-01
3.020000000000000115e-03 2.848166827269281443e-02 -2.917675150055265565e-01
3.030000000000000141e-03 3.486239354875143859e-02 -3.508142948479322509e-01
3.040000000000000167e-03 4.460139528589354002e-02 -4.091862543492817972e-01
3.050000000000000194e-03 4.560887822421858667e-02 -4.672208036801033249e-01
3.060000000000000220e-03 5.400456937692730414e-02 -5.228934818172286114e-01
3.070000000000000246e-03 6.105694994520261681e-02 -5.768791091017138051e-01
3.080000000000000272e-03 6.273608817574435892e-02 -6.312021465567270173e-01
3.090000000000000299e-03 6.978846874401967160e-02 -6.743906483843151722e-01
3.100000000000000325e-03 7.247508991288648117e-02 -7.236525332814078837e-01
3.110000000000000351e-03 7.650502166618664002e-02 -7.641417537447717789e-01
3.120000000000000377e-03 8.087078106559517088e-02 -8.073302555723598228e-01
3.130000000000000403e-03 8.322157458835360844e-02 -8.407338624546351058e-01
3.140000000000000430e-03 8.389322988057032471e-02 -8.748122896779663149e-01
3.150000000000000456e-03 8.960229986441223260e-02 -9.078784863897134683e-01
3.160000000000000048e-03 9.195309338717067016e-02 -9.318346084972037868e-01
3.170000000000000075e-03 9.866964630933763858e-02 -9.568029611162781611e-01
3.180000000000000101e-03 9.564719749436251250e-02 -9.777223916890162014e-01
3.190000000000000127e-03 9.900547395544601059e-02 -9.939180798743617595e-01
3.200000000000000153e-03 9.631885278657920102e-02 -1.003365564649146835e+00
3.210000000000000180e-03 1.026995780626378252e-01 -1.010788588400763466e+00
3.220000000000000206e-03 9.967712924766269911e-02 -1.013487869764987614e+00
3.230000000000000232e-03 1.016920951243127924e-01 -1.013150459594459596e+00
3.240000000000000258e-03 9.766216337101260581e-02 -1.006064846013370984e+00
3.250000000000000284e-03 9.598302514047085676e-02 -9.983044120912261121e-01
3.260000000000000311e-03 9.564719749436251250e-02 -9.837957747585207580e-01
3.270000000000000337e-03 9.329640397160407495e-02 -9.679374967437032184e-01
3.280000000000000363e-03 9.228892103327901442e-02 -9.480302966825493449e-01
3.290000000000000389e-03 9.060978280273729313e-02 -9.267734559392832860e-01
3.300000000000000416e-03 8.456488517278701322e-02 -8.984310016149286149e-01
3.310000000000000442e-03 8.322157458835360844e-02 -8.633403438800132390e-01
3.320000000000000468e-03 7.986329812727013810e-02 -8.275748658040418260e-01
3.330000000000000061e-03 7.650502166618664002e-02 -7.914719775575423943e-01
3.340000000000000087e-03 7.012429639012801585e-02 -7.489582960710102766e-01
3.350000000000000113e-03 6.643019228293620126e-02 -7.077942552665903442e-01
3.360000000000000139e-03 6.240026052963601466e-02 -6.581949601989696141e-01
3.370000000000000166e-03 5.937781171466087471e-02 -6.092704854724049213e-01
3.380000000000000192e-03 5.098212056195216418e-02 -5.573093192110879501e-01
3.390000000000000218e-03 4.863132703919372662e-02 -5.060229732908270162e-01
3.400000000000000244e-03 4.090729117870171155e-02 -4.496754748126456924e-01
3.410000000000000270e-03 3.855649765594326706e-02 -3.916409254818241648e-01
3.420000000000000297e-03 2.848166827269281443e-02 -3.312445049573062850e-01
3.430000000000000323e-03 2.445173651939263476e-02 -2.708480844327885162e-01
3.440000000000000349e-03 1.941432182776740498e-02 -2.080897927145745341e-01
3.450000000000000375e-03 1.135445832116704218e-02 -1.446566806553044593e-01
3.460000000000000402e-03 4.302077752891724297e-03 -8.088615842550636592e-02
3.470000000000000428e-03 -4.429441045925335690e-03 -2.116455824204465166e-02
3.480000000000000454e-03 -8.795200445333866551e-03 4.800452671620197148e-02
3.490000000000000480e-03 -1.383261513695909287e-02 1.073887167291356498e-01
3.500000000000000073e-03 -1.786254689025927600e-02 1.741959304936860353e-01
3.510000000000000099e-03 -2.625823804296798653e-02 2.372916323824280915e-01
3.520000000000000125e-03 -2.961651450405147074e-02 2.953261817132496470e-01
3.530000000000000152e-03 -3.969134388730193030e-02 3.580844734314636568e-01
3.540000000000000178e-03 -4.472875857892715662e-02 4.164564329328132031e-01
3.550000000000000204e-03 -4.741537974779394538e-02 4.748283924341628603e-01
3.560000000000000230e-03 -5.446776031606925805e-02 5.305010705712881469e-01
3.570000000000000256e-03 -5.950517500769448437e-02 5.814500063210210623e-01
3.580000000000000283e-03 -6.420676205321135255e-02 6.340859929233940706e-01
3.590000000000000309e-03 -6.790086616040319489e-02 6.850349286731269860e-01
3.600000000000000335e-03 -7.428159143646181906e-02 7.305853016944113820e-01
3.610000000000000361e-03 -7.864735083587034992e-02 7.734363933514714073e-01
3.620000000000000388e-03 -8.133397200473713173e-02 8.071774104042747089e-01
3.630000000000000414e-03 -8.637138669636237887e-02 8.453047596739423630e-01
3.640000000000000440e-03 -8.939383551133750494e-02 8.800580072383296093e-01
3.650000000000000466e-03 -9.107297374187925398e-02 9.127867937795487441e-01
3.660000000000000493e-03 -9.275211197242097527e-02 9.397796074217913409e-01
3.670000000000000085e-03 -9.611038843350447336e-02 9.606990379945293812e-01
3.680000000000000111e-03 -9.812535431015456666e-02 9.782443668619870136e-01
3.690000000000000138e-03 -1.014836307712380370e-01 9.937652347062765346e-01
3.700000000000000164e-03 -9.913283724847959943e-02 1.007599051697925630e+00
3.710000000000000190e-03 -1.011478031251296927e-01 1.014009844937958427e+00
3.720000000000000216e-03 -1.004761478329130042e-01 1.013672434767430408e+00
3.730000000000000242e-03 -1.008119754790213485e-01 1.014347255108486445e+00
3.740000000000000269e-03 -1.024911137095630975e-01 1.005574590674757518e+00
3.750000000000000295e-03 -1.018194584173464090e-01 1.000850848287365036e+00
3.760000000000000321e-03 -9.644621607961281762e-02 9.873544414662439594e-01
3.770000000000000347e-03 -9.342376726463769154e-02 9.708213431103703828e-01
3.780000000000000374e-03 -9.040131844966253771e-02 9.539508345839686765e-01
3.790000000000000400e-03 -8.972966315744584920e-02 9.242587395775018200e-01
3.800000000000000426e-03 -8.704304198857906738e-02 8.972659259352593342e-01
3.810000000000000452e-03 -8.502807611192897408e-02 8.706105224635447559e-01
3.820000000000000479e-03 -8.133397200473713173e-02 8.351824545581013615e-01
3.830000000000000505e-03 -7.898317848197869417e-02 7.940184137536814291e-01
3.840000000000000531e-03 -7.562490202089522384e-02 7.538666034608455524e-01
3.850000000000000124e-03 -7.092331497537834872e-02 7.116903321448415642e-01
3.860000000000000150e-03 -6.387093440710300829e-02 6.641154981003889457e-01
3.870000000000000176e-03 -5.916934736158614011e-02 6.141787928622401971e-01
3.880000000000000202e-03 -5.077365620887742959e-02 5.639046774535634299e-01
3.890000000000000228e-03 -4.775120739390228963e-02 5.082319993164380323e-01
3.900000000000000255e-03 -4.170630976395201667e-02 4.491852194740323378e-01
3.910000000000000281e-03 -4.036299917951862576e-02 3.941873616779630884e-01
3.920000000000000741e-03 -3.196730802680990829e-02 3.344657614945013568e-01
3.930000000000000333e-03 -3.297479096513495495e-02 2.679959579004790315e-01
3.939999999999999926e-03 -1.920585747469267038e-02 2.113110492517696060e-01
3.950000000000000386e-03 -9.802683383658911467e-03 1.488901677040836147e-01
3.959999999999999978e-03 -7.116062214792123579e-03 8.343259462164535900e-02
3.970000000000000438e-03 -6.368164651680558851e-05 2.033689273290332014e-02
3.980000000000000031e-03 4.973733045108421486e-03 -4.140916847372658888e-02
3.990000000000000491e-03 1.303359655170878602e-02 -1.078789720677489489e-01
4.000000000000000083e-03 1.706352830500896742e-02 -1.716494942975470561e-01
4.010000000000000543e-03 2.478756416550098249e-02 -2.313710944810087600e-01
4.020000000000000136e-03 2.545921945771767794e-02 -2.937919760286947790e-01
4.030000000000000596e-03 3.351908296431804074e-02 -3.541883965532125478e-01
4.040000000000000188e-03 4.225060176313510246e-02 -4.105358950313938715e-01
4.050000000000000648e-03 4.661636116254363332e-02 -4.692452647032715474e-01
4.060000000000000241e-03 5.434039702303564839e-02 -5.222186614761725743e-01
4.070000000000000701e-03 5.736284583801078835e-02 -5.748546480785455826e-01
4.080000000000000293e-03 5.971363936076922591e-02 -6.264784041693345351e-01
4.090000000000000753e-03 6.844515815958629457e-02 -6.723661873611469497e-01
4.100000000000000346e-03 6.911681345180298308e-02 -7.179165603824313457e-01
4.109999999999999938e-03 7.885581518894507758e-02 -7.641417537447717789e-01
4.120000000000000398e-03 7.784833225062004480e-02 -8.022691030144394331e-01
4.129999999999999991e-03 8.456488517278701322e-02 -8.441079641599154026e-01
4.140000000000000450e-03 8.422905752667866897e-02 -8.781863913832466118e-01
4.150000000000000043e-03 8.993812751052057686e-02 -9.041669745139051528e-01
4.160000000000000503e-03 9.060978280273729313e-02 -9.311597881561477497e-01
4.170000000000000095e-03 9.329640397160407495e-02 -9.564655509457501426e-01
4.180000000000000555e-03 9.598302514047085676e-02 -9.736734696426797564e-01
4.190000000000000148e-03 9.598302514047085676e-02 -9.891943374869692773e-01
4.200000000000000608e-03 1.003487845398793876e-01 -9.996540527733382975e-01
4.210000000000000200e-03 9.463971455603747973e-02 -1.007751896866011077e+00
4.220000000000000660e-03 9.866964630933763858e-02 -1.009776357889179410e+00
4.230000000000000253e-03 9.699050807879591729e-02 -1.007751896866011077e+00
4.240000000000000713e-03 9.833381866322929432e-02 -1.006739666354427021e+00
4.250000000000000305e-03 9.866964630933763858e-02 -9.979670019206980935e-01
4.260000000000000765e-03 9.262474867938738643e-02 -9.864950561227450176e-01
4.270000000000000358e-03 9.531136984825416825e-02 -9.686123170847593666e-01
4.279999999999999950e-03 9.060978280273729313e-02 -9.460058356593811224e-01
4.290000000000000410e-03 8.960229986441223260e-02 -9.240741745750590264e-01
4.300000000000000003e-03 8.758733398776213930e-02 -8.984310016149286149e-01
4.310000000000000463e-03 8.187826400392023141e-02 -8.633403438800132390e-01
4.320000000000000055e-03 8.087078106559517088e-02 -8.258878149514016220e-01
4.330000000000000515e-03 7.784833225062004480e-02 -7.901223368754302090e-01
4.340000000000000108e-03 7.247508991288648117e-02 -7.482834757299542394e-01
4.350000000000000568e-03 6.710184757515288978e-02 -7.061072044139501402e-01
4.360000000000000160e-03 6.407939876017776371e-02 -6.605568313926658552e-01
4.370000000000000620e-03 5.702701819190243715e-02 -6.123071770071571995e-01
4.380000000000000213e-03 5.266125879249390629e-02 -5.559596785289757648e-01
4.390000000000000673e-03 4.762384410086867997e-02 -5.053481529497709790e-01
4.400000000000000265e-03 3.956398059426831371e-02 -4.486632443010615257e-01
4.410000000000000725e-03 3.385491061042639194e-02 -3.906286949702399980e-01
4.420000000000000318e-03 3.217577237988464983e-02 -3.322567354688904517e-01
4.430000000000000777e-03 2.042180476609245163e-02 -2.681488030685642565e-01
4.440000000000000370e-03 1.874266653555070952e-02 -2.064027418619343857e-01
4.449999999999999963e-03 9.339492444516952346e-03 -1.412825789500241624e-01
4.460000000000000422e-03 1.615456584024936842e-03 -8.459767030131472298e-02
4.470000000000000015e-03 -3.086130461491942180e-03 -1.779045653676433053e-02
4.480000000000000475e-03 -6.780234568683774984e-03 4.935416739831410132e-02
4.490000000000000067e-03 -1.349678749085074514e-02 1.111002286049440069e-01
4.500000000000000527e-03 -1.920585747469267038e-02 1.762203915168542301e-01
4.510000000000000120e-03 -2.625823804296798653e-02 2.379664527234841565e-01
4.520000000000000580e-03 -3.263896331902661069e-02 2.997125139301141106e-01
4.530000000000000172e-03 -3.633306742621843916e-02 3.594341141135757312e-01
4.540000000000000632e-03 -4.304962034838541451e-02 4.161190227622851845e-01
4.550000000000000225e-03 -4.943034562444403174e-02 4.731413415815226564e-01
4.560000000000000685e-03 -5.446776031606925805e-02 5.281391993775919058e-01
4.570000000000000277e-03 -5.816186442326109346e-02 5.784133147862687840e-01
4.580000000000000737e-03 -6.353510676099466403e-02 6.320615319002259591e-01
4.590000000000000330e-03 -6.991583203705328819e-02 6.779493150920382627e-01
4.600000000000000790e-03 -7.327410849813678628e-02 7.261989694775469184e-01
4.610000000000000382e-03 -7.965483377419541045e-02 7.700622916461911105e-01
4.619999999999999975e-03 -8.066231671252044322e-02 8.081896409158587646e-01
4.630000000000000435e-03 -8.334893788138722504e-02 8.469918105265824559e-01
4.640000000000000027e-03 -8.972966315744584920e-02 8.776961360446333682e-01
4.650000000000000487e-03 -9.174462903409594250e-02 9.124493836090207255e-01
4.660000000000000080e-03 -9.443125020296272432e-02 9.364055057165110441e-01
4.670000000000000540e-03 -9.846118195626291092e-02 9.600242176534733440e-01
4.680000000000000132e-03 -9.778952666404622240e-02 9.795940075440991990e-01
4.690000000000000592e-03 -9.980449254069631571e-02 9.974767465820848500e-01
4.700000000000000185e-03 -1.021552860634547533e-01 1.007599051697925630e+00
4.710000000000000644e-03 -9.711787137182950613e-02 1.016709126302182575e+00
4.720000000000000237e-03 -9.913283724847959943e-02 1.021770278860103076e+00
4.730000000000000697e-03 -9.980449254069631571e-02 1.019070997495878927e+00
4.740000000000000289e-03 -1.014836307712380370e-01 1.009623512721093963e+00
4.750000000000000749e-03 -1.024911137095630975e-01 1.002537899140005351e+00
4.760000000000000342e-03 -9.913283724847959943e-02 9.893789024894120709e-01
4.770000000000000802e-03 -9.611038843350447336e-02 9.701465227693142346e-01
4.780000000000000394e-03 -9.543873314128778484e-02 9.546256549250248247e-01
4.789999999999999987e-03 -9.275211197242097527e-02 9.245961497480299496e-01
4.800000000000000447e-03 -9.040131844966253771e-02 9.019896683226517053e-01
4.810000000000000039e-03 -8.267728258917053652e-02 8.675738309287924777e-01
4.820000000000000499e-03 -8.435642081971228556e-02 8.334954037054611575e-01
4.830000000000000092e-03 -7.763986789754531714e-02 7.926687730715692437e-01
4.840000000000000552e-03 -7.696821260532860087e-02 7.515047322671493113e-01
4.850000000000000144e-03 -6.857252145261988341e-02 7.073039999279771006e-01
4.860000000000000604e-03 -6.555007263764475733e-02 6.610788065656366674e-01
4.870000000000000197e-03 -6.051265794601953102e-02 6.111421013274879188e-01
4.880000000000000657e-03 -5.413193266996091380e-02 5.618802164303952074e-01
4.890000000000000249e-03 -4.976617327055238293e-02 5.092442298280221991e-01
4.900000000000000709e-03 -4.271379270227706332e-02 4.525593211793127457e-01
4.910000000000000302e-03 -3.901968859508522791e-02 3.948621820190191256e-01
4.920000000000000762e-03 -3.230313567291825949e-02 3.337909411534453197e-01
4.930000000000000354e-03 -2.424327216631789669e-02 2.717074697762873470e-01
4.940000000000000814e-03 -2.088499570523441248e-02 2.146851509570499306e-01
4.950000000000000407e-03 -1.215347690641735076e-02 1.505772185567237909e-01
4.959999999999999999e-03 -4.093613399816987096e-03 8.242036411006126162e-02
4.970000000000000459e-03 -7.353369387335024522e-04 2.539804529082380358e-02
4.980000000000000052e-03 3.294594814566679380e-03 -4.107175830319855642e-02
4.990000000000000512e-03 1.135445832116704218e-02 -1.058545110445807541e-01
5.000000000000000104e-03 1.840683888944236180e-02 -1.652387010575144533e-01
5.010000000000000564e-03 2.613087474993437687e-02 -2.293466334578405930e-01
5.020000000000000157e-03 3.351908296431804074e-02 -2.914301048349985379e-01
5.030000000000000616e-03 3.553404884096813404e-02 -3.538509863826845292e-01
5.040000000000000209e-03 4.225060176313510246e-02 -4.112107153724500197e-01
5.050000000000000669e-03 4.661636116254363332e-02 -4.682330341916874916e-01
5.060000000000000261e-03 5.299708643860225749e-02 -5.245805326698688154e-01
5.070000000000000721e-03 5.904198406855253045e-02 -5.795783904659380648e-01
5.080000000000000314e-03 6.206443288352766346e-02 -6.281654550219747390e-01
5.090000000000000774e-03 6.978846874401967160e-02 -6.784395704306515062e-01
5.100000000000000366e-03 7.247508991288648117e-02 -7.202784315761275868e-01
5.110000000000000826e-03 7.818415989672838906e-02 -7.621172927216035564e-01
