-5.120000000000000419e-03 -3.100325990045224578e-01 -2.764309244634947316e+00
-5.110000000000000826e-03 -3.486527783069825470e-01 -2.764309244634947316e+00
-5.100000000000000366e-03 -3.866013023172259477e-01 -2.764309244634947316e+00
-5.090000000000000774e-03 -4.205198945741691063e-01 -2.764309244634947316e+00
-5.080000000000000314e-03 -4.561176250616540973e-01 -2.764309244634947316e+00
-5.070000000000000721e-03 -4.900362173185972559e-01 -2.764309244634947316e+00
-5.060000000000000261e-03 -5.185815672378067953e-01 -2.764309244634947316e+00
-5.050000000000000669e-03 -5.471269171570164458e-01 -2.764309244634947316e+00
-5.040000000000000209e-03 -5.729856459073593422e-01 -2.764309244634947316e+00
-5.030000000000000616e-03 -5.964935811349436623e-01 -2.764309244634947316e+00
-5.020000000000000157e-03 -6.176507228397696281e-01 -2.764309244634947316e+00
-5.010000000000000564e-03 -6.391436921907039936e-01 -2.764309244634947316e+00
-5.000000000000000104e-03 -6.549275915577963403e-01 -2.764309244634947316e+00
-4.990000000000000512e-03 -6.690323526943469101e-01 -2.764309244634947316e+00
-4.980000000000000052e-03 -6.828012861847891912e-01 -2.764309244634947316e+00
-4.970000000000000459e-03 -6.905253220452812757e-01 -2.764309244634947316e+00
-4.959999999999999999e-03 -6.999284961363150259e-01 -2.764309244634947316e+00
-4.950000000000000407e-03 -7.032867725973984685e-01 -2.764309244634947316e+00
-4.940000000000000814e-03 -7.012718067207484030e-01 -2.764309244634947316e+00
-4.930000000000000354e-03 -6.999284961363150259e-01 -2.764309244634947316e+00
-4.920000000000000762e-03 -6.938835985063647183e-01 -2.764309244634947316e+00
-4.910000000000000302e-03 -6.878387008764145216e-01 -2.764309244634947316e+00
-4.900000000000000709e-03 -6.757489056165139063e-01 -2.764309244634947316e+00
-4.890000000000000249e-03 -6.653382485871550678e-01 -2.764309244634947316e+00
-4.880000000000000657e-03 -6.505618321583878094e-01 -2.764309244634947316e+00
-4.870000000000000197e-03 -6.317554839763203089e-01 -2.764309244634947316e+00
-4.860000000000000604e-03 -6.105983422714943432e-01 -2.764309244634947316e+00
-4.850000000000000144e-03 -5.854112688133681353e-01 -2.764309244634947316e+00
-4.840000000000000552e-03 -5.629108165241087924e-01 -2.764309244634947316e+00
-4.830000000000000092e-03 -5.343654666048992530e-01 -2.764309244634947316e+00
-4.820000000000000499e-03 -5.054842890395812027e-01 -2.764309244634947316e+00
-4.810000000000000039e-03 -4.722373520748547882e-01 -2.764309244634947316e+00
-4.800000000000000447e-03 -4.379829321718032298e-01 -2.764309244634947316e+00
-4.789999999999999987e-03 -4.054076504992934482e-01 -2.764309244634947316e+00
-4.780000000000000394e-03 -3.688024370734834800e-01 -2.764309244634947316e+00
-4.770000000000000802e-03 -3.288389471865900138e-01 -2.764309244634947316e+00
-4.760000000000000342e-03 -2.888754572996965475e-01 -2.764309244634947316e+00
-4.750000000000000749e-03 -2.485761397666946815e-01 -2.764309244634947316e+00
-4.740000000000000289e-03 -2.076051669414761547e-01 -2.476498369174535696e+00
-4.730000000000000697e-03 -1.662983664701493114e-01 -2.006823411799514734e+00
-4.720000000000000237e-03 -1.229766001221723470e-01 -1.529725430672877140e+00
-4.710000000000000644e-03 -7.629655731311191236e-02 -1.046216656306206749e+00
-4.700000000000000185e-03 -3.465392919567669705e-02 -5.606834209163682470e-01
-4.690000000000000592e-03 1.101863067505869445e-02 -6.907680245702524369e-02
-4.680000000000000132e-03 5.568370760746904624e-02 4.161190227622851845e-01
-4.670000000000000540e-03 9.631885278657920102e-02 9.063760005395161690e-01
-4.660000000000000080e-03 1.379614809040144163e-01 1.389547364735658208e+00
-4.650000000000000487e-03 1.829623854825331297e-01 1.867657576373880080e+00
-4.640000000000000027e-03 2.269558071227267826e-01 2.336995123578372802e+00
-4.630000000000000435e-03 2.662476417174035048e-01 2.763481579125805609e+00
-4.619999999999999975e-03 3.062111316042969711e-01 2.763481579125805609e+00
-4.610000000000000382e-03 3.451671385528654046e-01 2.763481579125805609e+00
-4.600000000000000790e-03 3.844589731475421823e-01 2.763481579125805609e+00
-4.590000000000000330e-03 4.207283589272438062e-01 2.763481579125805609e+00
-4.580000000000000737e-03 4.529678129536452991e-01 2.763481579125805609e+00
-4.570000000000000277e-03 4.862147499183717692e-01 2.763481579125805609e+00
-4.560000000000000685e-03 5.164392380681231964e-01 2.763481579125805609e+00
-4.550000000000000225e-03 5.436412774028994699e-01 2.763481579125805609e+00
-4.540000000000000632e-03 5.701716614454589438e-01 2.763481579125805609e+00
-4.530000000000000172e-03 5.953587349035850407e-01 2.763481579125805609e+00
-4.520000000000000580e-03 6.168517042545194062e-01 2.763481579125805609e+00
-4.510000000000000120e-03 6.363297077288035952e-01 2.763481579125805609e+00
-4.500000000000000527e-03 6.514419518036792534e-01 2.763481579125805609e+00
-4.490000000000000067e-03 6.672258511707717110e-01 2.763481579125805609e+00
-4.480000000000000475e-03 6.796514740767806151e-01 2.763481579125805609e+00
-4.470000000000000015e-03 6.887188205217059656e-01 2.763481579125805609e+00
-4.460000000000000422e-03 6.974503393205230273e-01 2.763481579125805609e+00
-4.449999999999999963e-03 7.001369604893897813e-01 2.763481579125805609e+00
-4.440000000000000370e-03 6.981219946127397158e-01 2.763481579125805609e+00
-4.430000000000000777e-03 6.954353734438729617e-01 2.763481579125805609e+00
-4.420000000000000318e-03 6.924129246288978079e-01 2.763481579125805609e+00
-4.410000000000000725e-03 6.846888887684058345e-01 2.763481579125805609e+00
-4.400000000000000265e-03 6.742782317390469959e-01 2.763481579125805609e+00
-4.390000000000000673e-03 6.618526088330380919e-01 2.763481579125805609e+00
-4.380000000000000213e-03 6.457328818198373455e-01 2.763481579125805609e+00
-4.370000000000000620e-03 6.259190506994447567e-01 2.763481579125805609e+00
-4.360000000000000160e-03 6.081201854557023445e-01 2.763481579125805609e+00
-4.350000000000000568e-03 5.866272161047679790e-01 2.763481579125805609e+00
-4.340000000000000108e-03 5.574102108933417510e-01 2.763481579125805609e+00
-4.330000000000000515e-03 5.332306203735406314e-01 2.763481579125805609e+00
-4.320000000000000055e-03 5.023344769315725156e-01 2.763481579125805609e+00
-4.310000000000000463e-03 4.711025058434961110e-01 2.763481579125805609e+00
-4.300000000000000003e-03 4.378555688787695854e-01 2.763481579125805609e+00
-4.290000000000000410e-03 4.005787001607429287e-01 2.763481579125805609e+00
-4.279999999999999950e-03 3.639734867349329051e-01 2.763481579125805609e+00
-4.270000000000000358e-03 3.293832391857730579e-01 2.763481579125805609e+00
-4.260000000000000765e-03 2.867331281300127821e-01 2.763481579125805609e+00
-4.250000000000000305e-03 2.467696382431193436e-01 2.763481579125805609e+00
-4.240000000000000713e-03 2.004254230801672532e-01 2.459475015480048654e+00
-4.230000000000000253e-03 1.614694161315988197e-01 1.993848980151364136e+00
-4.220000000000000660e-03 1.204984433063802929e-01 1.517763229536310599e+00
-4.210000000000000200e-03 7.549753872786160724e-02 1.035941506022280523e+00
-4.200000000000000608e-03 3.217577237988464983e-02 5.497334502913859833e-01
-4.190000000000000148e-03 -1.081016632198395638e-02 6.015129285521113311e-02
-4.180000000000000555e-03 -5.446776031606925805e-02 -4.321301459451879490e-01
-4.170000000000000095e-03 -9.678204372572116188e-02 -9.186756118466105070e-01
-4.160000000000000503e-03 -1.417829483042398475e-01 -1.398810284508000601e+00
-4.150000000000000043e-03 -1.844330593600001234e-01 -1.875908265634638195e+00
-4.140000000000000450e-03 -2.274189980618687157e-01 -2.349969555226523621e+00
-4.129999999999999991e-03 -2.677183155948705817e-01 -2.764309244634947316e+00
-4.120000000000000398e-03 -3.086892884200890808e-01 -2.764309244634947316e+00
-4.109999999999999938e-03 -3.513393994758493566e-01 -2.764309244634947316e+00
-4.100000000000000346e-03 -3.862654746711176035e-01 -2.764309244634947316e+00
-4.090000000000000753e-03 -4.235423433891442602e-01 -2.764309244634947316e+00
-4.080000000000000293e-03 -4.561176250616540973e-01 -2.764309244634947316e+00
-4.070000000000000701e-03 -4.866779408575137578e-01 -2.764309244634947316e+00
-4.060000000000000241e-03 -5.175740842994818181e-01 -2.764309244634947316e+00
-4.050000000000000648e-03 -5.477985724492331343e-01 -2.764309244634947316e+00
-4.040000000000000188e-03 -5.733214735534676310e-01 -2.764309244634947316e+00
-4.030000000000000596e-03 -5.971652364271603508e-01 -2.764309244634947316e+00
-4.020000000000000136e-03 -6.220164822391781589e-01 -2.764309244634947316e+00
-4.010000000000000543e-03 -6.391436921907039936e-01 -2.764309244634947316e+00
-4.000000000000000083e-03 -6.586216956649881826e-01 -2.764309244634947316e+00
-3.990000000000000491e-03 -6.744055950320805293e-01 -2.764309244634947316e+00
-3.980000000000000031e-03 -6.804504926620308369e-01 -2.764309244634947316e+00
-3.970000000000000438e-03 -6.932119432141480297e-01 -2.764309244634947316e+00
-3.959999999999999978e-03 -6.972418749674482719e-01 -2.764309244634947316e+00
-3.950000000000000386e-03 -7.012718067207484030e-01 -2.764309244634947316e+00
-3.939999999999999926e-03 -7.026151173051817800e-01 -2.764309244634947316e+00
-3.930000000000000333e-03 -6.999284961363150259e-01 -2.764309244634947316e+00
-3.920000000000000741e-03 -6.958985643830147838e-01 -2.764309244634947316e+00
-3.910000000000000281e-03 -6.875028732303061219e-01 -2.764309244634947316e+00
-3.900000000000000255e-03 -6.794430097237057486e-01 -2.764309244634947316e+00
-3.890000000000000228e-03 -6.650024209410467790e-01 -2.764309244634947316e+00
-3.880000000000000202e-03 -6.492185215739544324e-01 -2.764309244634947316e+00
-3.870000000000000176e-03 -6.317554839763203089e-01 -2.764309244634947316e+00
-3.860000000000000150e-03 -6.102625146253859434e-01 -2.764309244634947316e+00
-3.850000000000000124e-03 -5.857470964594765350e-01 -2.764309244634947316e+00
-3.840000000000000531e-03 -5.595525400630253499e-01 -2.764309244634947316e+00
-3.830000000000000505e-03 -5.350371218971159415e-01 -2.764309244634947316e+00
-3.820000000000000479e-03 -5.044768061012562255e-01 -2.764309244634947316e+00
-3.810000000000000452e-03 -4.708940414904214111e-01 -2.764309244634947316e+00
-3.800000000000000426e-03 -4.393262427562366623e-01 -2.764309244634947316e+00
-3.790000000000000400e-03 -4.037285122687517269e-01 -2.764309244634947316e+00
-3.780000000000000374e-03 -3.691382647195918243e-01 -2.764309244634947316e+00
-3.770000000000000347e-03 -3.278314642482649255e-01 -2.764309244634947316e+00
-3.760000000000000321e-03 -2.908904231763466131e-01 -2.764309244634947316e+00
-3.750000000000000295e-03 -2.475686568283696209e-01 -2.764309244634947316e+00
-3.740000000000000269e-03 -2.082768222336928710e-01 -2.472786857298727270e+00
-3.730000000000000242e-03 -1.659625388240409394e-01 -2.005473771117402659e+00
-3.720000000000000216e-03 -1.233124277682806913e-01 -1.526013918797068714e+00
-3.710000000000000190e-03 -7.495324672867850757e-02 -1.050265578352543194e+00
-3.700000000000000164e-03 -3.431810154956835279e-02 -5.623704717690084509e-01
-3.690000000000000138e-03 1.001114773673364954e-02 -7.110126348019343845e-02
-3.680000000000000111e-03 5.098212056195216418e-02 4.191557142970374628e-01
-3.670000000000000085e-03 9.631885278657920102e-02 9.050263598574039836e-01
-3.660000000000000493e-03 1.399764467806645096e-01 1.391234415588298523e+00
-3.650000000000000466e-03 1.839698684208581625e-01 1.865970525521239987e+00
-3.640000000000000440e-03 2.256124965382933778e-01 2.338344764260485320e+00
-3.630000000000000414e-03 2.662476417174035048e-01 2.763481579125805609e+00
-3.620000000000000388e-03 3.072186145426220594e-01 2.763481579125805609e+00
-3.610000000000000361e-03 3.458387938450820931e-01 2.763481579125805609e+00
-3.600000000000000335e-03 3.827798349170004610e-01 2.763481579125805609e+00
-3.590000000000000309e-03 4.203925312811354620e-01 2.763481579125805609e+00
-3.580000000000000283e-03 4.529678129536452991e-01 2.763481579125805609e+00
-3.570000000000000256e-03 4.868864052105884577e-01 2.763481579125805609e+00
-3.560000000000000230e-03 5.174467210064482847e-01 2.763481579125805609e+00
-3.550000000000000204e-03 5.453204156334411357e-01 2.763481579125805609e+00
-3.540000000000000178e-03 5.708433167376756323e-01 2.763481579125805609e+00
-3.530000000000000152e-03 5.973737007802352172e-01 2.763481579125805609e+00
-3.520000000000000125e-03 6.205458083617112486e-01 2.763481579125805609e+00
-3.510000000000000099e-03 6.376730183132369723e-01 2.763481579125805609e+00
-3.500000000000000073e-03 6.548002282647628070e-01 2.763481579125805609e+00
-3.490000000000000480e-03 6.662183682324466227e-01 2.763481579125805609e+00
-3.480000000000000454e-03 6.816664399534306806e-01 2.763481579125805609e+00
-3.470000000000000428e-03 6.880471652294892770e-01 2.763481579125805609e+00
-3.460000000000000402e-03 6.994653051971730928e-01 2.763481579125805609e+00
-3.450000000000000375e-03 6.991294775510648041e-01 2.763481579125805609e+00
-3.440000000000000349e-03 7.028235816582566464e-01 2.763481579125805609e+00
-3.430000000000000323e-03 6.967786840283063388e-01 2.763481579125805609e+00
-3.420000000000000297e-03 6.917412693366811194e-01 2.763481579125805609e+00
-3.410000000000000270e-03 6.860321993528392115e-01 2.763481579125805609e+00
-3.400000000000000244e-03 6.739424040929385962e-01 2.763481579125805609e+00
-3.390000000000000218e-03 6.618526088330380919e-01 2.763481579125805609e+00
-3.380000000000000192e-03 6.470761924042707225e-01 2.763481579125805609e+00
-3.370000000000000166e-03 6.286056718683116218e-01 2.763481579125805609e+00
-3.360000000000000139e-03 6.084560131018106333e-01 2.763481579125805609e+00
-3.350000000000000113e-03 5.859555608125512904e-01 2.763481579125805609e+00
-3.340000000000000087e-03 5.580818661855584395e-01 2.763481579125805609e+00
-3.330000000000000061e-03 5.305439992046738773e-01 2.763481579125805609e+00
-3.320000000000000468e-03 5.036777875160060036e-01 2.763481579125805609e+00
-3.310000000000000442e-03 4.731174717201461766e-01 2.763481579125805609e+00
-3.300000000000000416e-03 4.371839135865528969e-01 2.763481579125805609e+00
-3.290000000000000389e-03 4.049444595601514596e-01 2.763481579125805609e+00
-3.280000000000000363e-03 3.636376590888245608e-01 2.763481579125805609e+00
-3.270000000000000337e-03 3.280399286013396254e-01 2.763481579125805609e+00
-3.260000000000000311e-03 2.900914045910962802e-01 2.763481579125805609e+00
-3.250000000000000284e-03 2.477771211814443764e-01 2.763481579125805609e+00
-3.240000000000000258e-03 2.078136312945509101e-01 2.462174296844272803e+00
-3.230000000000000232e-03 1.641560373004656015e-01 1.995198620833476211e+00
-3.220000000000000206e-03 1.204984433063802929e-01 1.518775460047894654e+00
-3.210000000000000180e-03 7.516171108175326299e-02 1.037628556874920616e+00
-3.200000000000000153e-03 3.419073825653474313e-02 5.510830909734981686e-01
-3.190000000000000127e-03 -1.081016632198395638e-02 5.947647251415506819e-02
-3.180000000000000101e-03 -5.245279443941917169e-02 -4.311179154336038932e-01
-3.170000000000000075e-03 -9.980449254069631571e-02 -9.203626626992507109e-01
-3.160000000000000048e-03 -1.417829483042398475e-01 -1.400159925190112675e+00
-3.150000000000000456e-03 -1.864480252366502167e-01 -1.876583085975694232e+00
-3.140000000000000430e-03 -2.277548257079770599e-01 -2.351994016249691732e+00
-3.130000000000000403e-03 -2.687257985331956145e-01 -2.764309244634947316e+00
-3.120000000000000377e-03 -3.083534607739807365e-01 -2.764309244634947316e+00
-3.110000000000000351e-03 -3.489886059530908913e-01 -2.764309244634947316e+00
-3.100000000000000325e-03 -3.849221640866841709e-01 -2.764309244634947316e+00
-3.090000000000000299e-03 -4.211915498663858504e-01 -2.764309244634947316e+00
-3.080000000000000272e-03 -4.551101421233290090e-01 -2.764309244634947316e+00
-3.070000000000000246e-03 -4.893645620263805673e-01 -2.764309244634947316e+00
-3.060000000000000220e-03 -5.192532225300234838e-01 -2.764309244634947316e+00
-3.050000000000000194e-03 -5.454477789264746690e-01 -2.764309244634947316e+00
-3.040000000000000167e-03 -5.736573011995760307e-01 -2.764309244634947316e+00
-3.030000000000000141e-03 -5.988443746577021276e-01 -2.764309244634947316e+00
-3.020000000000000115e-03 -6.206731716547447819e-01 -2.764309244634947316e+00
-3.010000000000000089e-03 -6.404870027751373707e-01 -2.764309244634947316e+00
-3.000000000000000062e-03 -6.566067297883380061e-01 -2.764309244634947316e+00
-2.990000000000000036e-03 -6.723906291554304637e-01 -2.764309244634947316e+00
-2.980000000000000444e-03 -6.797788373698141484e-01 -2.764309244634947316e+00
-2.970000000000000417e-03 -6.891820114608478987e-01 -2.764309244634947316e+00
-2.960000000000000391e-03 -6.979135302596649604e-01 -2.764309244634947316e+00
-2.950000000000000365e-03 -7.022792896590734912e-01 -2.764309244634947316e+00
-2.940000000000000339e-03 -7.016076343668568027e-01 -2.764309244634947316e+00
-2.930000000000000313e-03 -6.995926684902066262e-01 -2.764309244634947316e+00
-2.920000000000000286e-03 -6.969060473213398721e-01 -2.764309244634947316e+00
-2.910000000000000260e-03 -6.881745285225228104e-01 -2.764309244634947316e+00
-2.900000000000000234e-03 -6.764205609087305948e-01 -2.764309244634947316e+00
-2.890000000000000208e-03 -6.666815591715885558e-01 -2.764309244634947316e+00
-2.880000000000000181e-03 -6.498901768661711209e-01 -2.764309244634947316e+00
-2.870000000000000155e-03 -6.304121733918869319e-01 -2.764309244634947316e+00
-2.860000000000000129e-03 -6.109341699176026319e-01 -2.764309244634947316e+00
-2.850000000000000103e-03 -5.884337176283432891e-01 -2.764309244634947316e+00
-2.840000000000000076e-03 -5.595525400630253499e-01 -2.764309244634947316e+00
-2.830000000000000050e-03 -5.350371218971159415e-01 -2.764309244634947316e+00
-2.820000000000000024e-03 -5.048126337473645142e-01 -2.764309244634947316e+00
-2.810000000000000431e-03 -4.705582138443130669e-01 -2.764309244634947316e+00
-2.800000000000000405e-03 -4.383187598179115740e-01 -2.764309244634947316e+00
-2.790000000000000379e-03 -4.033926846226433827e-01 -2.764309244634947316e+00
-2.780000000000000353e-03 -3.698099200118085128e-01 -2.764309244634947316e+00
-2.770000000000000327e-03 -3.298464301249150465e-01 -2.764309244634947316e+00
-2.760000000000000300e-03 -2.905545955302382688e-01 -2.764309244634947316e+00
-2.750000000000000274e-03 -2.479044844744779930e-01 -2.764309244634947316e+00
-2.740000000000000248e-03 -2.086126498798012152e-01 -2.469750165763975325e+00
-2.730000000000000222e-03 -1.636117453012825018e-01 -2.004798950776346622e+00
-2.720000000000000195e-03 -1.226407724760640028e-01 -1.525339098456012676e+00
-2.710000000000000169e-03 -7.663238495922025661e-02 -1.046554066476734990e+00
-2.700000000000000143e-03 -3.331061861124330614e-02 -5.593337802342561726e-01
-2.690000000000000117e-03 7.324526567866860779e-03 -7.042644313913737353e-02
-2.680000000000000090e-03 5.366874173081895294e-02 4.205053549791496481e-01
-2.670000000000000064e-03 9.699050807879591729e-02 9.019896683226517053e-01
-2.660000000000000038e-03 1.396406191345561654e-01 1.390897005417770504e+00
-2.650000000000000012e-03 1.849773513591832230e-01 1.864620884839127690e+00
-2.640000000000000419e-03 2.246050135999683450e-01 2.339356994772069154e+00
-2.630000000000000393e-03 2.659118140712951606e-01 2.763481579125805609e+00
-2.620000000000000367e-03 3.062111316042969711e-01 2.763481579125805609e+00
-2.610000000000000341e-03 3.455029661989737488e-01 2.763481579125805609e+00
-2.600000000000000314e-03 3.858022837319755594e-01 2.763481579125805609e+00
-2.590000000000000288e-03 4.200567036350271177e-01 2.763481579125805609e+00
-2.580000000000000262e-03 4.536394682458619876e-01 2.763481579125805609e+00
-2.570000000000000236e-03 4.865505775644801134e-01 2.763481579125805609e+00
-2.560000000000000209e-03 5.171108933603398849e-01 2.763481579125805609e+00
-2.550000000000000183e-03 5.466637262178745127e-01 2.763481579125805609e+00
-2.540000000000000157e-03 5.725224549682174091e-01 2.763481579125805609e+00
-2.530000000000000131e-03 5.967020454880185287e-01 2.763481579125805609e+00
-2.520000000000000104e-03 6.198741530694945601e-01 2.763481579125805609e+00
-2.510000000000000078e-03 6.346505694982618184e-01 2.763481579125805609e+00
-2.500000000000000052e-03 6.558077112030877842e-01 2.763481579125805609e+00
-2.490000000000000026e-03 6.685691617552050880e-01 2.763481579125805609e+00
-2.480000000000000000e-03 6.813306123073222809e-01 2.763481579125805609e+00
-2.470000000000000407e-03 6.883829928755976768e-01 2.763481579125805609e+00
-2.460000000000000381e-03 6.957712010899812505e-01 2.763481579125805609e+00
-2.450000000000000355e-03 6.971145116744147385e-01 2.763481579125805609e+00
-2.440000000000000328e-03 6.994653051971730928e-01 2.763481579125805609e+00
-2.430000000000000302e-03 6.987936499049564043e-01 2.763481579125805609e+00
-2.420000000000000276e-03 6.937562352133311849e-01 2.763481579125805609e+00
-2.410000000000000250e-03 6.863680269989475002e-01 2.763481579125805609e+00
-2.400000000000000223e-03 6.752857146773720842e-01 2.763481579125805609e+00
-2.390000000000000197e-03 6.618526088330380919e-01 2.763481579125805609e+00
-2.380000000000000171e-03 6.470761924042707225e-01 2.763481579125805609e+00
-2.370000000000000145e-03 6.292773271605283103e-01 2.763481579125805609e+00
-2.360000000000000119e-03 6.097993236862441213e-01 2.763481579125805609e+00
-2.350000000000000092e-03 5.866272161047679790e-01 2.763481579125805609e+00
-2.340000000000000066e-03 5.611043150005335933e-01 2.763481579125805609e+00
-2.330000000000000040e-03 5.322231374352155431e-01 2.763481579125805609e+00
-2.320000000000000014e-03 5.040136151621142924e-01 2.763481579125805609e+00
-2.309999999999999987e-03 4.717741611357127995e-01 2.763481579125805609e+00
-2.300000000000000395e-03 4.402063624015280507e-01 2.763481579125805609e+00
-2.290000000000000369e-03 4.029294936835013385e-01 2.763481579125805609e+00
-2.280000000000000342e-03 3.663242802576913704e-01 2.763481579125805609e+00
-2.270000000000000316e-03 3.280399286013396254e-01 2.763481579125805609e+00
-2.260000000000000290e-03 2.884122663605545034e-01 2.763481579125805609e+00
-2.250000000000000264e-03 2.457621553047942831e-01 2.763481579125805609e+00
-2.240000000000000237e-03 2.081494589406592544e-01 2.464198757867441358e+00
-2.230000000000000211e-03 1.631485543621405687e-01 1.994186390321892155e+00
-2.220000000000000185e-03 1.184834774297301996e-01 1.518438049877366636e+00
-2.210000000000000159e-03 7.684084931229498427e-02 1.035604095851752504e+00
-2.200000000000000133e-03 3.150411708766795438e-02 5.514205011440261872e-01
-2.190000000000000106e-03 -1.148182161420065357e-02 5.643978097940277605e-02
-2.180000000000000080e-03 -5.547524325439430470e-02 -4.331423764567721157e-01
-2.170000000000000054e-03 -9.913283724847959943e-02 -9.190130220171385256e-01
-2.160000000000000028e-03 -1.431262588886732523e-01 -1.403871437065921102e+00
-2.150000000000000001e-03 -1.864480252366502167e-01 -1.876920496146222472e+00
-2.139999999999999975e-03 -2.274189980618687157e-01 -2.354355887443388085e+00
-2.130000000000000383e-03 -2.690616261793039588e-01 -2.764309244634947316e+00
-2.120000000000000356e-03 -3.080176331278723922e-01 -2.764309244634947316e+00
-2.110000000000000330e-03 -3.463019847842241372e-01 -2.764309244634947316e+00
-2.100000000000000304e-03 -3.842505087944674824e-01 -2.764309244634947316e+00
-2.090000000000000278e-03 -4.201840669280607621e-01 -2.764309244634947316e+00
-2.080000000000000251e-03 -4.551101421233290090e-01 -2.764309244634947316e+00
-2.070000000000000225e-03 -4.893645620263805673e-01 -2.764309244634947316e+00
-2.060000000000000199e-03 -5.199248778222401723e-01 -2.764309244634947316e+00
-2.050000000000000173e-03 -5.481344000953415341e-01 -2.764309244634947316e+00
-2.040000000000000147e-03 -5.723139906151425427e-01 -2.764309244634947316e+00
-2.030000000000000120e-03 -5.985085470115937278e-01 -2.764309244634947316e+00
-2.020000000000000094e-03 -6.183223781319863166e-01 -2.764309244634947316e+00
-2.010000000000000068e-03 -6.394795198368122824e-01 -2.764309244634947316e+00
-2.000000000000000042e-03 -6.566067297883380061e-01 -2.764309244634947316e+00
-1.990000000000000015e-03 -6.700398356326719984e-01 -2.764309244634947316e+00
-1.979999999999999989e-03 -6.828012861847891912e-01 -2.764309244634947316e+00
-1.969999999999999963e-03 -6.932119432141480297e-01 -2.764309244634947316e+00
-1.960000000000000370e-03 -6.962343920291231836e-01 -2.764309244634947316e+00
-1.950000000000000127e-03 -7.012718067207484030e-01 -2.764309244634947316e+00
-1.940000000000000101e-03 -7.019434620129650915e-01 -2.764309244634947316e+00
-1.930000000000000075e-03 -6.992568408440983374e-01 -2.764309244634947316e+00
-1.920000000000000265e-03 -6.928761155680397410e-01 -2.764309244634947316e+00
-1.910000000000000239e-03 -6.885103561686312101e-01 -2.764309244634947316e+00
-1.900000000000000213e-03 -6.791071820775974599e-01 -2.764309244634947316e+00
-1.890000000000000187e-03 -6.633232827105050022e-01 -2.764309244634947316e+00
-1.880000000000000161e-03 -6.482110386356293441e-01 -2.764309244634947316e+00
-1.870000000000000134e-03 -6.307480010379952207e-01 -2.764309244634947316e+00
-1.860000000000000108e-03 -6.119416528559277202e-01 -2.764309244634947316e+00
-1.850000000000000082e-03 -5.867545793978016233e-01 -2.764309244634947316e+00
-1.840000000000000056e-03 -5.625749888780005037e-01 -2.764309244634947316e+00
-1.830000000000000246e-03 -5.340296389587908532e-01 -2.764309244634947316e+00
-1.820000000000000220e-03 -5.038051508090395370e-01 -2.764309244634947316e+00
-1.810000000000000194e-03 -4.729090073670714767e-01 -2.764309244634947316e+00
-1.800000000000000168e-03 -4.393262427562366623e-01 -2.764309244634947316e+00
-1.790000000000000141e-03 -4.057434781454017925e-01 -2.764309244634947316e+00
-1.780000000000000115e-03 -3.677949541351583918e-01 -2.764309244634947316e+00
-1.770000000000000089e-03 -3.295106024788067023e-01 -2.764309244634947316e+00
-1.760000000000000063e-03 -2.908904231763466131e-01 -2.764309244634947316e+00
-1.750000000000000036e-03 -2.492477950589113700e-01 -2.764309244634947316e+00
-1.740000000000000227e-03 -2.089484775259095595e-01 -2.474136497980839344e+00
-1.730000000000000201e-03 -1.649550558857159066e-01 -2.005811181287930900e+00
-1.720000000000000175e-03 -1.236482554143890356e-01 -1.532087301866573270e+00
-1.710000000000000148e-03 -8.032648906641209896e-02 -1.047228886817791027e+00
-1.700000000000000122e-03 -3.767637801065183700e-02 -5.606834209163682470e-01
-1.690000000000000096e-03 8.332009506191905696e-03 -7.447536518547374917e-02
-1.680000000000000070e-03 5.501205231525234385e-02 4.225298160023178706e-01
-1.670000000000000043e-03 9.967712924766269911e-02 9.084004615626843915e-01
-1.660000000000000234e-03 1.429988955956396635e-01 1.392584056270410597e+00
-1.650000000000000208e-03 1.826265578364247855e-01 1.867994986544408098e+00
-1.640000000000000182e-03 2.276274624149434711e-01 2.341718865965765506e+00
-1.630000000000000155e-03 2.669192970096201933e-01 2.763481579125805609e+00
-1.620000000000000129e-03 3.065469592504053153e-01 2.763481579125805609e+00
-1.610000000000000103e-03 3.441596556145403718e-01 2.763481579125805609e+00
-1.600000000000000077e-03 3.854664560858672151e-01 2.763481579125805609e+00
-1.590000000000000050e-03 4.180417377583770522e-01 2.763481579125805609e+00
-1.580000000000000024e-03 4.536394682458619876e-01 2.763481579125805609e+00
-1.570000000000000215e-03 4.875580605028052017e-01 2.763481579125805609e+00
-1.560000000000000189e-03 5.174467210064482847e-01 2.763481579125805609e+00
-1.550000000000000162e-03 5.446487603412244471e-01 2.763481579125805609e+00
-1.540000000000000136e-03 5.715149720298923208e-01 2.763481579125805609e+00
-1.530000000000000110e-03 5.967020454880185287e-01 2.763481579125805609e+00
-1.520000000000000084e-03 6.188666701311694718e-01 2.763481579125805609e+00
-1.510000000000000057e-03 6.376730183132369723e-01 2.763481579125805609e+00
-1.500000000000000031e-03 6.548002282647628070e-01 2.763481579125805609e+00
-1.490000000000000222e-03 6.675616788168799998e-01 2.763481579125805609e+00
-1.480000000000000196e-03 6.799873017228889038e-01 2.763481579125805609e+00
-1.470000000000000169e-03 6.890546481678143653e-01 2.763481579125805609e+00
-1.460000000000000143e-03 6.950995457977645620e-01 2.763481579125805609e+00
-1.450000000000000117e-03 6.991294775510648041e-01 2.763481579125805609e+00
-1.440000000000000091e-03 6.987936499049564043e-01 2.763481579125805609e+00
-1.430000000000000064e-03 6.971145116744147385e-01 2.763481579125805609e+00
-1.420000000000000038e-03 6.940920628594395847e-01 2.763481579125805609e+00
-1.410000000000000012e-03 6.846888887684058345e-01 2.763481579125805609e+00
-1.400000000000000203e-03 6.759573699695887727e-01 2.763481579125805609e+00
-1.390000000000000176e-03 6.628600917713631802e-01 2.763481579125805609e+00
-1.380000000000000150e-03 6.480836753425958108e-01 2.763481579125805609e+00
-1.370000000000000124e-03 6.269265336377698450e-01 2.763481579125805609e+00
-1.360000000000000098e-03 6.087918407479190330e-01 2.763481579125805609e+00
-1.350000000000000071e-03 5.856197331664430017e-01 2.763481579125805609e+00
-1.340000000000000045e-03 5.600968320622085050e-01 2.763481579125805609e+00
-1.330000000000000019e-03 5.318873097891072543e-01 2.763481579125805609e+00
-1.320000000000000210e-03 5.043494428082226921e-01 2.763481579125805609e+00
-1.310000000000000183e-03 4.724458164279294881e-01 2.763481579125805609e+00
-1.300000000000000157e-03 4.388630518170946182e-01 2.763481579125805609e+00
-1.290000000000000131e-03 4.022578383912846500e-01 2.763481579125805609e+00
-1.280000000000000105e-03 3.653167973193663376e-01 2.763481579125805609e+00
-1.270000000000000078e-03 3.277041009552312811e-01 2.763481579125805609e+00
-1.260000000000000052e-03 2.890839216527712474e-01 2.763481579125805609e+00
-1.250000000000000026e-03 2.481129488275527206e-01 2.763481579125805609e+00
-1.240000000000000000e-03 2.064703207101175331e-01 2.461836886673745006e+00
-1.230000000000000190e-03 1.634843820082489130e-01 1.993848980151364136e+00
-1.220000000000000164e-03 1.218417538908136977e-01 1.514726538001558209e+00
-1.210000000000000138e-03 7.516171108175326299e-02 1.035266685681224486e+00
-1.200000000000000112e-03 3.519822119485978285e-02 5.490586299503299461e-01
-1.190000000000000085e-03 -1.316095984474239741e-02 5.981388268468310065e-02
-1.180000000000000059e-03 -5.648272619271935135e-02 -4.284186340693796335e-01
-1.170000000000000033e-03 -9.913283724847959943e-02 -9.207000728697787295e-01
-1.160000000000000007e-03 -1.437979141808899408e-01 -1.401509565872224972e+00
-1.150000000000000197e-03 -1.844330593600001234e-01 -1.881981648704142751e+00
-1.140000000000000171e-03 -2.307772745229522138e-01 -2.356042938296028399e+00
-1.130000000000000145e-03 -2.693974538254123030e-01 -2.764309244634947316e+00
-1.120000000000000119e-03 -3.090251160661974250e-01 -2.764309244634947316e+00
-1.110000000000000092e-03 -3.469736400764408257e-01 -2.764309244634947316e+00
-1.100000000000000066e-03 -3.842505087944674824e-01 -2.764309244634947316e+00
-1.090000000000000040e-03 -4.228706880969275717e-01 -2.764309244634947316e+00
-1.080000000000000014e-03 -4.557817974155456975e-01 -2.764309244634947316e+00
-1.069999999999999988e-03 -4.876854237958388461e-01 -2.764309244634947316e+00
-1.060000000000000178e-03 -5.182457395916985066e-01 -2.764309244634947316e+00
-1.050000000000000152e-03 -5.464552618647997573e-01 -2.764309244634947316e+00
-1.040000000000000126e-03 -5.746647841379010080e-01 -2.764309244634947316e+00
-1.030000000000000100e-03 -5.961577534888353735e-01 -2.764309244634947316e+00
-1.020000000000000073e-03 -6.189940334242030051e-01 -2.764309244634947316e+00
-1.010000000000000047e-03 -6.398153474829206822e-01 -2.764309244634947316e+00
-1.000000000000000021e-03 -6.552634192039046290e-01 -2.764309244634947316e+00
-9.899999999999999946e-04 -6.723906291554304637e-01 -2.764309244634947316e+00
-9.800000000000001852e-04 -6.811221479542475254e-01 -2.764309244634947316e+00
-9.700000000000000505e-04 -6.922044602758230525e-01 -2.764309244634947316e+00
-9.600000000000001327e-04 -6.979135302596649604e-01 -2.764309244634947316e+00
-9.500000000000001065e-04 -6.995926684902066262e-01 -2.764309244634947316e+00
-9.400000000000000803e-04 -7.006001514285317144e-01 -2.764309244634947316e+00
-9.300000000000000541e-04 -6.979135302596649604e-01 -2.764309244634947316e+00
-9.200000000000000278e-04 -6.962343920291231836e-01 -2.764309244634947316e+00
-9.100000000000001100e-04 -6.888461838147394989e-01 -2.764309244634947316e+00
-9.000000000000000838e-04 -6.770922162009472833e-01 -2.764309244634947316e+00
-8.900000000000000576e-04 -6.639949380027216908e-01 -2.764309244634947316e+00
-8.800000000000000313e-04 -6.478752109895210554e-01 -2.764309244634947316e+00
-8.700000000000001135e-04 -6.273897245769117781e-01 -2.764309244634947316e+00
-8.600000000000000873e-04 -6.079117211026274781e-01 -2.764309244634947316e+00
-8.500000000000000611e-04 -5.874262346900183118e-01 -2.764309244634947316e+00
-8.400000000000000348e-04 -5.632466441702171922e-01 -2.764309244634947316e+00
-8.300000000000001170e-04 -5.326863283743574762e-01 -2.764309244634947316e+00
-8.200000000000000908e-04 -5.048126337473645142e-01 -2.764309244634947316e+00
-8.100000000000000646e-04 -4.732448350131798209e-01 -2.764309244634947316e+00
-8.000000000000000383e-04 -4.396620704023450066e-01 -2.764309244634947316e+00
-7.900000000000000121e-04 -4.033926846226433827e-01 -2.764309244634947316e+00
-7.800000000000000943e-04 -3.671232988429417032e-01 -2.764309244634947316e+00
-7.700000000000000681e-04 -3.288389471865900138e-01 -2.764309244634947316e+00
-7.600000000000000418e-04 -2.898829402380215803e-01 -2.764309244634947316e+00
-7.500000000000000156e-04 -2.482403121205863372e-01 -2.764309244634947316e+00
-7.400000000000000978e-04 -2.055902010648260614e-01 -2.477848009856647771e+00
-7.300000000000000716e-04 -1.646192282396075623e-01 -2.004798950776346622e+00
-7.200000000000000453e-04 -1.236482554143890356e-01 -1.530062840843405159e+00
-7.100000000000000191e-04 -7.562490202089522384e-02 -1.047228886817791027e+00
-7.000000000000001013e-04 -3.700472271843514155e-02 -5.620330615984804323e-01
-6.900000000000000751e-04 1.034697538284199726e-02 -6.806457194544114631e-02
-6.800000000000000488e-04 5.601953525357739050e-02 4.198305346380936109e-01
-6.700000000000000226e-04 9.665468043268754528e-02 9.080630513921563729e-01
-6.600000000000001048e-04 1.419914126573146029e-01 1.390222185076714467e+00
-6.500000000000000786e-04 1.839698684208581625e-01 1.864958295009655709e+00
-6.400000000000000524e-04 2.252766688921850335e-01 2.337669943919428839e+00
-6.300000000000000261e-04 2.645685034868617835e-01 2.763481579125805609e+00
-6.199999999999999999e-04 3.082260974809470921e-01 2.763481579125805609e+00
-6.100000000000000821e-04 3.471821044295155256e-01 2.763481579125805609e+00
-6.000000000000000559e-04 3.834514902092171496e-01 2.763481579125805609e+00
-5.900000000000000296e-04 4.207283589272438062e-01 2.763481579125805609e+00
-5.800000000000000034e-04 4.553186064764037089e-01 2.763481579125805609e+00
-5.700000000000000856e-04 4.895730263794552672e-01 2.763481579125805609e+00
-5.600000000000000594e-04 5.181183762986649732e-01 2.763481579125805609e+00
-5.500000000000000331e-04 5.453204156334411357e-01 2.763481579125805609e+00
-5.400000000000000069e-04 5.735299379065424974e-01 2.763481579125805609e+00
-5.300000000000000891e-04 5.953587349035850407e-01 2.763481579125805609e+00
-5.200000000000000629e-04 6.185308424850611830e-01 2.763481579125805609e+00
-5.100000000000000366e-04 6.386805012515620605e-01 2.763481579125805609e+00
-5.000000000000000104e-04 6.554718835569794955e-01 2.763481579125805609e+00
-4.900000000000000926e-04 6.692408170474217766e-01 2.763481579125805609e+00
-4.800000000000000664e-04 6.789798187845638155e-01 2.763481579125805609e+00
-4.700000000000000401e-04 6.887188205217059656e-01 2.763481579125805609e+00
-4.600000000000000139e-04 6.944278905055478734e-01 2.763481579125805609e+00
-4.500000000000000419e-04 7.004727881354981811e-01 2.763481579125805609e+00
-4.400000000000000157e-04 7.011444434277148696e-01 2.763481579125805609e+00
-4.300000000000000436e-04 6.967786840283063388e-01 2.763481579125805609e+00
-4.200000000000000174e-04 6.954353734438729617e-01 2.763481579125805609e+00
-4.100000000000000454e-04 6.856963717067308117e-01 2.763481579125805609e+00
-4.000000000000000192e-04 6.752857146773720842e-01 2.763481579125805609e+00
-3.900000000000000471e-04 6.631959194174714689e-01 2.763481579125805609e+00
-3.800000000000000209e-04 6.490911582809208991e-01 2.763481579125805609e+00
-3.700000000000000489e-04 6.275981889299865335e-01 2.763481579125805609e+00
-3.600000000000000227e-04 6.081201854557023445e-01 2.763481579125805609e+00
-3.500000000000000507e-04 5.836047672897929361e-01 2.763481579125805609e+00
-3.400000000000000244e-04 5.631192808771836589e-01 2.763481579125805609e+00
-3.300000000000000524e-04 5.339022756657573199e-01 2.763481579125805609e+00
-3.200000000000000262e-04 5.023344769315725156e-01 2.763481579125805609e+00
-3.099999999999999999e-04 4.694233676129543342e-01 2.763481579125805609e+00
-3.000000000000000279e-04 4.371839135865528969e-01 2.763481579125805609e+00
-2.900000000000000017e-04 4.019220107451763058e-01 2.763481579125805609e+00
-2.800000000000000297e-04 3.656526249654746819e-01 2.763481579125805609e+00
-2.700000000000000035e-04 3.256891350785812156e-01 2.763481579125805609e+00
-2.600000000000000314e-04 2.894197492988795917e-01 2.763481579125805609e+00
-2.500000000000000052e-04 2.467696382431193436e-01 2.763481579125805609e+00
-2.400000000000000332e-04 2.068061483562258773e-01 2.456775734115824505e+00
-2.300000000000000070e-04 1.644918649465739457e-01 1.986425956399747506e+00
-2.200000000000000078e-04 1.208342709524886371e-01 1.516750999024726543e+00
-2.100000000000000087e-04 7.684084931229498427e-02 1.032229994146472096e+00
-2.000000000000000096e-04 3.251160002599299409e-02 5.446722977334655935e-01
-1.900000000000000105e-04 -1.316095984474239741e-02 5.913906234362703573e-02
-1.800000000000000113e-04 -5.715438148493604681e-02 -4.328049662862440972e-01
-1.700000000000000122e-04 -9.711787137182950613e-02 -9.223871237224189334e-01
-1.600000000000000131e-04 -1.431262588886732523e-01 -1.403534026895393083e+00
-1.500000000000000140e-04 -1.847688870061084676e-01 -1.880294597851502658e+00
-1.400000000000000148e-04 -2.301056192307355253e-01 -2.350306965397051862e+00
-1.300000000000000157e-04 -2.673824879487622375e-01 -2.764309244634947316e+00
-1.200000000000000166e-04 -3.080176331278723922e-01 -2.764309244634947316e+00
-1.100000000000000039e-04 -3.449586741997907047e-01 -2.764309244634947316e+00
-1.000000000000000048e-04 -3.862654746711176035e-01 -2.764309244634947316e+00
-9.000000000000000567e-05 -4.188407563436273850e-01 -2.764309244634947316e+00
-8.000000000000000654e-05 -4.557817974155456975e-01 -2.764309244634947316e+00
-7.000000000000000742e-05 -4.880212514419471903e-01 -2.764309244634947316e+00
-6.000000000000000830e-05 -5.192532225300234838e-01 -2.764309244634947316e+00
-5.000000000000000240e-05 -5.461194342186913575e-01 -2.764309244634947316e+00
-4.000000000000000327e-05 -5.719781629690342539e-01 -2.764309244634947316e+00
-3.000000000000000415e-05 -5.985085470115937278e-01 -2.764309244634947316e+00
-2.000000000000000164e-05 -6.210089993008530707e-01 -2.764309244634947316e+00
-1.000000000000000082e-05 -6.374645539601622168e-01 -2.764309244634947316e+00
0.000000000000000000e+00 -6.569425574344464058e-01 -2.764309244634947316e+00
1.000000000000000082e-05 -6.720548015093220640e-01 -2.764309244634947316e+00
2.000000000000000164e-05 -6.844804244153309680e-01 -2.764309244634947316e+00
3.000000000000000415e-05 -6.918686326297146527e-01 -2.764309244634947316e+00
4.000000000000000327e-05 -6.955627367369064951e-01 -2.764309244634947316e+00
5.000000000000000240e-05 -7.002643237824233147e-01 -2.764309244634947316e+00
6.000000000000000830e-05 -7.036226002435068683e-01 -2.764309244634947316e+00
7.000000000000000742e-05 -7.006001514285317144e-01 -2.764309244634947316e+00
8.000000000000000654e-05 -6.952269090907980953e-01 -2.764309244634947316e+00
9.000000000000000567e-05 -6.875028732303061219e-01 -2.764309244634947316e+00
1.000000000000000048e-04 -6.760847332626223061e-01 -2.764309244634947316e+00
1.100000000000000039e-04 -6.633232827105050022e-01 -2.764309244634947316e+00
1.200000000000000166e-04 -6.468677280511959671e-01 -2.764309244634947316e+00
1.300000000000000157e-04 -6.314196563302119092e-01 -2.764309244634947316e+00
1.400000000000000148e-04 -6.092550316870609661e-01 -2.764309244634947316e+00
1.500000000000000140e-04 -5.847396135211514467e-01 -2.764309244634947316e+00
1.600000000000000131e-04 -5.615675059396754154e-01 -2.764309244634947316e+00
1.700000000000000122e-04 -5.320146730821407877e-01 -2.764309244634947316e+00
1.800000000000000113e-04 -5.051484613934729140e-01 -2.764309244634947316e+00
1.900000000000000105e-04 -4.742523179515049092e-01 -2.764309244634947316e+00
2.000000000000000096e-04 -4.403337256945616951e-01 -2.764309244634947316e+00
2.100000000000000087e-04 -4.047359952070767597e-01 -2.764309244634947316e+00
2.200000000000000078e-04 -3.688024370734834800e-01 -2.764309244634947316e+00
2.300000000000000070e-04 -3.285031195404816695e-01 -2.764309244634947316e+00
2.400000000000000332e-04 -2.882038020074798035e-01 -2.764309244634947316e+00
2.500000000000000052e-04 -2.499194503511280863e-01 -2.764309244634947316e+00
2.600000000000000314e-04 -2.076051669414761547e-01 -2.472786857298727270e+00
2.700000000000000035e-04 -1.632759176551741576e-01 -2.000075208388953918e+00
2.800000000000000297e-04 -1.212974618916305980e-01 -1.530400251013933177e+00
2.900000000000000017e-04 -7.864735083587034992e-02 -1.045204425794622694e+00
3.000000000000000279e-04 -2.928068685794312301e-02 -5.603460107458402284e-01
3.099999999999999999e-04 1.169028596727539164e-02 -6.941421262755327615e-02
3.200000000000000262e-04 5.501205231525234385e-02 4.188183041265094442e-01
3.300000000000000524e-04 9.598302514047085676e-02 9.100875124153244844e-01
3.400000000000000244e-04 1.413197573650979144e-01 1.391909235929354560e+00
3.500000000000000507e-04 1.826265578364247855e-01 1.867320166203352061e+00
3.600000000000000227e-04 2.246050135999683450e-01 2.342393686306821543e+00
3.700000000000000489e-04 2.655759864251868163e-01 2.763481579125805609e+00
3.800000000000000209e-04 3.085619251270554364e-01 2.763481579125805609e+00
3.900000000000000471e-04 3.481895873678405584e-01 2.763481579125805609e+00
4.000000000000000192e-04 3.847948007936505266e-01 2.763481579125805609e+00
4.100000000000000454e-04 4.207283589272438062e-01 2.763481579125805609e+00
4.200000000000000174e-04 4.549827788302953646e-01 2.763481579125805609e+00
4.300000000000000436e-04 4.852072669800467364e-01 2.763481579125805609e+00
4.400000000000000157e-04 5.174467210064482847e-01 2.763481579125805609e+00
4.500000000000000419e-04 5.446487603412244471e-01 2.763481579125805609e+00
4.600000000000000139e-04 5.725224549682174091e-01 2.763481579125805609e+00
4.700000000000000401e-04 5.963662178419101290e-01 2.763481579125805609e+00
4.800000000000000664e-04 6.185308424850611830e-01 2.763481579125805609e+00
4.900000000000000926e-04 6.376730183132369723e-01 2.763481579125805609e+00
5.000000000000000104e-04 6.531210900342210302e-01 2.763481579125805609e+00
5.100000000000000366e-04 6.672258511707717110e-01 2.763481579125805609e+00
5.200000000000000629e-04 6.796514740767806151e-01 2.763481579125805609e+00
5.300000000000000891e-04 6.883829928755976768e-01 2.763481579125805609e+00
5.400000000000000069e-04 6.957712010899812505e-01 2.763481579125805609e+00
5.500000000000000331e-04 6.967786840283063388e-01 2.763481579125805609e+00
5.600000000000000594e-04 6.994653051971730928e-01 2.763481579125805609e+00
5.700000000000000856e-04 6.954353734438729617e-01 2.763481579125805609e+00
5.800000000000000034e-04 6.934204075672228962e-01 2.763481579125805609e+00
5.900000000000000296e-04 6.873755099372725885e-01 2.763481579125805609e+00
6.000000000000000559e-04 6.752857146773720842e-01 2.763481579125805609e+00
6.100000000000000821e-04 6.628600917713631802e-01 2.763481579125805609e+00
6.199999999999999999e-04 6.457328818198373455e-01 2.763481579125805609e+00
6.300000000000000261e-04 6.279340165760949333e-01 2.763481579125805609e+00
6.400000000000000524e-04 6.067768748712689675e-01 2.763481579125805609e+00
6.500000000000000786e-04 5.859555608125512904e-01 2.763481579125805609e+00
6.600000000000001048e-04 5.584176938316667282e-01 2.763481579125805609e+00
6.700000000000000226e-04 5.315514821429988546e-01 2.763481579125805609e+00
6.800000000000000488e-04 5.036777875160060036e-01 2.763481579125805609e+00
6.900000000000000751e-04 4.707666781973877668e-01 2.763481579125805609e+00
7.000000000000001013e-04 4.361764306482278641e-01 2.763481579125805609e+00
7.100000000000000191e-04 4.022578383912846500e-01 2.763481579125805609e+00
7.200000000000000453e-04 3.656526249654746819e-01 2.763481579125805609e+00
7.300000000000000716e-04 3.280399286013396254e-01 2.763481579125805609e+00
7.400000000000000978e-04 2.894197492988795917e-01 2.763481579125805609e+00
7.500000000000000156e-04 2.481129488275527206e-01 2.763481579125805609e+00
7.600000000000000418e-04 2.057986654179008168e-01 2.461162066332688969e+00
7.700000000000000681e-04 1.641560373004656015e-01 1.995198620833476211e+00
7.800000000000000943e-04 1.184834774297301996e-01 1.517763229536310599e+00
7.900000000000000121e-04 7.616919402007829576e-02 1.033579634828584171e+00
8.000000000000000383e-04 3.150411708766795438e-02 5.507456808029701500e-01
8.100000000000000646e-04 -1.248930455252570022e-02 5.947647251415506819e-02
8.200000000000000908e-04 -5.446776031606925805e-02 -4.317927357746599304e-01
8.300000000000001170e-04 -1.021552860634547533e-01 -9.207000728697787295e-01
8.400000000000000348e-04 -1.444695694731066571e-01 -1.403196616724865065e+00
8.500000000000000611e-04 -1.864480252366502167e-01 -1.881306828363086714e+00
8.600000000000000873e-04 -2.301056192307355253e-01 -2.353343656931803807e+00
8.700000000000001135e-04 -2.693974538254123030e-01 -2.764309244634947316e+00
8.800000000000000313e-04 -3.070101501895473595e-01 -2.764309244634947316e+00
8.900000000000000576e-04 -3.479811230147658585e-01 -2.764309244634947316e+00
9.000000000000000838e-04 -3.855938193789009150e-01 -2.764309244634947316e+00
9.100000000000001100e-04 -4.225348604508192274e-01 -2.764309244634947316e+00
9.200000000000000278e-04 -4.561176250616540973e-01 -2.764309244634947316e+00
9.300000000000000541e-04 -4.883570790880555346e-01 -2.764309244634947316e+00
9.400000000000000803e-04 -5.209323607605652606e-01 -2.764309244634947316e+00
9.500000000000001065e-04 -5.461194342186913575e-01 -2.764309244634947316e+00
9.600000000000001327e-04 -5.743289564917927192e-01 -2.764309244634947316e+00
9.700000000000000505e-04 -5.995160299499188161e-01 -2.764309244634947316e+00
9.800000000000001852e-04 -6.193298610703114049e-01 -2.764309244634947316e+00
9.899999999999999946e-04 -6.394795198368122824e-01 -2.764309244634947316e+00
1.000000000000000021e-03 -6.572783850805548056e-01 -2.764309244634947316e+00
1.010000000000000047e-03 -6.707114909248886869e-01 -2.764309244634947316e+00
1.020000000000000073e-03 -6.801146650159224372e-01 -2.764309244634947316e+00
1.030000000000000100e-03 -6.915328049836062529e-01 -2.764309244634947316e+00
1.040000000000000126e-03 -6.952269090907980953e-01 -2.764309244634947316e+00
1.050000000000000152e-03 -7.012718067207484030e-01 -2.764309244634947316e+00
1.060000000000000178e-03 -7.012718067207484030e-01 -2.764309244634947316e+00
1.069999999999999988e-03 -6.992568408440983374e-01 -2.764309244634947316e+00
1.080000000000000014e-03 -6.952269090907980953e-01 -2.764309244634947316e+00
1.090000000000000040e-03 -6.854879073536560563e-01 -2.764309244634947316e+00
1.100000000000000066e-03 -6.760847332626223061e-01 -2.764309244634947316e+00
1.110000000000000092e-03 -6.633232827105050022e-01 -2.764309244634947316e+00
1.120000000000000119e-03 -6.505618321583878094e-01 -2.764309244634947316e+00
1.130000000000000145e-03 -6.294046904535618436e-01 -2.764309244634947316e+00
1.140000000000000171e-03 -6.109341699176026319e-01 -2.764309244634947316e+00
1.150000000000000197e-03 -5.870904070439099121e-01 -2.764309244634947316e+00
1.160000000000000007e-03 -5.625749888780005037e-01 -2.764309244634947316e+00
1.170000000000000033e-03 -5.340296389587908532e-01 -2.764309244634947316e+00
1.180000000000000059e-03 -5.064917719779062910e-01 -2.764309244634947316e+00
1.190000000000000085e-03 -4.729090073670714767e-01 -2.764309244634947316e+00
1.200000000000000112e-03 -4.403337256945616951e-01 -2.764309244634947316e+00
1.210000000000000138e-03 -4.050718228531851040e-01 -2.764309244634947316e+00
1.220000000000000164e-03 -3.674591264890500475e-01 -2.764309244634947316e+00
1.230000000000000190e-03 -3.298464301249150465e-01 -2.764309244634947316e+00
1.240000000000000000e-03 -2.915620784685633016e-01 -2.764309244634947316e+00
1.250000000000000026e-03 -2.495836227050197142e-01 -2.764309244634947316e+00
1.260000000000000052e-03 -2.096201328181262480e-01 -2.476835779345063937e+00
1.270000000000000078e-03 -1.662983664701493114e-01 -2.006148591458458696e+00
1.280000000000000105e-03 -1.226407724760640028e-01 -1.531412481525517233e+00
1.290000000000000131e-03 -7.763986789754531714e-02 -1.046554066476734990e+00
1.300000000000000157e-03 -3.431810154956835279e-02 -5.623704717690084509e-01
1.310000000000000183e-03 1.135445832116704218e-02 -7.110126348019343845e-02
1.320000000000000210e-03 5.534787996136069504e-02 4.208427651496776667e-01
1.330000000000000019e-03 9.833381866322929432e-02 9.053637700279321132e-01
1.340000000000000045e-03 1.393047914884478211e-01 1.386173263030378022e+00
1.350000000000000071e-03 1.826265578364247855e-01 1.868332396714936117e+00
1.360000000000000098e-03 2.269558071227267826e-01 2.336657713407845005e+00
1.370000000000000124e-03 2.689342628862703144e-01 2.763481579125805609e+00
1.380000000000000150e-03 3.058753039581886268e-01 2.763481579125805609e+00
1.390000000000000176e-03 3.458387938450820931e-01 2.763481579125805609e+00
1.400000000000000203e-03 3.831156625631088053e-01 2.763481579125805609e+00
1.410000000000000012e-03 4.190492206967020850e-01 2.763481579125805609e+00
1.420000000000000038e-03 4.536394682458619876e-01 2.763481579125805609e+00
1.430000000000000064e-03 4.892371987333469230e-01 2.763481579125805609e+00
1.440000000000000091e-03 5.184542039447732620e-01 2.763481579125805609e+00
1.450000000000000117e-03 5.456562432795495354e-01 2.763481579125805609e+00
1.460000000000000143e-03 5.725224549682174091e-01 2.763481579125805609e+00
1.470000000000000169e-03 5.970378731341268175e-01 2.763481579125805609e+00
1.480000000000000196e-03 6.155083936700860292e-01 2.763481579125805609e+00
1.490000000000000222e-03 6.370013630210202837e-01 2.763481579125805609e+00
1.500000000000000031e-03 6.548002282647628070e-01 2.763481579125805609e+00
1.510000000000000057e-03 6.719274382162885306e-01 2.763481579125805609e+00
1.520000000000000084e-03 6.833455781839723464e-01 2.763481579125805609e+00
1.530000000000000110e-03 6.883829928755976768e-01 2.763481579125805609e+00
1.540000000000000136e-03 6.947637181516562732e-01 2.763481579125805609e+00
1.550000000000000162e-03 6.974503393205230273e-01 2.763481579125805609e+00
1.560000000000000189e-03 7.004727881354981811e-01 2.763481579125805609e+00
1.570000000000000215e-03 6.971145116744147385e-01 2.763481579125805609e+00
1.580000000000000024e-03 6.930845799211144964e-01 2.763481579125805609e+00
1.590000000000000050e-03 6.870396822911641888e-01 2.763481579125805609e+00
1.600000000000000077e-03 6.736065764468303074e-01 2.763481579125805609e+00
1.610000000000000103e-03 6.638675747096881574e-01 2.763481579125805609e+00
1.620000000000000129e-03 6.453970541737290567e-01 2.763481579125805609e+00
1.630000000000000155e-03 6.279340165760949333e-01 2.763481579125805609e+00
1.640000000000000182e-03 6.064410472251605677e-01 2.763481579125805609e+00
1.650000000000000208e-03 5.872988713969847785e-01 2.763481579125805609e+00
1.660000000000000234e-03 5.584176938316667282e-01 2.763481579125805609e+00
1.670000000000000043e-03 5.342381033118657196e-01 2.763481579125805609e+00
1.680000000000000070e-03 5.040136151621142924e-01 2.763481579125805609e+00
1.690000000000000096e-03 4.727816440740378323e-01 2.763481579125805609e+00
1.700000000000000122e-03 4.388630518170946182e-01 2.763481579125805609e+00
1.710000000000000148e-03 4.019220107451763058e-01 2.763481579125805609e+00
1.720000000000000175e-03 3.659884526115830261e-01 2.763481579125805609e+00
1.730000000000000201e-03 3.280399286013396254e-01 2.763481579125805609e+00
1.740000000000000227e-03 2.880764387144461591e-01 2.763481579125805609e+00
1.750000000000000036e-03 2.474412935353360321e-01 2.763481579125805609e+00
1.760000000000000063e-03 2.061344930640091611e-01 2.461162066332688969e+00
1.770000000000000089e-03 1.594544502549487264e-01 1.994186390321892155e+00
1.780000000000000115e-03 1.228492368291387304e-01 1.523836612605815155e+00
1.790000000000000141e-03 7.516171108175326299e-02 1.034254455169640208e+00
1.800000000000000168e-03 3.251160002599299409e-02 5.504082706324421315e-01
1.810000000000000194e-03 -1.316095984474239741e-02 6.150093353732326296e-02
1.820000000000000220e-03 -5.480358796217760925e-02 -4.284186340693796335e-01
1.830000000000000246e-03 -1.008119754790213485e-01 -9.156389203118582287e-01
1.840000000000000056e-03 -1.387604994892647214e-01 -1.398810284508000601e+00
1.850000000000000082e-03 -1.844330593600001234e-01 -1.876920496146222472e+00
1.860000000000000108e-03 -2.257398598313269944e-01 -2.345245812839131361e+00
1.870000000000000134e-03 -2.697332814715206473e-01 -2.764309244634947316e+00
1.880000000000000161e-03 -3.100325990045224578e-01 -2.764309244634947316e+00
1.890000000000000187e-03 -3.469736400764408257e-01 -2.764309244634947316e+00
1.900000000000000213e-03 -3.845863364405758267e-01 -2.764309244634947316e+00
1.910000000000000239e-03 -4.235423433891442602e-01 -2.764309244634947316e+00
1.920000000000000265e-03 -4.554459697694373532e-01 -2.764309244634947316e+00
1.930000000000000075e-03 -4.907078726108139444e-01 -2.764309244634947316e+00
1.940000000000000101e-03 -5.182457395916985066e-01 -2.764309244634947316e+00
1.950000000000000127e-03 -5.471269171570164458e-01 -2.764309244634947316e+00
1.960000000000000370e-03 -5.753364394301176965e-01 -2.764309244634947316e+00
1.969999999999999963e-03 -5.981727193654854391e-01 -2.764309244634947316e+00
1.979999999999999989e-03 -6.203373440086363821e-01 -2.764309244634947316e+00
1.990000000000000015e-03 -6.391436921907039936e-01 -2.764309244634947316e+00
2.000000000000000042e-03 -6.542559362655796518e-01 -2.764309244634947316e+00
2.010000000000000068e-03 -6.693681803404553099e-01 -2.764309244634947316e+00
2.020000000000000094e-03 -6.801146650159224372e-01 -2.764309244634947316e+00
2.030000000000000120e-03 -6.901894943991728759e-01 -2.764309244634947316e+00
2.040000000000000147e-03 -6.969060473213398721e-01 -2.764309244634947316e+00
2.050000000000000173e-03 -6.999284961363150259e-01 -2.764309244634947316e+00
2.060000000000000199e-03 -7.029509449512901798e-01 -2.764309244634947316e+00
2.070000000000000225e-03 -6.989210131979899376e-01 -2.764309244634947316e+00
2.080000000000000251e-03 -6.935477708602564295e-01 -2.764309244634947316e+00
2.090000000000000278e-03 -6.888461838147394989e-01 -2.764309244634947316e+00
2.100000000000000304e-03 -6.777638714931639718e-01 -2.764309244634947316e+00
2.110000000000000330e-03 -6.629874550643967135e-01 -2.764309244634947316e+00
2.120000000000000356e-03 -6.465319004050875673e-01 -2.764309244634947316e+00
2.130000000000000383e-03 -6.310838286841036204e-01 -2.764309244634947316e+00
2.139999999999999975e-03 -6.105983422714943432e-01 -2.764309244634947316e+00
2.150000000000000001e-03 -5.877620623361266006e-01 -2.764309244634947316e+00
2.160000000000000028e-03 -5.612316782935671267e-01 -2.764309244634947316e+00
2.170000000000000054e-03 -5.343654666048992530e-01 -2.764309244634947316e+00
2.180000000000000080e-03 -5.038051508090395370e-01 -2.764309244634947316e+00
2.190000000000000106e-03 -4.698865585520963783e-01 -2.764309244634947316e+00
2.200000000000000133e-03 -4.369754492334781970e-01 -2.764309244634947316e+00
2.210000000000000159e-03 -4.054076504992934482e-01 -2.764309244634947316e+00
2.220000000000000185e-03 -3.671232988429417032e-01 -2.764309244634947316e+00
2.230000000000000211e-03 -3.305180854171317351e-01 -2.764309244634947316e+00
2.240000000000000237e-03 -2.895471125919132360e-01 -2.764309244634947316e+00
2.250000000000000264e-03 -2.479044844744779930e-01 -2.764309244634947316e+00
2.260000000000000290e-03 -2.072693392953678104e-01 -2.474136497980839344e+00
2.270000000000000316e-03 -1.636117453012825018e-01 -2.006486001628986937e+00
2.280000000000000342e-03 -1.212974618916305980e-01 -1.532087301866573270e+00
2.290000000000000369e-03 -7.831152318976200566e-02 -1.042842554600926563e+00
2.300000000000000395e-03 -3.465392919567669705e-02 -5.566344988700319130e-01
2.309999999999999987e-03 1.101863067505869445e-02 -7.177608382124950337e-02
2.320000000000000014e-03 5.635536289968574170e-02 4.201679448086216295e-01
2.330000000000000040e-03 9.833381866322929432e-02 9.043515395163479464e-01
2.340000000000000066e-03 1.386331361962311326e-01 1.387522903712490097e+00
2.350000000000000092e-03 1.822907301903164412e-01 1.867657576373880080e+00
2.360000000000000119e-03 2.242691859538600008e-01 2.336320303237316764e+00
2.370000000000000145e-03 2.679267799479452816e-01 2.763481579125805609e+00
2.380000000000000171e-03 3.058753039581886268e-01 2.763481579125805609e+00
2.390000000000000197e-03 3.455029661989737488e-01 2.763481579125805609e+00
2.400000000000000223e-03 3.854664560858672151e-01 2.763481579125805609e+00
2.410000000000000250e-03 4.207283589272438062e-01 2.763481579125805609e+00
2.420000000000000276e-03 4.533036405997536433e-01 2.763481579125805609e+00
2.430000000000000302e-03 4.895730263794552672e-01 2.763481579125805609e+00
2.440000000000000328e-03 5.174467210064482847e-01 2.763481579125805609e+00
2.450000000000000355e-03 5.466637262178745127e-01 2.763481579125805609e+00
2.460000000000000381e-03 5.728582826143256979e-01 2.763481579125805609e+00
2.470000000000000407e-03 5.980453560724519058e-01 2.763481579125805609e+00
2.480000000000000000e-03 6.185308424850611830e-01 2.763481579125805609e+00
2.490000000000000026e-03 6.370013630210202837e-01 2.763481579125805609e+00
2.500000000000000052e-03 6.554718835569794955e-01 2.763481579125805609e+00
2.510000000000000078e-03 6.685691617552050880e-01 2.763481579125805609e+00
2.520000000000000104e-03 6.813306123073222809e-01 2.763481579125805609e+00
2.530000000000000131e-03 6.877113375833808773e-01 2.763481579125805609e+00
2.540000000000000157e-03 6.967786840283063388e-01 2.763481579125805609e+00
2.550000000000000183e-03 7.001369604893897813e-01 2.763481579125805609e+00
2.560000000000000209e-03 7.008086157816064699e-01 2.763481579125805609e+00
2.570000000000000236e-03 6.981219946127397158e-01 2.763481579125805609e+00
2.580000000000000262e-03 6.937562352133311849e-01 2.763481579125805609e+00
2.590000000000000288e-03 6.867038546450559000e-01 2.763481579125805609e+00
2.600000000000000314e-03 6.756215423234803730e-01 2.763481579125805609e+00
2.610000000000000341e-03 6.625242641252547804e-01 2.763481579125805609e+00
2.620000000000000367e-03 6.490911582809208991e-01 2.763481579125805609e+00
2.630000000000000393e-03 6.289414995144199105e-01 2.763481579125805609e+00
2.640000000000000419e-03 6.081201854557023445e-01 2.763481579125805609e+00
2.650000000000000012e-03 5.846122502281179134e-01 2.763481579125805609e+00
2.660000000000000038e-03 5.584176938316667282e-01 2.763481579125805609e+00
2.670000000000000064e-03 5.345739309579740084e-01 2.763481579125805609e+00
2.680000000000000090e-03 5.033419598698976039e-01 2.763481579125805609e+00
2.690000000000000117e-03 4.747966099506879534e-01 2.763481579125805609e+00
2.700000000000000143e-03 4.388630518170946182e-01 2.763481579125805609e+00
2.710000000000000169e-03 4.015861830990679615e-01 2.763481579125805609e+00
2.720000000000000195e-03 3.649809696732579933e-01 2.763481579125805609e+00
2.730000000000000222e-03 3.290474115396647137e-01 2.763481579125805609e+00
2.740000000000000248e-03 2.904272322372046244e-01 2.763481579125805609e+00
2.750000000000000274e-03 2.474412935353360321e-01 2.763481579125805609e+00
2.760000000000000300e-03 2.071419760023342216e-01 2.463186527355857081e+00
2.770000000000000327e-03 1.618052437777071639e-01 1.994861210662948192e+00
2.780000000000000353e-03 1.201626156602719486e-01 1.515401358342614246e+00
2.790000000000000379e-03 7.650502166618664002e-02 1.038640787386504671e+00
2.800000000000000405e-03 3.217577237988464983e-02 5.514205011440261872e-01
2.810000000000000431e-03 -1.316095984474239741e-02 5.778942166151490589e-02
2.820000000000000024e-03 -5.648272619271935135e-02 -4.314553256041319118e-01
2.830000000000000050e-03 -1.004761478329130042e-01 -9.193504321876666552e-01
2.840000000000000076e-03 -1.431262588886732523e-01 -1.404883667577505157e+00
2.850000000000000103e-03 -1.874555081749752494e-01 -1.882656469045199010e+00
2.860000000000000129e-03 -2.287623086463021205e-01 -2.356717758637084437e+00
2.870000000000000155e-03 -2.683899708870872702e-01 -2.764309244634947316e+00
2.880000000000000181e-03 -3.086892884200890808e-01 -2.764309244634947316e+00
2.890000000000000208e-03 -3.503319165375243238e-01 -2.764309244634947316e+00
2.900000000000000234e-03 -3.852579917327925152e-01 -2.764309244634947316e+00
2.910000000000000260e-03 -4.221990328047108831e-01 -2.764309244634947316e+00
2.920000000000000286e-03 -4.561176250616540973e-01 -2.764309244634947316e+00
2.930000000000000313e-03 -4.903720449647056001e-01 -2.764309244634947316e+00
2.940000000000000339e-03 -5.205965331144569719e-01 -2.764309244634947316e+00
2.950000000000000365e-03 -5.488060553875582226e-01 -2.764309244634947316e+00
2.960000000000000391e-03 -5.729856459073593422e-01 -2.764309244634947316e+00
2.970000000000000417e-03 -5.954860981966186850e-01 -2.764309244634947316e+00
2.980000000000000444e-03 -6.189940334242030051e-01 -2.764309244634947316e+00
2.990000000000000036e-03 -6.378003816062705056e-01 -2.764309244634947316e+00
3.000000000000000062e-03 -6.549275915577963403e-01 -2.764309244634947316e+00
3.010000000000000089e-03 -6.690323526943469101e-01 -2.764309244634947316e+00
3.020000000000000115e-03 -6.807863203081391257e-01 -2.764309244634947316e+00
3.030000000000000141e-03 -6.911969773374979642e-01 -2.764309244634947316e+00
3.040000000000000167e-03 -6.965702196752315833e-01 -2.764309244634947316e+00
3.050000000000000194e-03 -6.999284961363150259e-01 -2.764309244634947316e+00
3.060000000000000220e-03 -7.006001514285317144e-01 -2.764309244634947316e+00
3.070000000000000246e-03 -7.002643237824233147e-01 -2.764309244634947316e+00
3.080000000000000272e-03 -6.932119432141480297e-01 -2.764309244634947316e+00
3.090000000000000299e-03 -6.891820114608478987e-01 -2.764309244634947316e+00
3.100000000000000325e-03 -6.767563885548389946e-01 -2.764309244634947316e+00
3.110000000000000351e-03 -6.639949380027216908e-01 -2.764309244634947316e+00
3.120000000000000377e-03 -6.492185215739544324e-01 -2.764309244634947316e+00
3.130000000000000403e-03 -6.294046904535618436e-01 -2.764309244634947316e+00
3.140000000000000430e-03 -6.089192040409525664e-01 -2.764309244634947316e+00
3.150000000000000456e-03 -5.877620623361266006e-01 -2.764309244634947316e+00
3.160000000000000048e-03 -5.612316782935671267e-01 -2.764309244634947316e+00
3.170000000000000075e-03 -5.353729495432242302e-01 -2.764309244634947316e+00
3.180000000000000101e-03 -5.054842890395812027e-01 -2.764309244634947316e+00
3.190000000000000127e-03 -4.755956285359382862e-01 -2.764309244634947316e+00
3.200000000000000153e-03 -4.416770362789950721e-01 -2.764309244634947316e+00
3.210000000000000180e-03 -4.020493740382099501e-01 -2.764309244634947316e+00
3.220000000000000206e-03 -3.681307817812667915e-01 -2.764309244634947316e+00
3.230000000000000232e-03 -3.285031195404816695e-01 -2.764309244634947316e+00
3.240000000000000258e-03 -2.912262508224549573e-01 -2.764309244634947316e+00
3.250000000000000284e-03 -2.482403121205863372e-01 -2.764309244634947316e+00
3.260000000000000311e-03 -2.089484775259095595e-01 -2.475823548833479659e+00
3.270000000000000337e-03 -1.636117453012825018e-01 -2.008173052481626808e+00
3.280000000000000363e-03 -1.199541513071972210e-01 -1.531749891696045252e+00
3.290000000000000389e-03 -7.763986789754531714e-02 -1.048241117329375083e+00
3.300000000000000416e-03 -3.364644625735165734e-02 -5.610208310868962656e-01
3.310000000000000442e-03 9.339492444516952346e-03 -7.245090416230555441e-02
3.320000000000000468e-03 5.501205231525234385e-02 4.211801753202056853e-01
3.330000000000000061e-03 9.833381866322929432e-02 9.036767191752919093e-01
3.340000000000000087e-03 1.403122744267728816e-01 1.389209954565130190e+00
3.350000000000000113e-03 1.846415237130748788e-01 1.865633115350711968e+00
3.360000000000000139e-03 2.242691859538600008e-01 2.342731096477349340e+00
3.370000000000000166e-03 2.685984352401619701e-01 2.763481579125805609e+00
3.380000000000000192e-03 3.065469592504053153e-01 2.763481579125805609e+00
3.390000000000000218e-03 3.438238279684320275e-01 2.763481579125805609e+00
3.400000000000000244e-03 3.837873178553254938e-01 2.763481579125805609e+00
3.410000000000000270e-03 4.214000142194605503e-01 2.763481579125805609e+00
3.420000000000000297e-03 4.539752958919703318e-01 2.763481579125805609e+00
3.430000000000000323e-03 4.878938881489135460e-01 2.763481579125805609e+00
3.440000000000000349e-03 5.177825486525565735e-01 2.763481579125805609e+00
3.450000000000000375e-03 5.469995538639829125e-01 2.763481579125805609e+00
3.460000000000000402e-03 5.742015931987591859e-01 2.763481579125805609e+00
3.470000000000000428e-03 5.946870796113683522e-01 2.763481579125805609e+00
3.480000000000000454e-03 6.175233595467360947e-01 2.763481579125805609e+00
3.490000000000000480e-03 6.373371906671286835e-01 2.763481579125805609e+00
3.500000000000000073e-03 6.527852623881127414e-01 2.763481579125805609e+00
3.510000000000000099e-03 6.692408170474217766e-01 2.763481579125805609e+00
3.520000000000000125e-03 6.820022675995389694e-01 2.763481579125805609e+00
3.530000000000000152e-03 6.877113375833808773e-01 2.763481579125805609e+00
3.540000000000000178e-03 6.974503393205230273e-01 2.763481579125805609e+00
3.550000000000000204e-03 6.998011328432814926e-01 2.763481579125805609e+00
3.560000000000000230e-03 6.991294775510648041e-01 2.763481579125805609e+00
3.570000000000000256e-03 6.961070287360896502e-01 2.763481579125805609e+00
3.580000000000000283e-03 6.940920628594395847e-01 2.763481579125805609e+00
3.590000000000000309e-03 6.840172334761891459e-01 2.763481579125805609e+00
3.600000000000000335e-03 6.776365082001304385e-01 2.763481579125805609e+00
3.610000000000000361e-03 6.608451258947130036e-01 2.763481579125805609e+00
3.620000000000000388e-03 6.474120200503791223e-01 2.763481579125805609e+00
3.630000000000000414e-03 6.279340165760949333e-01 2.763481579125805609e+00
3.640000000000000440e-03 6.081201854557023445e-01 2.763481579125805609e+00
3.650000000000000466e-03 5.846122502281179134e-01 2.763481579125805609e+00
3.660000000000000493e-03 5.590893491238834168e-01 2.763481579125805609e+00
3.670000000000000085e-03 5.325589650813239428e-01 2.763481579125805609e+00
3.680000000000000111e-03 5.060285810387643579e-01 2.763481579125805609e+00
3.690000000000000138e-03 4.690875399668459900e-01 2.763481579125805609e+00
3.700000000000000164e-03 4.381913965248779297e-01 2.763481579125805609e+00
3.710000000000000190e-03 4.046086319140431153e-01 2.763481579125805609e+00
3.720000000000000216e-03 3.680034184882330917e-01 2.763481579125805609e+00
3.730000000000000242e-03 3.270324456630145926e-01 2.763481579125805609e+00
3.740000000000000269e-03 2.894197492988795917e-01 2.763481579125805609e+00
3.750000000000000295e-03 2.484487764736610926e-01 2.763481579125805609e+00
3.760000000000000321e-03 2.057986654179008168e-01 2.462174296844272803e+00
3.770000000000000347e-03 1.631485543621405687e-01 1.990812288616611747e+00
3.780000000000000374e-03 1.201626156602719486e-01 1.515063948172086228e+00
3.790000000000000400e-03 7.717667695840335629e-02 1.033242224658056152e+00
3.800000000000000426e-03 3.351908296431804074e-02 5.510830909734981686e-01
3.810000000000000452e-03 -1.215347690641735076e-02 6.082611319626719804e-02
3.820000000000000479e-03 -5.513941560828596045e-02 -4.260567628756833924e-01
3.830000000000000505e-03 -9.946866489458794369e-02 -9.146266898002741730e-01
3.840000000000000531e-03 -1.424546035964565638e-01 -1.404883667577505157e+00
3.850000000000000124e-03 -1.871196805288669052e-01 -1.879282367339918602e+00
3.860000000000000150e-03 -2.284264810001937762e-01 -2.355705528125500159e+00
3.870000000000000176e-03 -2.714124197020624241e-01 -2.764309244634947316e+00
3.880000000000000202e-03 -3.100325990045224578e-01 -2.764309244634947316e+00
3.890000000000000228e-03 -3.483169506608742028e-01 -2.764309244634947316e+00
3.900000000000000255e-03 -3.859296470250092592e-01 -2.764309244634947316e+00
3.910000000000000281e-03 -4.201840669280607621e-01 -2.764309244634947316e+00
3.920000000000000741e-03 -4.574609356460874743e-01 -2.764309244634947316e+00
3.930000000000000333e-03 -4.883570790880555346e-01 -2.764309244634947316e+00
3.939999999999999926e-03 -5.175740842994818181e-01 -2.764309244634947316e+00
3.950000000000000386e-03 -5.464552618647997573e-01 -2.764309244634947316e+00
3.959999999999999978e-03 -5.736573011995760307e-01 -2.764309244634947316e+00
3.970000000000000438e-03 -5.958219258427269738e-01 -2.764309244634947316e+00
3.980000000000000031e-03 -6.213448269469614704e-01 -2.764309244634947316e+00
3.990000000000000491e-03 -6.408228304212456594e-01 -2.764309244634947316e+00
4.000000000000000083e-03 -6.552634192039046290e-01 -2.764309244634947316e+00
4.010000000000000543e-03 -6.700398356326719984e-01 -2.764309244634947316e+00
4.020000000000000136e-03 -6.797788373698141484e-01 -2.764309244634947316e+00
4.030000000000000596e-03 -6.901894943991728759e-01 -2.764309244634947316e+00
4.040000000000000188e-03 -6.992568408440983374e-01 -2.764309244634947316e+00
4.050000000000000648e-03 -7.009359790746401142e-01 -2.764309244634947316e+00
4.060000000000000241e-03 -7.012718067207484030e-01 -2.764309244634947316e+00
4.070000000000000701e-03 -7.002643237824233147e-01 -2.764309244634947316e+00
4.080000000000000293e-03 -6.932119432141480297e-01 -2.764309244634947316e+00
4.090000000000000753e-03 -6.854879073536560563e-01 -2.764309244634947316e+00
4.100000000000000346e-03 -6.760847332626223061e-01 -2.764309244634947316e+00
4.109999999999999938e-03 -6.656740762332634676e-01 -2.764309244634947316e+00
4.120000000000000398e-03 -6.488826939278460326e-01 -2.764309244634947316e+00
4.129999999999999991e-03 -6.297405180996701324e-01 -2.764309244634947316e+00
4.140000000000000450e-03 -6.075758934565191893e-01 -2.764309244634947316e+00
4.150000000000000043e-03 -5.867545793978016233e-01 -2.764309244634947316e+00
4.160000000000000503e-03 -5.622391612318921039e-01 -2.764309244634947316e+00
4.170000000000000095e-03 -5.360446048354409188e-01 -2.764309244634947316e+00
4.180000000000000555e-03 -5.024618402246061599e-01 -2.764309244634947316e+00
4.190000000000000148e-03 -4.719015244287464439e-01 -2.764309244634947316e+00
4.200000000000000608e-03 -4.379829321718032298e-01 -2.764309244634947316e+00
4.210000000000000200e-03 -4.060793057915101367e-01 -2.764309244634947316e+00
4.220000000000000660e-03 -3.667874711968333590e-01 -2.764309244634947316e+00
4.230000000000000253e-03 -3.274956366021565812e-01 -2.764309244634947316e+00
4.240000000000000713e-03 -2.902187678841299245e-01 -2.764309244634947316e+00
4.250000000000000305e-03 -2.472328291822612767e-01 -2.764309244634947316e+00
4.260000000000000765e-03 -2.069335116492594662e-01 -2.478860240368232049e+00
4.270000000000000358e-03 -1.636117453012825018e-01 -2.008173052481626808e+00
4.279999999999999950e-03 -1.212974618916305980e-01 -1.533774352719213585e+00
4.290000000000000410e-03 -7.931900612808703843e-02 -1.053302269887295584e+00
4.300000000000000003e-03 -3.263896331902661069e-02 -5.643949327921766734e-01
4.310000000000000463e-03 7.324526567866860779e-03 -7.515018552652981410e-02
4.320000000000000055e-03 5.366874173081895294e-02 4.225298160023178706e-01
4.330000000000000515e-03 9.699050807879591729e-02 9.036767191752919093e-01
4.340000000000000108e-03 1.433347232417480077e-01 1.388872544394602171e+00
4.350000000000000568e-03 1.829623854825331297e-01 1.871031678079160487e+00
4.360000000000000160e-03 2.269558071227267826e-01 2.340369225283653432e+00
4.370000000000000620e-03 2.652401587790784721e-01 2.763481579125805609e+00
4.380000000000000213e-03 3.075544421887304036e-01 2.763481579125805609e+00
4.390000000000000673e-03 3.414730344456735622e-01 2.763481579125805609e+00
4.400000000000000265e-03 3.834514902092171496e-01 2.763481579125805609e+00
4.410000000000000725e-03 4.197208759889187735e-01 2.763481579125805609e+00
4.420000000000000318e-03 4.539752958919703318e-01 2.763481579125805609e+00
4.430000000000000777e-03 4.852072669800467364e-01 2.763481579125805609e+00
4.440000000000000370e-03 5.171108933603398849e-01 2.763481579125805609e+00
4.449999999999999963e-03 5.419621391723576931e-01 2.763481579125805609e+00
4.460000000000000422e-03 5.721866273221090093e-01 2.763481579125805609e+00
4.470000000000000015e-03 5.953587349035850407e-01 2.763481579125805609e+00
4.480000000000000475e-03 6.185308424850611830e-01 2.763481579125805609e+00
4.490000000000000067e-03 6.386805012515620605e-01 2.763481579125805609e+00
4.500000000000000527e-03 6.551360559108710957e-01 2.763481579125805609e+00
4.510000000000000120e-03 6.685691617552050880e-01 2.763481579125805609e+00
4.520000000000000580e-03 6.813306123073222809e-01 2.763481579125805609e+00
4.530000000000000172e-03 6.907337863983560311e-01 2.763481579125805609e+00
4.540000000000000632e-03 6.944278905055478734e-01 2.763481579125805609e+00
4.550000000000000225e-03 6.991294775510648041e-01 2.763481579125805609e+00
4.560000000000000685e-03 6.984578222588481156e-01 2.763481579125805609e+00
4.570000000000000277e-03 6.961070287360896502e-01 2.763481579125805609e+00
4.580000000000000737e-03 6.934204075672228962e-01 2.763481579125805609e+00
4.590000000000000330e-03 6.836814058300807462e-01 2.763481579125805609e+00
4.600000000000000790e-03 6.776365082001304385e-01 2.763481579125805609e+00
4.610000000000000382e-03 6.618526088330380919e-01 2.763481579125805609e+00
4.619999999999999975e-03 6.477478476964874110e-01 2.763481579125805609e+00
4.630000000000000435e-03 6.309564653910700871e-01 2.763481579125805609e+00
4.640000000000000027e-03 6.101351513323524101e-01 2.763481579125805609e+00
4.650000000000000487e-03 5.836047672897929361e-01 2.763481579125805609e+00
4.660000000000000080e-03 5.584176938316667282e-01 2.763481579125805609e+00
4.670000000000000540e-03 5.339022756657573199e-01 2.763481579125805609e+00
4.680000000000000132e-03 5.006553387010308498e-01 2.763481579125805609e+00
4.690000000000000592e-03 4.724458164279294881e-01 2.763481579125805609e+00
4.700000000000000185e-03 4.391988794632030180e-01 2.763481579125805609e+00
4.710000000000000644e-03 4.049444595601514596e-01 2.763481579125805609e+00
4.720000000000000237e-03 3.676675908421247474e-01 2.763481579125805609e+00
4.730000000000000697e-03 3.290474115396647137e-01 2.763481579125805609e+00
4.740000000000000289e-03 2.884122663605545034e-01 2.763481579125805609e+00
4.750000000000000749e-03 2.474412935353360321e-01 2.763481579125805609e+00
4.760000000000000342e-03 2.071419760023342216e-01 2.466223218890609470e+00
4.770000000000000802e-03 1.644918649465739457e-01 1.992161929298724043e+00
4.780000000000000394e-03 1.211700985985970092e-01 1.517763229536310599e+00
4.789999999999999987e-03 7.650502166618664002e-02 1.036616326363336560e+00
4.800000000000000447e-03 3.318325531820969648e-02 5.520953214850822244e-01
4.810000000000000039e-03 -1.047433867587560866e-02 6.082611319626719804e-02
4.820000000000000499e-03 -5.749020913104439801e-02 -4.317927357746599304e-01
4.830000000000000092e-03 -9.846118195626291092e-02 -9.146266898002741730e-01
4.840000000000000552e-03 -1.401038100736981262e-01 -1.395098772632192174e+00
4.850000000000000144e-03 -1.864480252366502167e-01 -1.876920496146222472e+00
4.860000000000000604e-03 -2.280906533540854320e-01 -2.347270273862299472e+00
4.870000000000000197e-03 -2.683899708870872702e-01 -2.764309244634947316e+00
4.880000000000000657e-03 -3.100325990045224578e-01 -2.764309244634947316e+00
4.890000000000000249e-03 -3.463019847842241372e-01 -2.764309244634947316e+00
4.900000000000000709e-03 -3.852579917327925152e-01 -2.764309244634947316e+00
4.910000000000000302e-03 -4.238781710352526044e-01 -2.764309244634947316e+00
4.920000000000000762e-03 -4.577967632921958185e-01 -2.764309244634947316e+00
4.930000000000000354e-03 -4.853346302730803807e-01 -2.764309244634947316e+00
4.940000000000000814e-03 -5.182457395916985066e-01 -2.764309244634947316e+00
4.950000000000000407e-03 -5.484702277414498228e-01 -2.764309244634947316e+00
4.959999999999999999e-03 -5.743289564917927192e-01 -2.764309244634947316e+00
4.970000000000000459e-03 -5.961577534888353735e-01 -2.764309244634947316e+00
4.980000000000000052e-03 -6.193298610703114049e-01 -2.764309244634947316e+00
4.990000000000000512e-03 -6.381362092523789054e-01 -2.764309244634947316e+00
5.000000000000000104e-03 -6.589575233110964714e-01 -2.764309244634947316e+00
5.010000000000000564e-03 -6.710473185709970867e-01 -2.764309244634947316e+00
5.020000000000000157e-03 -6.834729414770059908e-01 -2.764309244634947316e+00
5.030000000000000616e-03 -6.935477708602564295e-01 -2.764309244634947316e+00
5.040000000000000209e-03 -6.975777026135565606e-01 -2.764309244634947316e+00
5.050000000000000669e-03 -6.999284961363150259e-01 -2.764309244634947316e+00
5.060000000000000261e-03 -7.016076343668568027e-01 -2.764309244634947316e+00
5.070000000000000721e-03 -7.019434620129650915e-01 -2.764309244634947316e+00
5.080000000000000314e-03 -6.965702196752315833e-01 -2.764309244634947316e+00
5.090000000000000774e-03 -6.848162520614393678e-01 -2.764309244634947316e+00
5.100000000000000366e-03 -6.760847332626223061e-01 -2.764309244634947316e+00
5.110000000000000826e-03 -6.629874550643967135e-01 -2.764309244634947316e+00
