-5.120000000000000419e-03 -1.525294329797070025e-01 -1.840142787558666893e+00
-5.110000000000000826e-03 -1.253273936449307846e-01 -1.503070027201162562e+00
-5.100000000000000366e-03 -9.644621607961281762e-02 -1.166334677014186250e+00
-5.090000000000000774e-03 -6.353510676099466403e-02 -8.208266623934811212e-01
-5.080000000000000314e-03 -3.163148038070156404e-02 -4.746438274317200667e-01
-5.070000000000000721e-03 -7.353369387335024522e-04 -1.237372500825664745e-01
-5.060000000000000261e-03 3.284742767210134529e-02 2.234578153907787745e-01
-5.050000000000000669e-03 6.206443288352766346e-02 5.757140334220445244e-01
-5.040000000000000209e-03 9.497554220214582399e-02 9.205472277016935045e-01
-5.030000000000000616e-03 1.272149962285472891e-01 1.263355960958174151e+00
-5.020000000000000157e-03 1.547528632094318513e-01 1.596042389098814018e+00
-5.010000000000000564e-03 1.836340407747498182e-01 1.931090688433150238e+00
-5.000000000000000104e-03 2.148660118628262228e-01 2.252979991116892844e+00
-4.990000000000000512e-03 2.407247406131690637e-01 2.570482961583771431e+00
-4.980000000000000052e-03 2.689342628862703144e-01 2.763481579125805609e+00
-4.970000000000000459e-03 2.947929916366131553e-01 2.763481579125805609e+00
-4.959999999999999999e-03 3.193084098025225637e-01 2.763481579125805609e+00
-4.950000000000000407e-03 3.421446897378903063e-01 2.763481579125805609e+00
-4.940000000000000814e-03 3.656526249654746819e-01 2.763481579125805609e+00
-4.930000000000000354e-03 3.854664560858672151e-01 2.763481579125805609e+00
-4.920000000000000762e-03 4.036011489757180271e-01 2.763481579125805609e+00
-4.910000000000000302e-03 4.237508077422189601e-01 2.763481579125805609e+00
-4.900000000000000709e-03 4.381913965248779297e-01 2.763481579125805609e+00
-4.890000000000000249e-03 4.509528470769951780e-01 2.763481579125805609e+00
-4.880000000000000657e-03 4.643859529213291149e-01 2.763481579125805609e+00
-4.870000000000000197e-03 4.754682652429046419e-01 2.763481579125805609e+00
-4.860000000000000604e-03 4.858789222722634249e-01 2.763481579125805609e+00
-4.850000000000000144e-03 4.899088540255636115e-01 2.763481579125805609e+00
-4.840000000000000552e-03 4.956179240094055194e-01 2.763481579125805609e+00
-4.830000000000000092e-03 4.996478557627057060e-01 2.763481579125805609e+00
-4.820000000000000499e-03 5.009911663471391385e-01 2.763481579125805609e+00
-4.810000000000000039e-03 4.969612345938389519e-01 2.763481579125805609e+00
-4.800000000000000447e-03 4.959537516555138636e-01 2.763481579125805609e+00
-4.789999999999999987e-03 4.902446816716719558e-01 2.763481579125805609e+00
-4.780000000000000394e-03 4.852072669800467364e-01 2.763481579125805609e+00
-4.770000000000000802e-03 4.754682652429046419e-01 2.763481579125805609e+00
-4.760000000000000342e-03 4.653934358596541476e-01 2.763481579125805609e+00
-4.750000000000000749e-03 4.519603300153202108e-01 2.763481579125805609e+00
-4.740000000000000289e-03 4.398705347554197065e-01 2.763481579125805609e+00
-4.730000000000000697e-03 4.207283589272438062e-01 2.763481579125805609e+00
-4.720000000000000237e-03 4.049444595601514596e-01 2.763481579125805609e+00
-4.710000000000000644e-03 3.847948007936505266e-01 2.763481579125805609e+00
-4.700000000000000185e-03 3.656526249654746819e-01 2.763481579125805609e+00
-4.690000000000000592e-03 3.411372067995652180e-01 2.763481579125805609e+00
-4.680000000000000132e-03 3.176292715719808424e-01 2.763481579125805609e+00
-4.670000000000000540e-03 2.941213363443964668e-01 2.763481579125805609e+00
-4.660000000000000080e-03 2.662476417174035048e-01 2.763481579125805609e+00
-4.650000000000000487e-03 2.410605682592774079e-01 2.763481579125805609e+00
-4.640000000000000027e-03 2.128510459861761295e-01 2.473983652812754119e+00
-4.630000000000000435e-03 1.822907301903164412e-01 2.155805862004819495e+00
-4.619999999999999975e-03 1.530737249788901022e-01 1.827505766081044314e+00
-4.610000000000000382e-03 1.228492368291387304e-01 1.492120056576180076e+00
-4.600000000000000790e-03 9.228892103327901442e-02 1.158083987753428135e+00
-4.590000000000000330e-03 5.870615642244417925e-02 8.088644612569148018e-01
-4.580000000000000737e-03 2.881749591880116562e-02 4.657183178299059145e-01
-4.570000000000000277e-03 -2.750302815383593585e-03 1.121124591165281043e-01
-4.560000000000000685e-03 -3.398227390346000160e-02 -2.340703758452330197e-01
-4.550000000000000225e-03 -6.420676205321135255e-02 -5.809280311480502501e-01
-4.540000000000000632e-03 -9.611038843350447336e-02 -9.291353271329795271e-01
-4.530000000000000172e-03 -1.273423595215808779e-01 -1.271944060389460507e+00
-4.520000000000000580e-03 -1.575668476713322497e-01 -1.612728332622773042e+00
-4.510000000000000120e-03 -1.867838528827585609e-01 -1.940016198034964390e+00
-4.500000000000000527e-03 -2.146575475097514951e-01 -2.264604782082931589e+00
-4.490000000000000067e-03 -2.401804486139859640e-01 -2.580758111867697657e+00
-4.480000000000000475e-03 -2.697332814715206473e-01 -2.764309244634947316e+00
-4.470000000000000015e-03 -2.949203549296467997e-01 -2.764309244634947316e+00
-4.460000000000000422e-03 -3.234657048488563946e-01 -2.764309244634947316e+00
-4.449999999999999963e-03 -3.432795359692489834e-01 -2.764309244634947316e+00
-4.440000000000000370e-03 -3.647725053201832934e-01 -2.764309244634947316e+00
-4.430000000000000777e-03 -3.882804405477676690e-01 -2.764309244634947316e+00
-4.420000000000000318e-03 -4.037285122687517269e-01 -2.764309244634947316e+00
-4.410000000000000725e-03 -4.252214816196860370e-01 -2.764309244634947316e+00
-4.400000000000000265e-03 -4.396620704023450066e-01 -2.764309244634947316e+00
-4.390000000000000673e-03 -4.537668315388956319e-01 -2.764309244634947316e+00
-4.380000000000000213e-03 -4.682074203215546015e-01 -2.764309244634947316e+00
-4.370000000000000620e-03 -4.776105944125883518e-01 -2.764309244634947316e+00
-4.360000000000000160e-03 -4.883570790880555346e-01 -2.764309244634947316e+00
-4.350000000000000568e-03 -4.930586661335724097e-01 -2.764309244634947316e+00
-4.340000000000000108e-03 -4.987677361174143176e-01 -2.764309244634947316e+00
-4.330000000000000515e-03 -4.997752190557393503e-01 -2.764309244634947316e+00
-4.320000000000000055e-03 -5.031334955168228484e-01 -2.764309244634947316e+00
-4.310000000000000463e-03 -5.011185296401726719e-01 -2.764309244634947316e+00
-4.300000000000000003e-03 -4.987677361174143176e-01 -2.764309244634947316e+00
-4.290000000000000410e-03 -4.937303214257890982e-01 -2.764309244634947316e+00
-4.279999999999999950e-03 -4.873495961497305018e-01 -2.764309244634947316e+00
-4.270000000000000358e-03 -4.759314561820466305e-01 -2.764309244634947316e+00
-4.260000000000000765e-03 -4.682074203215546015e-01 -2.764309244634947316e+00
-4.250000000000000305e-03 -4.504085550778121338e-01 -2.764309244634947316e+00
-4.240000000000000713e-03 -4.383187598179115740e-01 -2.764309244634947316e+00
-4.230000000000000253e-03 -4.235423433891442602e-01 -2.764309244634947316e+00
-4.220000000000000660e-03 -4.064151334376184810e-01 -2.764309244634947316e+00
-4.210000000000000200e-03 -3.872729576094426363e-01 -2.764309244634947316e+00
-4.200000000000000608e-03 -3.671232988429417032e-01 -2.764309244634947316e+00
-4.190000000000000148e-03 -3.436153636153573276e-01 -2.764309244634947316e+00
-4.180000000000000555e-03 -3.211149113260979848e-01 -2.764309244634947316e+00
-4.170000000000000095e-03 -2.965994931601885209e-01 -2.764309244634947316e+00
-4.160000000000000503e-03 -2.673824879487622375e-01 -2.764309244634947316e+00
-4.150000000000000043e-03 -2.432028974289610901e-01 -2.764309244634947316e+00
-4.140000000000000450e-03 -2.133142369253180903e-01 -2.483583982755624309e+00
-4.129999999999999991e-03 -1.867838528827585609e-01 -2.166081012288746166e+00
-4.120000000000000398e-03 -1.565593647330071891e-01 -1.838793146876554818e+00
-4.109999999999999938e-03 -1.256632212910391289e-01 -1.503744847542218599e+00
-4.100000000000000346e-03 -9.476707784907106857e-02 -1.165997266843658231e+00
-4.090000000000000753e-03 -6.319927911488631977e-02 -8.231885335871773623e-01
-4.080000000000000293e-03 -2.961651450405147074e-02 -4.749812376022480853e-01
-4.070000000000000701e-03 -3.086130461491942180e-03 -1.287984026404869475e-01
-4.060000000000000241e-03 3.049663414934290773e-02 2.224455848791946633e-01
-4.050000000000000648e-03 6.139277759131096801e-02 5.730147520578202647e-01
-4.040000000000000188e-03 9.396805926382076346e-02 9.235839192364457828e-01
-4.030000000000000596e-03 1.245283750596804795e-01 1.260656679593950003e+00
-4.020000000000000136e-03 1.547528632094318513e-01 1.600766131486206501e+00
-4.010000000000000543e-03 1.869923172358333163e-01 1.932102918944734293e+00
-4.000000000000000083e-03 2.152018395089345948e-01 2.254667041969533159e+00
-3.990000000000000491e-03 2.444188447203609060e-01 2.572170012436411302e+00
-3.980000000000000031e-03 2.685984352401619701e-01 2.763481579125805609e+00
-3.970000000000000438e-03 2.921063704677463457e-01 2.763481579125805609e+00
-3.959999999999999978e-03 3.186367545103058752e-01 2.763481579125805609e+00
-3.950000000000000386e-03 3.421446897378903063e-01 2.763481579125805609e+00
-3.939999999999999926e-03 3.653167973193663376e-01 2.763481579125805609e+00
-3.930000000000000333e-03 3.841231455014338381e-01 2.763481579125805609e+00
-3.920000000000000741e-03 4.059519424984764924e-01 2.763481579125805609e+00
-3.910000000000000281e-03 4.207283589272438062e-01 2.763481579125805609e+00
-3.900000000000000255e-03 4.405421900476363950e-01 2.763481579125805609e+00
-3.890000000000000228e-03 4.543111235380786761e-01 2.763481579125805609e+00
-3.880000000000000202e-03 4.664009187979792359e-01 2.763481579125805609e+00
-3.870000000000000176e-03 4.761399205351213304e-01 2.763481579125805609e+00
-3.860000000000000150e-03 4.841997840417217036e-01 2.763481579125805609e+00
-3.850000000000000124e-03 4.905805093177803000e-01 2.763481579125805609e+00
-3.840000000000000531e-03 4.966254069477306077e-01 2.763481579125805609e+00
-3.830000000000000505e-03 5.006553387010308498e-01 2.763481579125805609e+00
-3.820000000000000479e-03 4.999836834088140503e-01 2.763481579125805609e+00
-3.810000000000000452e-03 4.979687175321639847e-01 2.763481579125805609e+00
-3.800000000000000426e-03 4.962895793016222634e-01 2.763481579125805609e+00
-3.790000000000000400e-03 4.929313028405387653e-01 2.763481579125805609e+00
-3.780000000000000374e-03 4.872222328566968019e-01 2.763481579125805609e+00
-3.770000000000000347e-03 4.764757481812296747e-01 2.763481579125805609e+00
-3.760000000000000321e-03 4.627068146907873936e-01 2.763481579125805609e+00
-3.750000000000000295e-03 4.546469511841870204e-01 2.763481579125805609e+00
-3.740000000000000269e-03 4.375197412326612412e-01 2.763481579125805609e+00
-3.730000000000000242e-03 4.224074971577855830e-01 2.763481579125805609e+00
-3.720000000000000216e-03 4.049444595601514596e-01 2.763481579125805609e+00
-3.710000000000000190e-03 3.837873178553254938e-01 2.763481579125805609e+00
-3.700000000000000164e-03 3.609510379199578067e-01 2.763481579125805609e+00
-3.690000000000000138e-03 3.424805173839986505e-01 2.763481579125805609e+00
-3.680000000000000111e-03 3.193084098025225637e-01 2.763481579125805609e+00
-3.670000000000000085e-03 2.941213363443964668e-01 2.763481579125805609e+00
-3.660000000000000493e-03 2.669192970096201933e-01 2.763481579125805609e+00
-3.650000000000000466e-03 2.383739470904106261e-01 2.763481579125805609e+00
-3.640000000000000440e-03 2.091569418789843149e-01 2.469934730766417896e+00
-3.630000000000000414e-03 1.829623854825331297e-01 2.154456221322707421e+00
-3.620000000000000388e-03 1.537453802711068185e-01 1.824469074546291925e+00
-3.610000000000000361e-03 1.231850644752471025e-01 1.493132287087764132e+00
-3.600000000000000335e-03 9.195309338717067016e-02 1.154035065707091690e+00
-3.590000000000000309e-03 6.240026052963601466e-02 8.092018714274428204e-01
-3.580000000000000283e-03 3.083246179545125545e-02 4.636938568067378030e-01
-3.570000000000000256e-03 -4.429441045925335690e-03 1.161613811628644938e-01
-3.560000000000000230e-03 -3.331061861124330614e-02 -2.320459148220648249e-01
-3.550000000000000204e-03 -6.454258969931972456e-02 -5.812654413185782687e-01
-3.540000000000000178e-03 -9.577456078739612910e-02 -9.233993542340029892e-01
-3.530000000000000152e-03 -1.266707042293641894e-01 -1.267220318002068025e+00
-3.520000000000000125e-03 -1.579026753174405939e-01 -1.606992359723796504e+00
-3.510000000000000099e-03 -1.884629911133003100e-01 -1.940353608205492408e+00
-3.500000000000000073e-03 -2.123067539869930298e-01 -2.265954422765043663e+00
-3.490000000000000480e-03 -2.448820356595028391e-01 -2.585144444084562121e+00
-3.480000000000000454e-03 -2.687257985331956145e-01 -2.764309244634947316e+00
-3.470000000000000428e-03 -2.955920102218634882e-01 -2.764309244634947316e+00
-3.460000000000000402e-03 -3.214507389722063291e-01 -2.764309244634947316e+00
-3.450000000000000375e-03 -3.442870189075740162e-01 -2.764309244634947316e+00
-3.440000000000000349e-03 -3.651083329662916377e-01 -2.764309244634947316e+00
-3.430000000000000323e-03 -3.892879234860927018e-01 -2.764309244634947316e+00
-3.420000000000000297e-03 -4.060793057915101367e-01 -2.764309244634947316e+00
-3.410000000000000270e-03 -4.221990328047108831e-01 -2.764309244634947316e+00
-3.400000000000000244e-03 -4.420128639251034164e-01 -2.764309244634947316e+00
-3.390000000000000218e-03 -4.541026591850039762e-01 -2.764309244634947316e+00
-3.380000000000000192e-03 -4.665282820910128803e-01 -2.764309244634947316e+00
-3.370000000000000166e-03 -4.782822497048050958e-01 -2.764309244634947316e+00
-3.360000000000000139e-03 -4.856704579191887250e-01 -2.764309244634947316e+00
-3.350000000000000113e-03 -4.900362173185972559e-01 -2.764309244634947316e+00
-3.340000000000000087e-03 -4.984319084713059733e-01 -2.764309244634947316e+00
-3.330000000000000061e-03 -5.021260125784977602e-01 -2.764309244634947316e+00
-3.320000000000000468e-03 -5.011185296401726719e-01 -2.764309244634947316e+00
-3.310000000000000442e-03 -4.974244255329809405e-01 -2.764309244634947316e+00
-3.300000000000000416e-03 -5.004468743479559834e-01 -2.764309244634947316e+00
-3.290000000000000389e-03 -4.907078726108139444e-01 -2.764309244634947316e+00
-3.280000000000000363e-03 -4.843271473347553480e-01 -2.764309244634947316e+00
-3.270000000000000337e-03 -4.752598008898299420e-01 -2.764309244634947316e+00
-3.260000000000000311e-03 -4.651849715065795032e-01 -2.764309244634947316e+00
-3.250000000000000284e-03 -4.530951762466789434e-01 -2.764309244634947316e+00
-3.240000000000000258e-03 -4.386545874640199738e-01 -2.764309244634947316e+00
-3.230000000000000232e-03 -4.225348604508192274e-01 -2.764309244634947316e+00
-3.220000000000000206e-03 -4.057434781454017925e-01 -2.764309244634947316e+00
-3.210000000000000180e-03 -3.876087852555509805e-01 -2.764309244634947316e+00
-3.200000000000000153e-03 -3.641008500279666049e-01 -2.764309244634947316e+00
-3.190000000000000127e-03 -3.432795359692489834e-01 -2.764309244634947316e+00
-3.180000000000000101e-03 -3.174208072189061425e-01 -2.764309244634947316e+00
-3.170000000000000075e-03 -2.932412166991050784e-01 -2.764309244634947316e+00
-3.160000000000000048e-03 -2.657033497182204607e-01 -2.764309244634947316e+00
-3.150000000000000456e-03 -2.405162762600943083e-01 -2.764309244634947316e+00
-3.140000000000000430e-03 -2.129784092792097461e-01 -2.483246572585096512e+00
-3.130000000000000403e-03 -1.830897487755667186e-01 -2.165743602118217925e+00
-3.120000000000000377e-03 -1.558877094407905006e-01 -1.838118326535498559e+00
-3.110000000000000351e-03 -1.253273936449307846e-01 -1.502057796689578506e+00
-3.100000000000000325e-03 -9.711787137182950613e-02 -1.168696548207882602e+00
-3.090000000000000299e-03 -6.219179617656127312e-02 -8.221763030755933066e-01
-3.080000000000000272e-03 -3.196730802680990829e-02 -4.736315969201360110e-01
-3.070000000000000246e-03 1.279628937916588247e-03 -1.247494805941505719e-01
-3.060000000000000220e-03 2.848166827269281443e-02 2.271693272665871177e-01
-3.050000000000000194e-03 6.038529465298592136e-02 5.740269825694043204e-01
-3.040000000000000167e-03 9.363223161771241920e-02 9.198724073606374674e-01
-3.030000000000000141e-03 1.252000303518971680e-01 1.260994089764478021e+00
-3.020000000000000115e-03 1.537453802711068185e-01 1.598741670463038389e+00
-3.010000000000000089e-03 1.822907301903164412e-01 1.930753278262621997e+00
-3.000000000000000062e-03 2.135227012783928457e-01 2.254329631799004918e+00
-2.990000000000000036e-03 2.424038788437108127e-01 2.566096629366906967e+00
-2.980000000000000444e-03 2.672551246557285931e-01 2.763481579125805609e+00
-2.970000000000000417e-03 2.934496810521797228e-01 2.763481579125805609e+00
-2.960000000000000391e-03 3.189725821564142194e-01 2.763481579125805609e+00
-2.950000000000000365e-03 3.448313109067570603e-01 2.763481579125805609e+00
-2.940000000000000339e-03 3.653167973193663376e-01 2.763481579125805609e+00
-2.930000000000000313e-03 3.841231455014338381e-01 2.763481579125805609e+00
-2.920000000000000286e-03 4.049444595601514596e-01 2.763481579125805609e+00
-2.910000000000000260e-03 4.227433248038939273e-01 2.763481579125805609e+00
-2.900000000000000234e-03 4.371839135865528969e-01 2.763481579125805609e+00
-2.890000000000000208e-03 4.519603300153202108e-01 2.763481579125805609e+00
-2.880000000000000181e-03 4.627068146907873936e-01 2.763481579125805609e+00
-2.870000000000000155e-03 4.754682652429046419e-01 2.763481579125805609e+00
-2.860000000000000129e-03 4.845356116878300479e-01 2.763481579125805609e+00
-2.850000000000000103e-03 4.919238199022137326e-01 2.763481579125805609e+00
-2.840000000000000076e-03 4.936029581327554538e-01 2.763481579125805609e+00
-2.830000000000000050e-03 4.962895793016222634e-01 2.763481579125805609e+00
-2.820000000000000024e-03 5.003195110549224500e-01 2.763481579125805609e+00
-2.810000000000000431e-03 4.993120281165973617e-01 2.763481579125805609e+00
-2.800000000000000405e-03 4.983045451782723290e-01 2.763481579125805609e+00
-2.790000000000000379e-03 4.889013710872385787e-01 2.763481579125805609e+00
-2.780000000000000353e-03 4.838639563956133594e-01 2.763481579125805609e+00
-2.770000000000000327e-03 4.764757481812296747e-01 2.763481579125805609e+00
-2.760000000000000300e-03 4.640501252752207706e-01 2.763481579125805609e+00
-2.750000000000000274e-03 4.509528470769951780e-01 2.763481579125805609e+00
-2.740000000000000248e-03 4.368480859404445527e-01 2.763481579125805609e+00
-2.730000000000000222e-03 4.224074971577855830e-01 2.763481579125805609e+00
-2.720000000000000195e-03 4.042728042679347711e-01 2.763481579125805609e+00
-2.710000000000000169e-03 3.847948007936505266e-01 2.763481579125805609e+00
-2.700000000000000143e-03 3.622943485043911838e-01 2.763481579125805609e+00
-2.690000000000000117e-03 3.438238279684320275e-01 2.763481579125805609e+00
-2.680000000000000090e-03 3.186367545103058752e-01 2.763481579125805609e+00
-2.670000000000000064e-03 2.927780257599630342e-01 2.763481579125805609e+00
-2.660000000000000038e-03 2.689342628862703144e-01 2.763481579125805609e+00
-2.650000000000000012e-03 2.397172576748440309e-01 2.763481579125805609e+00
-2.640000000000000419e-03 2.138585289245011900e-01 2.472971422301169842e+00
-2.630000000000000393e-03 1.802757643136663479e-01 2.156143272175347736e+00
-2.620000000000000367e-03 1.524020696866734137e-01 1.830205047445268463e+00
-2.610000000000000341e-03 1.235208921213554467e-01 1.500892721009909003e+00
-2.600000000000000314e-03 9.329640397160407495e-02 1.158758808094484172e+00
-2.590000000000000288e-03 5.837032877633582806e-02 8.183119460316997662e-01
-2.580000000000000262e-03 3.150411708766795438e-02 4.734787517520506750e-01
-2.570000000000000236e-03 -1.742819877058547802e-03 1.195354828681448184e-01
-2.560000000000000209e-03 -3.129565273459321284e-02 -2.290092232873125466e-01
-2.550000000000000183e-03 -6.622172792986144585e-02 -5.856517735354426213e-01
-2.540000000000000157e-03 -9.375959491074603580e-02 -9.301475576445635829e-01
-2.530000000000000131e-03 -1.233124277682806913e-01 -1.270594419707348433e+00
-2.520000000000000104e-03 -1.572310200252238777e-01 -1.608004590235380560e+00
-2.510000000000000078e-03 -1.864480252366502167e-01 -1.936979506500212223e+00
-2.500000000000000052e-03 -2.123067539869930298e-01 -2.263592551571347311e+00
-2.490000000000000026e-03 -2.442103803672861506e-01 -2.581770342379281935e+00
-2.480000000000000000e-03 -2.697332814715206473e-01 -2.764309244634947316e+00
-2.470000000000000407e-03 -2.945845272835384554e-01 -2.764309244634947316e+00
-2.460000000000000381e-03 -3.201074283877729520e-01 -2.764309244634947316e+00
-2.450000000000000355e-03 -3.452945018458990489e-01 -2.764309244634947316e+00
-2.440000000000000328e-03 -3.674591264890500475e-01 -2.764309244634947316e+00
-2.430000000000000302e-03 -3.899595787783094458e-01 -2.764309244634947316e+00
-2.420000000000000276e-03 -4.067509610837268252e-01 -2.764309244634947316e+00
-2.410000000000000250e-03 -4.235423433891442602e-01 -2.764309244634947316e+00
-2.400000000000000223e-03 -4.389904151101283181e-01 -2.764309244634947316e+00
-2.390000000000000197e-03 -4.547743144772206647e-01 -2.764309244634947316e+00
-2.380000000000000171e-03 -4.645133162143627592e-01 -2.764309244634947316e+00
-2.370000000000000145e-03 -4.779464220586966960e-01 -2.764309244634947316e+00
-2.360000000000000119e-03 -4.843271473347553480e-01 -2.764309244634947316e+00
-2.350000000000000092e-03 -4.927228384874640654e-01 -2.764309244634947316e+00
-2.340000000000000066e-03 -4.984319084713059733e-01 -2.764309244634947316e+00
-2.330000000000000040e-03 -4.991035637635226618e-01 -2.764309244634947316e+00
-2.320000000000000014e-03 -5.017901849323893604e-01 -2.764309244634947316e+00
-2.309999999999999987e-03 -5.007827019940643831e-01 -2.764309244634947316e+00
-2.300000000000000395e-03 -4.967527702407642520e-01 -2.764309244634947316e+00
-2.290000000000000369e-03 -4.940661490718974425e-01 -2.764309244634947316e+00
-2.280000000000000342e-03 -4.856704579191887250e-01 -2.764309244634947316e+00
-2.270000000000000316e-03 -4.776105944125883518e-01 -2.764309244634947316e+00
-2.260000000000000290e-03 -4.651849715065795032e-01 -2.764309244634947316e+00
-2.250000000000000264e-03 -4.547743144772206647e-01 -2.764309244634947316e+00
-2.240000000000000237e-03 -4.389904151101283181e-01 -2.764309244634947316e+00
-2.230000000000000211e-03 -4.215273775124941946e-01 -2.764309244634947316e+00
-2.220000000000000185e-03 -4.050718228531851040e-01 -2.764309244634947316e+00
-2.210000000000000159e-03 -3.872729576094426363e-01 -2.764309244634947316e+00
-2.200000000000000133e-03 -3.654441606123999819e-01 -2.764309244634947316e+00
-2.190000000000000106e-03 -3.412645700925988623e-01 -2.764309244634947316e+00
-2.180000000000000080e-03 -3.187641178033395195e-01 -2.764309244634947316e+00
-2.170000000000000054e-03 -2.955920102218634882e-01 -2.764309244634947316e+00
-2.160000000000000028e-03 -2.683899708870872702e-01 -2.764309244634947316e+00
-2.150000000000000001e-03 -2.401804486139859640e-01 -2.764309244634947316e+00
-2.139999999999999975e-03 -2.139858922175347788e-01 -2.485608443778792420e+00
-2.130000000000000383e-03 -1.830897487755667186e-01 -2.169792524164554592e+00
-2.120000000000000356e-03 -1.555518817946821564e-01 -1.843179479093419060e+00
-2.110000000000000330e-03 -1.236482554143890356e-01 -1.511167871293835452e+00
-2.100000000000000304e-03 -9.409542255685438006e-02 -1.171733239742634769e+00
-2.090000000000000278e-03 -6.219179617656127312e-02 -8.279122759745698445e-01
-2.080000000000000251e-03 -3.431810154956835279e-02 -4.763308782843602707e-01
-2.070000000000000225e-03 -3.995092926251540746e-04 -1.277861721289028640e-01
-2.060000000000000199e-03 3.217577237988464983e-02 2.281815577781712290e-01
-2.050000000000000173e-03 6.441522640628610796e-02 5.726773418872922461e-01
-2.040000000000000147e-03 9.564719749436251250e-02 9.154860751437730038e-01
-2.030000000000000120e-03 1.252000303518971680e-01 1.258632218570781669e+00
-2.020000000000000094e-03 1.534095526249984465e-01 1.599416490804094426e+00
-2.010000000000000068e-03 1.829623854825331297e-01 1.927716586727869830e+00
-2.000000000000000042e-03 2.131868736322845015e-01 2.251967760605309010e+00
-1.990000000000000015e-03 2.417322235514941242e-01 2.570820371754299227e+00
-1.979999999999999989e-03 2.682626075940536259e-01 2.763481579125805609e+00
-1.969999999999999963e-03 2.947929916366131553e-01 2.763481579125805609e+00
-1.960000000000000370e-03 3.199800650947393077e-01 2.763481579125805609e+00
-1.950000000000000127e-03 3.434880003223236833e-01 2.763481579125805609e+00
-1.940000000000000101e-03 3.643093143810413048e-01 2.763481579125805609e+00
-1.930000000000000075e-03 3.858022837319755594e-01 2.763481579125805609e+00
-1.920000000000000265e-03 4.062877701445848366e-01 2.763481579125805609e+00
-1.910000000000000239e-03 4.234149800961106158e-01 2.763481579125805609e+00
-1.900000000000000213e-03 4.391988794632030180e-01 2.763481579125805609e+00
-1.890000000000000187e-03 4.533036405997536433e-01 2.763481579125805609e+00
-1.880000000000000161e-03 4.647217805674374591e-01 2.763481579125805609e+00
-1.870000000000000134e-03 4.751324375967962976e-01 2.763481579125805609e+00
-1.860000000000000108e-03 4.828564734572882711e-01 2.763481579125805609e+00
-1.850000000000000082e-03 4.925954751944304211e-01 2.763481579125805609e+00
-1.840000000000000056e-03 4.946104410710804866e-01 2.763481579125805609e+00
-1.830000000000000246e-03 4.983045451782723290e-01 2.763481579125805609e+00
-1.820000000000000220e-03 5.006553387010308498e-01 2.763481579125805609e+00
-1.810000000000000194e-03 5.006553387010308498e-01 2.763481579125805609e+00
-1.800000000000000168e-03 4.946104410710804866e-01 2.763481579125805609e+00
-1.790000000000000141e-03 4.885655434411302345e-01 2.763481579125805609e+00
-1.780000000000000115e-03 4.848714393339383921e-01 2.763481579125805609e+00
-1.770000000000000089e-03 4.747966099506879534e-01 2.763481579125805609e+00
-1.760000000000000063e-03 4.633784699830040821e-01 2.763481579125805609e+00
-1.750000000000000036e-03 4.543111235380786761e-01 2.763481579125805609e+00
-1.740000000000000227e-03 4.378555688787695854e-01 2.763481579125805609e+00
-1.730000000000000201e-03 4.244224630344356486e-01 2.763481579125805609e+00
-1.720000000000000175e-03 4.052802872062598039e-01 2.763481579125805609e+00
-1.710000000000000148e-03 3.847948007936505266e-01 2.763481579125805609e+00
-1.700000000000000122e-03 3.639734867349329051e-01 2.763481579125805609e+00
-1.690000000000000096e-03 3.384505856306984639e-01 2.763481579125805609e+00
-1.680000000000000070e-03 3.176292715719808424e-01 2.763481579125805609e+00
-1.670000000000000043e-03 2.947929916366131553e-01 2.763481579125805609e+00
-1.660000000000000234e-03 2.662476417174035048e-01 2.763481579125805609e+00
-1.650000000000000208e-03 2.420680511976024685e-01 2.763481579125805609e+00
-1.640000000000000182e-03 2.108360801095260639e-01 2.469597320595889656e+00
-1.630000000000000155e-03 1.819549025442080692e-01 2.154456221322707421e+00
-1.620000000000000129e-03 1.537453802711068185e-01 1.828517996592628370e+00
-1.610000000000000103e-03 1.228492368291387304e-01 1.493807107428820391e+00
-1.600000000000000077e-03 9.060978280273729313e-02 1.154709886048147727e+00
-1.590000000000000050e-03 6.139277759131096801e-02 8.135882036443072840e-01
-1.580000000000000024e-03 2.915332356490951335e-02 4.643686771477938402e-01
-1.570000000000000215e-03 -7.353369387335024522e-04 1.168362015039205587e-01
-1.560000000000000189e-03 -3.331061861124330614e-02 -2.306962741399526950e-01
-1.550000000000000162e-03 -6.454258969931972456e-02 -5.836273125122745098e-01
-1.540000000000000136e-03 -9.543873314128778484e-02 -9.314971983266757682e-01
-1.530000000000000110e-03 -1.246557383527140961e-01 -1.273631111242100600e+00
-1.520000000000000084e-03 -1.585743306096572824e-01 -1.609691641088020875e+00
-1.510000000000000057e-03 -1.867838528827585609e-01 -1.940016198034964390e+00
-1.500000000000000031e-03 -2.149933751558598394e-01 -2.264942192253459385e+00
-1.490000000000000222e-03 -2.425312421367444016e-01 -2.579071061015057786e+00
-1.480000000000000196e-03 -2.690616261793039588e-01 -2.764309244634947316e+00
-1.470000000000000169e-03 -2.959278378679718324e-01 -2.764309244634947316e+00
-1.460000000000000143e-03 -3.194357730955562635e-01 -2.764309244634947316e+00
-1.450000000000000117e-03 -3.436153636153573276e-01 -2.764309244634947316e+00
-1.440000000000000091e-03 -3.684666094273751358e-01 -2.764309244634947316e+00
-1.430000000000000064e-03 -3.896237511322010461e-01 -2.764309244634947316e+00
-1.420000000000000038e-03 -4.054076504992934482e-01 -2.764309244634947316e+00
-1.410000000000000012e-03 -4.235423433891442602e-01 -2.764309244634947316e+00
-1.400000000000000203e-03 -4.406695533406700394e-01 -2.764309244634947316e+00
-1.390000000000000176e-03 -4.537668315388956319e-01 -2.764309244634947316e+00
-1.380000000000000150e-03 -4.688790756137712901e-01 -2.764309244634947316e+00
-1.370000000000000124e-03 -4.769389391203716633e-01 -2.764309244634947316e+00
-1.360000000000000098e-03 -4.846629749808636922e-01 -2.764309244634947316e+00
-1.350000000000000071e-03 -4.920511831952473769e-01 -2.764309244634947316e+00
-1.340000000000000045e-03 -4.960811149485475635e-01 -2.764309244634947316e+00
-1.330000000000000019e-03 -5.007827019940643831e-01 -2.764309244634947316e+00
-1.320000000000000210e-03 -4.980960808251976291e-01 -2.764309244634947316e+00
-1.310000000000000183e-03 -5.011185296401726719e-01 -2.764309244634947316e+00
-1.300000000000000157e-03 -4.987677361174143176e-01 -2.764309244634947316e+00
-1.290000000000000131e-03 -4.937303214257890982e-01 -2.764309244634947316e+00
-1.280000000000000105e-03 -4.846629749808636922e-01 -2.764309244634947316e+00
-1.270000000000000078e-03 -4.755956285359382862e-01 -2.764309244634947316e+00
-1.260000000000000052e-03 -4.682074203215546015e-01 -2.764309244634947316e+00
-1.250000000000000026e-03 -4.527593486005705992e-01 -2.764309244634947316e+00
-1.240000000000000000e-03 -4.376471045256948855e-01 -2.764309244634947316e+00
-1.230000000000000190e-03 -4.228706880969275717e-01 -2.764309244634947316e+00
-1.220000000000000164e-03 -4.077584440220519135e-01 -2.764309244634947316e+00
-1.210000000000000138e-03 -3.876087852555509805e-01 -2.764309244634947316e+00
-1.200000000000000112e-03 -3.657799882585083262e-01 -2.764309244634947316e+00
-1.190000000000000085e-03 -3.436153636153573276e-01 -2.764309244634947316e+00
-1.180000000000000059e-03 -3.187641178033395195e-01 -2.764309244634947316e+00
-1.170000000000000033e-03 -2.945845272835384554e-01 -2.764309244634947316e+00
-1.160000000000000007e-03 -2.680541432409789260e-01 -2.764309244634947316e+00
-1.150000000000000197e-03 -2.421954144906360573e-01 -2.764309244634947316e+00
-1.140000000000000171e-03 -2.146575475097514951e-01 -2.486283264119848901e+00
-1.130000000000000145e-03 -1.847688870061084676e-01 -2.167768063141386037e+00
-1.120000000000000119e-03 -1.555518817946821564e-01 -1.843516889263947078e+00
-1.110000000000000092e-03 -1.236482554143890356e-01 -1.506106718735914951e+00
-1.100000000000000066e-03 -9.409542255685438006e-02 -1.166334677014186250e+00
-1.090000000000000040e-03 -6.521424499153641308e-02 -8.225137132461213252e-01
-1.080000000000000014e-03 -3.331061861124330614e-02 -4.817294410128087900e-01
-1.069999999999999988e-03 -1.742819877058547802e-03 -1.304854534931271237e-01
-1.060000000000000178e-03 3.251160002599299409e-02 2.224455848791946633e-01
-1.050000000000000152e-03 6.240026052963601466e-02 5.747018029104604686e-01
-1.040000000000000126e-03 9.363223161771241920e-02 9.164983056553571705e-01
-1.030000000000000100e-03 1.252000303518971680e-01 1.261331499935006040e+00
-1.020000000000000073e-03 1.540812079172151627e-01 1.598066850121982352e+00
-1.010000000000000047e-03 1.836340407747498182e-01 1.934127379967902405e+00
-1.000000000000000021e-03 2.131868736322845015e-01 2.257703733504285548e+00
-9.899999999999999946e-04 2.400530853209523752e-01 2.565084398855322689e+00
-9.800000000000001852e-04 2.702775734707036914e-01 2.763481579125805609e+00
-9.700000000000000505e-04 2.954646469288298438e-01 2.763481579125805609e+00
-9.600000000000001327e-04 3.183009268641975309e-01 2.763481579125805609e+00
-9.500000000000001065e-04 3.411372067995652180e-01 2.763481579125805609e+00
-9.400000000000000803e-04 3.656526249654746819e-01 2.763481579125805609e+00
-9.300000000000000541e-04 3.847948007936505266e-01 2.763481579125805609e+00
-9.200000000000000278e-04 4.056161148523681481e-01 2.763481579125805609e+00
-9.100000000000001100e-04 4.240866353883273043e-01 2.763481579125805609e+00
-9.000000000000000838e-04 4.388630518170946182e-01 2.763481579125805609e+00
-8.900000000000000576e-04 4.519603300153202108e-01 2.763481579125805609e+00
-8.800000000000000313e-04 4.653934358596541476e-01 2.763481579125805609e+00
-8.700000000000001135e-04 4.754682652429046419e-01 2.763481579125805609e+00
-8.600000000000000873e-04 4.835281287495050151e-01 2.763481579125805609e+00
-8.500000000000000611e-04 4.915879922561053328e-01 2.763481579125805609e+00
-8.400000000000000348e-04 4.949462687171888309e-01 2.763481579125805609e+00
-8.300000000000001170e-04 4.976328898860556404e-01 2.763481579125805609e+00
-8.200000000000000908e-04 5.003195110549224500e-01 2.763481579125805609e+00
-8.100000000000000646e-04 4.979687175321639847e-01 2.763481579125805609e+00
-8.000000000000000383e-04 4.979687175321639847e-01 2.763481579125805609e+00
-7.900000000000000121e-04 4.912521646099969885e-01 2.763481579125805609e+00
-7.800000000000000943e-04 4.841997840417217036e-01 2.763481579125805609e+00
-7.700000000000000681e-04 4.768115758273380189e-01 2.763481579125805609e+00
-7.600000000000000418e-04 4.664009187979792359e-01 2.763481579125805609e+00
-7.500000000000000156e-04 4.499453641386701452e-01 2.763481579125805609e+00
-7.400000000000000978e-04 4.381913965248779297e-01 2.763481579125805609e+00
-7.300000000000000716e-04 4.214000142194605503e-01 2.763481579125805609e+00
-7.200000000000000453e-04 4.062877701445848366e-01 2.763481579125805609e+00
-7.100000000000000191e-04 3.841231455014338381e-01 2.763481579125805609e+00
-7.000000000000001013e-04 3.636376590888245608e-01 2.763481579125805609e+00
-6.900000000000000751e-04 3.404655515073485295e-01 2.763481579125805609e+00
-6.800000000000000488e-04 3.172934439258724981e-01 2.763481579125805609e+00
-6.700000000000000226e-04 2.947929916366131553e-01 2.763481579125805609e+00
-6.600000000000001048e-04 2.682626075940536259e-01 2.763481579125805609e+00
-6.500000000000000786e-04 2.427397064898191570e-01 2.763481579125805609e+00
-6.400000000000000524e-04 2.115077354017427524e-01 2.472634012130642045e+00
-6.300000000000000261e-04 1.826265578364247855e-01 2.156480682345875532e+00
-6.199999999999999999e-04 1.524020696866734137e-01 1.832566918638964815e+00
-6.100000000000000821e-04 1.238567197674637910e-01 1.494481927769876428e+00
-6.000000000000000559e-04 9.396805926382076346e-02 1.156396936900788042e+00
-5.900000000000000296e-04 6.240026052963601466e-02 8.112263324506110429e-01
-5.800000000000000034e-04 2.814584062658446670e-02 4.613319856130415619e-01
-5.700000000000000856e-04 9.438012918082398697e-04 1.131246896281122016e-01
-5.600000000000000594e-04 -3.196730802680990829e-02 -2.377818877210413906e-01
-5.500000000000000331e-04 -6.286345146877797552e-02 -5.866640040470267881e-01
-5.400000000000000069e-04 -9.644621607961281762e-02 -9.294727373035075457e-01
-5.300000000000000891e-04 -1.246557383527140961e-01 -1.274643341753684656e+00
-5.200000000000000629e-04 -1.558877094407905006e-01 -1.609354230917492856e+00
-5.100000000000000366e-04 -1.864480252366502167e-01 -1.939003967523380334e+00
-5.000000000000000104e-04 -2.143217198636431231e-01 -2.261568090548179200e+00
-4.900000000000000926e-04 -2.448820356595028391e-01 -2.578733650844529546e+00
-4.800000000000000664e-04 -2.720840749942791126e-01 -2.764309244634947316e+00
-4.700000000000000401e-04 -2.949203549296467997e-01 -2.764309244634947316e+00
-4.600000000000000139e-04 -3.248090154332898272e-01 -2.764309244634947316e+00
-4.500000000000000419e-04 -3.416003977387072621e-01 -2.764309244634947316e+00
-4.400000000000000157e-04 -3.641008500279666049e-01 -2.764309244634947316e+00
-4.300000000000000436e-04 -3.855938193789009150e-01 -2.764309244634947316e+00
-4.200000000000000174e-04 -4.070867887298351695e-01 -2.764309244634947316e+00
-4.100000000000000454e-04 -4.238781710352526044e-01 -2.764309244634947316e+00
-4.000000000000000192e-04 -4.383187598179115740e-01 -2.764309244634947316e+00
-3.900000000000000471e-04 -4.537668315388956319e-01 -2.764309244634947316e+00
-3.800000000000000209e-04 -4.668641097371212245e-01 -2.764309244634947316e+00
-3.700000000000000489e-04 -4.786180773509134401e-01 -2.764309244634947316e+00
-3.600000000000000227e-04 -4.853346302730803807e-01 -2.764309244634947316e+00
-3.500000000000000507e-04 -4.917153555491390327e-01 -2.764309244634947316e+00
-3.400000000000000244e-04 -4.974244255329809405e-01 -2.764309244634947316e+00
-3.300000000000000524e-04 -4.997752190557393503e-01 -2.764309244634947316e+00
-3.200000000000000262e-04 -4.980960808251976291e-01 -2.764309244634947316e+00
-3.099999999999999999e-04 -5.014543572862810716e-01 -2.764309244634947316e+00
-3.000000000000000279e-04 -5.004468743479559834e-01 -2.764309244634947316e+00
-2.900000000000000017e-04 -4.927228384874640654e-01 -2.764309244634947316e+00
-2.800000000000000297e-04 -4.836554920425386594e-01 -2.764309244634947316e+00
-2.700000000000000035e-04 -4.782822497048050958e-01 -2.764309244634947316e+00
-2.600000000000000314e-04 -4.658566267987961917e-01 -2.764309244634947316e+00
-2.500000000000000052e-04 -4.554459697694373532e-01 -2.764309244634947316e+00
-2.400000000000000332e-04 -4.416770362789950721e-01 -2.764309244634947316e+00
-2.300000000000000070e-04 -4.232065157430359159e-01 -2.764309244634947316e+00
-2.200000000000000078e-04 -4.037285122687517269e-01 -2.764309244634947316e+00
-2.100000000000000087e-04 -3.852579917327925152e-01 -2.764309244634947316e+00
-2.000000000000000096e-04 -3.671232988429417032e-01 -2.764309244634947316e+00
-1.900000000000000105e-04 -3.402570871542738296e-01 -2.764309244634947316e+00
-1.800000000000000113e-04 -3.194357730955562635e-01 -2.764309244634947316e+00
-1.700000000000000122e-04 -2.945845272835384554e-01 -2.764309244634947316e+00
-1.600000000000000131e-04 -2.690616261793039588e-01 -2.764309244634947316e+00
-1.500000000000000140e-04 -2.415237591984193688e-01 -2.764309244634947316e+00
-1.400000000000000148e-04 -2.123067539869930298e-01 -2.482234342073512234e+00
-1.300000000000000157e-04 -1.837614040677834071e-01 -2.161357269901353462e+00
-1.200000000000000166e-04 -1.532010882719237188e-01 -1.838455736706026800e+00
-1.100000000000000039e-04 -1.253273936449307846e-01 -1.503407437371690580e+00
-1.000000000000000048e-04 -9.409542255685438006e-02 -1.168359138037354583e+00
-9.000000000000000567e-05 -6.655755557596981786e-02 -8.238633539282335105e-01
-8.000000000000000654e-05 -3.398227390346000160e-02 -4.807172105012246233e-01
-7.000000000000000742e-05 -6.368164651680558851e-05 -1.267739416173187528e-01
-6.000000000000000830e-05 3.116828944155960318e-02 2.231204052202507282e-01
-5.000000000000000240e-05 6.340774346796104743e-02 5.703154706935960050e-01
-4.000000000000000327e-05 9.463971455603747973e-02 9.188601768490534116e-01
-3.000000000000000415e-05 1.235208921213554467e-01 1.263355960958174151e+00
-2.000000000000000164e-05 1.530737249788901022e-01 1.601778361997790556e+00
-1.000000000000000082e-05 1.853131790052915673e-01 1.934127379967902405e+00
0.000000000000000000e+00 2.125152183400677852e-01 2.255341862310589196e+00
1.000000000000000082e-05 2.417322235514941242e-01 2.568795910731131116e+00
2.000000000000000164e-05 2.692700905323786587e-01 2.763481579125805609e+00
3.000000000000000415e-05 2.937855086982881225e-01 2.763481579125805609e+00
4.000000000000000327e-05 3.189725821564142194e-01 2.763481579125805609e+00
5.000000000000000240e-05 3.421446897378903063e-01 2.763481579125805609e+00
6.000000000000000830e-05 3.653167973193663376e-01 2.763481579125805609e+00
7.000000000000000742e-05 3.858022837319755594e-01 2.763481579125805609e+00
8.000000000000000654e-05 4.059519424984764924e-01 2.763481579125805609e+00
9.000000000000000567e-05 4.244224630344356486e-01 2.763481579125805609e+00
1.000000000000000048e-04 4.375197412326612412e-01 2.763481579125805609e+00
1.100000000000000039e-04 4.522961576614286106e-01 2.763481579125805609e+00
1.200000000000000166e-04 4.667367464440875802e-01 2.763481579125805609e+00
1.300000000000000157e-04 4.761399205351213304e-01 2.763481579125805609e+00
1.400000000000000148e-04 4.858789222722634249e-01 2.763481579125805609e+00
1.500000000000000140e-04 4.915879922561053328e-01 2.763481579125805609e+00
1.600000000000000131e-04 4.986403728243806732e-01 2.763481579125805609e+00
1.700000000000000122e-04 4.979687175321639847e-01 2.763481579125805609e+00
1.800000000000000113e-04 4.993120281165973617e-01 2.763481579125805609e+00
1.900000000000000105e-04 5.013269939932475383e-01 2.763481579125805609e+00
2.000000000000000096e-04 4.929313028405387653e-01 2.763481579125805609e+00
2.100000000000000087e-04 4.895730263794552672e-01 2.763481579125805609e+00
2.200000000000000078e-04 4.831923011033966708e-01 2.763481579125805609e+00
2.300000000000000070e-04 4.754682652429046419e-01 2.763481579125805609e+00
2.400000000000000332e-04 4.660650911518708917e-01 2.763481579125805609e+00
2.500000000000000052e-04 4.529678129536452991e-01 2.763481579125805609e+00
2.600000000000000314e-04 4.368480859404445527e-01 2.763481579125805609e+00
2.700000000000000035e-04 4.214000142194605503e-01 2.763481579125805609e+00
2.800000000000000297e-04 4.046086319140431153e-01 2.763481579125805609e+00
2.900000000000000017e-04 3.837873178553254938e-01 2.763481579125805609e+00
3.000000000000000279e-04 3.643093143810413048e-01 2.763481579125805609e+00
3.099999999999999999e-04 3.418088620917819065e-01 2.763481579125805609e+00
3.200000000000000262e-04 3.183009268641975309e-01 2.763481579125805609e+00
3.300000000000000524e-04 2.924421981138546900e-01 2.763481579125805609e+00
3.400000000000000244e-04 2.652401587790784721e-01 2.763481579125805609e+00
3.500000000000000507e-04 2.393814300287356589e-01 2.763481579125805609e+00
3.600000000000000227e-04 2.108360801095260639e-01 2.471959191789586008e+00
3.700000000000000489e-04 1.819549025442080692e-01 2.155131041663763458e+00
3.800000000000000209e-04 1.517304143944567252e-01 1.828855406763156388e+00
3.900000000000000471e-04 1.245283750596804795e-01 1.492794876917236113e+00
4.000000000000000192e-04 9.363223161771241920e-02 1.158758808094484172e+00
4.100000000000000454e-04 6.206443288352766346e-02 8.139256138148353026e-01
4.200000000000000174e-04 2.814584062658446670e-02 4.630190364656816548e-01
4.300000000000000436e-04 1.951284230133285436e-03 1.144743303102243315e-01
4.400000000000000157e-04 -3.398227390346000160e-02 -2.377818877210413906e-01
4.500000000000000419e-04 -6.286345146877797552e-02 -5.826150820006903430e-01
4.600000000000000139e-04 -9.577456078739612910e-02 -9.311597881561477497e-01
4.700000000000000401e-04 -1.266707042293641894e-01 -1.269919599366292173e+00
4.800000000000000664e-04 -1.585743306096572824e-01 -1.609691641088020875e+00
4.900000000000000926e-04 -1.837614040677834071e-01 -1.941028428546548446e+00
5.000000000000000104e-04 -2.156650304480765279e-01 -2.267978883788211775e+00
5.100000000000000366e-04 -2.428670697828527458e-01 -2.583457393231921806e+00
5.200000000000000629e-04 -2.697332814715206473e-01 -2.764309244634947316e+00
5.300000000000000891e-04 -2.942486996374301111e-01 -2.764309244634947316e+00
5.400000000000000069e-04 -3.201074283877729520e-01 -2.764309244634947316e+00
5.500000000000000331e-04 -3.446228465536823604e-01 -2.764309244634947316e+00
5.600000000000000594e-04 -3.661158159046166705e-01 -2.764309244634947316e+00
5.700000000000000856e-04 -3.879446129016593248e-01 -2.764309244634947316e+00
5.800000000000000034e-04 -4.074226163759435138e-01 -2.764309244634947316e+00
5.900000000000000296e-04 -4.221990328047108831e-01 -2.764309244634947316e+00
6.000000000000000559e-04 -4.389904151101283181e-01 -2.764309244634947316e+00
6.100000000000000821e-04 -4.541026591850039762e-01 -2.764309244634947316e+00
6.199999999999999999e-04 -4.651849715065795032e-01 -2.764309244634947316e+00
6.300000000000000261e-04 -4.779464220586966960e-01 -2.764309244634947316e+00
6.400000000000000524e-04 -4.866779408575137578e-01 -2.764309244634947316e+00
6.500000000000000786e-04 -4.933944937796807539e-01 -2.764309244634947316e+00
6.600000000000001048e-04 -4.944019767180057867e-01 -2.764309244634947316e+00
6.700000000000000226e-04 -5.007827019940643831e-01 -2.764309244634947316e+00
6.800000000000000488e-04 -4.997752190557393503e-01 -2.764309244634947316e+00
6.900000000000000751e-04 -5.014543572862810716e-01 -2.764309244634947316e+00
7.000000000000001013e-04 -4.987677361174143176e-01 -2.764309244634947316e+00
7.100000000000000191e-04 -4.940661490718974425e-01 -2.764309244634947316e+00
7.200000000000000453e-04 -4.843271473347553480e-01 -2.764309244634947316e+00
7.300000000000000716e-04 -4.762672838281549748e-01 -2.764309244634947316e+00
7.400000000000000978e-04 -4.671999373832295688e-01 -2.764309244634947316e+00
7.500000000000000156e-04 -4.524235209544622549e-01 -2.764309244634947316e+00
7.600000000000000418e-04 -4.399978980484533508e-01 -2.764309244634947316e+00
7.700000000000000681e-04 -4.232065157430359159e-01 -2.764309244634947316e+00
7.800000000000000943e-04 -4.054076504992934482e-01 -2.764309244634947316e+00
7.900000000000000121e-04 -3.849221640866841709e-01 -2.764309244634947316e+00
8.000000000000000383e-04 -3.657799882585083262e-01 -2.764309244634947316e+00
8.100000000000000646e-04 -3.429437083231406391e-01 -2.764309244634947316e+00
8.200000000000000908e-04 -3.197716007416646078e-01 -2.764309244634947316e+00
8.300000000000001170e-04 -2.935770443452134226e-01 -2.764309244634947316e+00
8.400000000000000348e-04 -2.704049367637373358e-01 -2.764309244634947316e+00
8.500000000000000611e-04 -2.395087933217692755e-01 -2.764309244634947316e+00
8.600000000000000873e-04 -2.126425816331014018e-01 -2.480884701391400160e+00
8.700000000000001135e-04 -1.837614040677834071e-01 -2.158995398707657554e+00
8.800000000000000313e-04 -1.542085712102487516e-01 -1.835756455341802429e+00
8.900000000000000576e-04 -1.253273936449307846e-01 -1.503070027201162562e+00
9.000000000000000838e-04 -9.342376726463769154e-02 -1.168696548207882602e+00
9.100000000000001100e-04 -6.219179617656127312e-02 -8.221763030755933066e-01
9.200000000000000278e-04 -3.263896331902661069e-02 -4.780179291370003636e-01
9.300000000000000541e-04 2.721459995915428975e-04 -1.271113517878467991e-01
9.400000000000000803e-04 2.982497885712620880e-02 2.248074560728909044e-01
9.500000000000001065e-04 6.407939876017776371e-02 5.743643927399323390e-01
9.600000000000001327e-04 9.396805926382076346e-02 9.218968683838056899e-01
9.700000000000000505e-04 1.238567197674637910e-01 1.264368191469758429e+00
9.800000000000001852e-04 1.560961737938652560e-01 1.602115772168318575e+00
9.899999999999999946e-04 1.849773513591832230e-01 1.933115149456318349e+00
1.000000000000000021e-03 2.135227012783928457e-01 2.257366323333757308e+00
1.010000000000000047e-03 2.403889129670607194e-01 2.568121090390075079e+00
1.020000000000000073e-03 2.659118140712951606e-01 2.763481579125805609e+00
1.030000000000000100e-03 2.947929916366131553e-01 2.763481579125805609e+00
1.040000000000000126e-03 3.186367545103058752e-01 2.763481579125805609e+00
1.050000000000000152e-03 3.418088620917819065e-01 2.763481579125805609e+00
1.060000000000000178e-03 3.669959355499080589e-01 2.763481579125805609e+00
1.069999999999999988e-03 3.851306284397588708e-01 2.763481579125805609e+00
1.080000000000000014e-03 4.056161148523681481e-01 2.763481579125805609e+00
1.090000000000000040e-03 4.217358418655688945e-01 2.763481579125805609e+00
1.100000000000000066e-03 4.368480859404445527e-01 2.763481579125805609e+00
1.110000000000000092e-03 4.536394682458619876e-01 2.763481579125805609e+00
1.120000000000000119e-03 4.653934358596541476e-01 2.763481579125805609e+00
1.130000000000000145e-03 4.768115758273380189e-01 2.763481579125805609e+00
1.140000000000000171e-03 4.845356116878300479e-01 2.763481579125805609e+00
1.150000000000000197e-03 4.902446816716719558e-01 2.763481579125805609e+00
1.160000000000000007e-03 4.966254069477306077e-01 2.763481579125805609e+00
1.170000000000000033e-03 4.972970622399472962e-01 2.763481579125805609e+00
1.180000000000000059e-03 4.999836834088140503e-01 2.763481579125805609e+00
1.190000000000000085e-03 4.996478557627057060e-01 2.763481579125805609e+00
1.200000000000000112e-03 4.983045451782723290e-01 2.763481579125805609e+00
1.210000000000000138e-03 4.902446816716719558e-01 2.763481579125805609e+00
1.220000000000000164e-03 4.845356116878300479e-01 2.763481579125805609e+00
1.230000000000000190e-03 4.764757481812296747e-01 2.763481579125805609e+00
1.240000000000000000e-03 4.657292635057625474e-01 2.763481579125805609e+00
1.250000000000000026e-03 4.512886747231035223e-01 2.763481579125805609e+00
1.260000000000000052e-03 4.365122582943362084e-01 2.763481579125805609e+00
1.270000000000000078e-03 4.217358418655688945e-01 2.763481579125805609e+00
1.280000000000000105e-03 4.036011489757180271e-01 2.763481579125805609e+00
1.290000000000000131e-03 3.851306284397588708e-01 2.763481579125805609e+00
1.300000000000000157e-03 3.653167973193663376e-01 2.763481579125805609e+00
1.310000000000000183e-03 3.414730344456735622e-01 2.763481579125805609e+00
1.320000000000000210e-03 3.203158927408476520e-01 2.763481579125805609e+00
1.330000000000000019e-03 2.921063704677463457e-01 2.763481579125805609e+00
1.340000000000000045e-03 2.672551246557285931e-01 2.763481579125805609e+00
1.350000000000000071e-03 2.430755341359275012e-01 2.763481579125805609e+00
1.360000000000000098e-03 2.121793906939594410e-01 2.470272140936945693e+00
1.370000000000000124e-03 1.853131790052915673e-01 2.158505143369044088e+00
1.380000000000000150e-03 1.547528632094318513e-01 1.832904328809492833e+00
1.390000000000000176e-03 1.231850644752471025e-01 1.497856029475156614e+00
1.400000000000000203e-03 9.027395515662894887e-02 1.157409167412372097e+00
1.410000000000000012e-03 6.240026052963601466e-02 8.125759731327232283e-01
1.420000000000000038e-03 3.083246179545125545e-02 4.660557280004339331e-01
1.430000000000000064e-03 -1.071164584841851047e-03 1.175110218449766236e-01
1.440000000000000091e-03 -3.398227390346000160e-02 -2.347451961862890846e-01
1.450000000000000117e-03 -6.722921086818650638e-02 -5.829524921712183616e-01
1.460000000000000143e-03 -9.275211197242097527e-02 -9.321720186677318054e-01
1.470000000000000169e-03 -1.286856701060142549e-01 -1.270931829877876451e+00
1.480000000000000196e-03 -1.565593647330071891e-01 -1.604967898700628393e+00
1.490000000000000222e-03 -1.857763699444335004e-01 -1.943390299740244798e+00
1.500000000000000031e-03 -2.119709263408846855e-01 -2.262917731230291274e+00
1.510000000000000057e-03 -2.438745527211778064e-01 -2.580083291526641620e+00
1.520000000000000084e-03 -2.683899708870872702e-01 -2.764309244634947316e+00
1.530000000000000110e-03 -2.955920102218634882e-01 -2.764309244634947316e+00
1.540000000000000136e-03 -3.204432560338812963e-01 -2.764309244634947316e+00
1.550000000000000162e-03 -3.452945018458990489e-01 -2.764309244634947316e+00
1.560000000000000189e-03 -3.654441606123999819e-01 -2.764309244634947316e+00
1.570000000000000215e-03 -3.855938193789009150e-01 -2.764309244634947316e+00
1.580000000000000024e-03 -4.060793057915101367e-01 -2.764309244634947316e+00
1.590000000000000050e-03 -4.248856539735776372e-01 -2.764309244634947316e+00
1.600000000000000077e-03 -4.399978980484533508e-01 -2.764309244634947316e+00
1.610000000000000103e-03 -4.541026591850039762e-01 -2.764309244634947316e+00
1.620000000000000129e-03 -4.678715926754462573e-01 -2.764309244634947316e+00
1.630000000000000155e-03 -4.776105944125883518e-01 -2.764309244634947316e+00
1.640000000000000182e-03 -4.866779408575137578e-01 -2.764309244634947316e+00
1.650000000000000208e-03 -4.930586661335724097e-01 -2.764309244634947316e+00
1.660000000000000234e-03 -4.957452873024392193e-01 -2.764309244634947316e+00
1.670000000000000043e-03 -4.997752190557393503e-01 -2.764309244634947316e+00
1.680000000000000070e-03 -5.001110467018476946e-01 -2.764309244634947316e+00
1.690000000000000096e-03 -5.011185296401726719e-01 -2.764309244634947316e+00
1.700000000000000122e-03 -4.980960808251976291e-01 -2.764309244634947316e+00
1.710000000000000148e-03 -4.944019767180057867e-01 -2.764309244634947316e+00
1.720000000000000175e-03 -4.863421132114054135e-01 -2.764309244634947316e+00
1.730000000000000201e-03 -4.749239732437215977e-01 -2.764309244634947316e+00
1.740000000000000227e-03 -4.668641097371212245e-01 -2.764309244634947316e+00
1.750000000000000036e-03 -4.520876933083539106e-01 -2.764309244634947316e+00
1.760000000000000063e-03 -4.373112768795865413e-01 -2.764309244634947316e+00
1.770000000000000089e-03 -4.218632051586025389e-01 -2.764309244634947316e+00
1.780000000000000115e-03 -4.030568569765349829e-01 -2.764309244634947316e+00
1.790000000000000141e-03 -3.889520958399843575e-01 -2.764309244634947316e+00
1.800000000000000168e-03 -3.681307817812667915e-01 -2.764309244634947316e+00
1.810000000000000194e-03 -3.456303294920073932e-01 -2.764309244634947316e+00
1.820000000000000220e-03 -3.201074283877729520e-01 -2.764309244634947316e+00
1.830000000000000246e-03 -2.962636655140801767e-01 -2.764309244634947316e+00
1.840000000000000056e-03 -2.693974538254123030e-01 -2.764309244634947316e+00
1.850000000000000082e-03 -2.401804486139859640e-01 -2.764309244634947316e+00
1.860000000000000108e-03 -2.133142369253180903e-01 -2.484258803096680346e+00
1.870000000000000134e-03 -1.844330593600001234e-01 -2.163044320753993777e+00
1.880000000000000161e-03 -1.582385029635489382e-01 -1.841492428240778967e+00
1.890000000000000187e-03 -1.233124277682806913e-01 -1.503744847542218599e+00
1.900000000000000213e-03 -9.409542255685438006e-02 -1.167684317696298546e+00
1.910000000000000239e-03 -6.084848559212788222e-02 -8.231885335871773623e-01
1.920000000000000265e-03 -3.028816979626816966e-02 -4.770056986254163078e-01
1.930000000000000075e-03 9.438012918082398697e-04 -1.247494805941505719e-01
1.940000000000000101e-03 3.049663414934290773e-02 2.231204052202507282e-01
1.950000000000000127e-03 6.004946700687757016e-02 5.699780605230679864e-01
1.960000000000000370e-03 9.329640397160407495e-02 9.185227666785252820e-01
1.969999999999999963e-03 1.252000303518971680e-01 1.261331499935006040e+00
1.979999999999999989e-03 1.550886908555401955e-01 1.599416490804094426e+00
1.990000000000000015e-03 1.849773513591832230e-01 1.933789969797374386e+00
2.000000000000000042e-03 2.115077354017427524e-01 2.256354092822173474e+00
2.010000000000000068e-03 2.403889129670607194e-01 2.570482961583771431e+00
2.020000000000000094e-03 2.679267799479452816e-01 2.763481579125805609e+00
2.030000000000000120e-03 2.944571639905048110e-01 2.763481579125805609e+00
2.040000000000000147e-03 3.183009268641975309e-01 2.763481579125805609e+00
2.050000000000000173e-03 3.458387938450820931e-01 2.763481579125805609e+00
2.060000000000000199e-03 3.636376590888245608e-01 2.763481579125805609e+00
2.070000000000000225e-03 3.881530772547340247e-01 2.763481579125805609e+00
2.080000000000000251e-03 4.039369766218264268e-01 2.763481579125805609e+00
2.090000000000000278e-03 4.200567036350271177e-01 2.763481579125805609e+00
2.100000000000000304e-03 4.402063624015280507e-01 2.763481579125805609e+00
2.110000000000000330e-03 4.543111235380786761e-01 2.763481579125805609e+00
2.120000000000000356e-03 4.647217805674374591e-01 2.763481579125805609e+00
2.130000000000000383e-03 4.758040928890129861e-01 2.763481579125805609e+00
2.139999999999999975e-03 4.825206458111799268e-01 2.763481579125805609e+00
2.150000000000000001e-03 4.899088540255636115e-01 2.763481579125805609e+00
2.160000000000000028e-03 4.993120281165973617e-01 2.763481579125805609e+00
2.170000000000000054e-03 4.983045451782723290e-01 2.763481579125805609e+00
2.180000000000000080e-03 4.989762004704890175e-01 2.763481579125805609e+00
2.190000000000000106e-03 4.989762004704890175e-01 2.763481579125805609e+00
2.200000000000000133e-03 4.956179240094055194e-01 2.763481579125805609e+00
2.210000000000000159e-03 4.919238199022137326e-01 2.763481579125805609e+00
2.220000000000000185e-03 4.838639563956133594e-01 2.763481579125805609e+00
2.230000000000000211e-03 4.711025058434961110e-01 2.763481579125805609e+00
2.240000000000000237e-03 4.653934358596541476e-01 2.763481579125805609e+00
2.250000000000000264e-03 4.509528470769951780e-01 2.763481579125805609e+00
2.260000000000000290e-03 4.365122582943362084e-01 2.763481579125805609e+00
2.270000000000000316e-03 4.210641865733521505e-01 2.763481579125805609e+00
2.280000000000000342e-03 4.036011489757180271e-01 2.763481579125805609e+00
2.290000000000000369e-03 3.837873178553254938e-01 2.763481579125805609e+00
2.300000000000000395e-03 3.629660037966078723e-01 2.763481579125805609e+00
2.309999999999999987e-03 3.404655515073485295e-01 2.763481579125805609e+00
2.320000000000000014e-03 3.179650992180891866e-01 2.763481579125805609e+00
2.330000000000000040e-03 2.937855086982881225e-01 2.763481579125805609e+00
2.340000000000000066e-03 2.659118140712951606e-01 2.763481579125805609e+00
2.350000000000000092e-03 2.387097747365189704e-01 2.763481579125805609e+00
2.360000000000000119e-03 2.152018395089345948e-01 2.474658473153810156e+00
2.370000000000000145e-03 1.832982131286414740e-01 2.153443990811123587e+00
2.380000000000000171e-03 1.530737249788901022e-01 1.826156125398932017e+00
2.390000000000000197e-03 1.208342709524886371e-01 1.495156748110932465e+00
2.400000000000000223e-03 9.060978280273729313e-02 1.156059526730260023e+00
2.410000000000000250e-03 6.139277759131096801e-02 8.159500748380035251e-01
2.420000000000000276e-03 2.982497885712620880e-02 4.650434974888498774e-01
2.430000000000000302e-03 -4.429441045925335690e-03 1.178484320155046561e-01
2.440000000000000328e-03 -3.398227390346000160e-02 -2.344077860157610660e-01
2.450000000000000355e-03 -6.487841734542806882e-02 -5.839647226828025284e-01
2.460000000000000381e-03 -9.443125020296272432e-02 -9.301475576445635829e-01
2.470000000000000407e-03 -1.266707042293641894e-01 -1.270257009536820192e+00
2.480000000000000000e-03 -1.558877094407905006e-01 -1.605642719041684430e+00
2.490000000000000026e-03 -1.837614040677834071e-01 -1.941703248887604483e+00
2.500000000000000052e-03 -2.136500645714264346e-01 -2.264267371912403348e+00
2.510000000000000078e-03 -2.438745527211778064e-01 -2.583794803402450047e+00
2.520000000000000104e-03 -2.704049367637373358e-01 -2.764309244634947316e+00
2.530000000000000131e-03 -2.935770443452134226e-01 -2.764309244634947316e+00
2.540000000000000157e-03 -3.227940495566397061e-01 -2.764309244634947316e+00
2.550000000000000183e-03 -3.456303294920073932e-01 -2.764309244634947316e+00
2.560000000000000209e-03 -3.661158159046166705e-01 -2.764309244634947316e+00
2.570000000000000236e-03 -3.862654746711176035e-01 -2.764309244634947316e+00
2.580000000000000262e-03 -4.054076504992934482e-01 -2.764309244634947316e+00
2.590000000000000288e-03 -4.262289645580110697e-01 -2.764309244634947316e+00
2.600000000000000314e-03 -4.403337256945616951e-01 -2.764309244634947316e+00
2.610000000000000341e-03 -4.544384868311123205e-01 -2.764309244634947316e+00
2.620000000000000367e-03 -4.685432479676629458e-01 -2.764309244634947316e+00
2.630000000000000393e-03 -4.779464220586966960e-01 -2.764309244634947316e+00
2.640000000000000419e-03 -4.880212514419471903e-01 -2.764309244634947316e+00
2.650000000000000012e-03 -4.927228384874640654e-01 -2.764309244634947316e+00
2.660000000000000038e-03 -4.967527702407642520e-01 -2.764309244634947316e+00
2.670000000000000064e-03 -5.021260125784977602e-01 -2.764309244634947316e+00
2.680000000000000090e-03 -5.014543572862810716e-01 -2.764309244634947316e+00
2.690000000000000117e-03 -4.991035637635226618e-01 -2.764309244634947316e+00
2.700000000000000143e-03 -4.967527702407642520e-01 -2.764309244634947316e+00
2.710000000000000169e-03 -4.913795279030306884e-01 -2.764309244634947316e+00
2.720000000000000195e-03 -4.836554920425386594e-01 -2.764309244634947316e+00
2.730000000000000222e-03 -4.779464220586966960e-01 -2.764309244634947316e+00
2.740000000000000248e-03 -4.658566267987961917e-01 -2.764309244634947316e+00
2.750000000000000274e-03 -4.541026591850039762e-01 -2.764309244634947316e+00
2.760000000000000300e-03 -4.386545874640199738e-01 -2.764309244634947316e+00
2.770000000000000327e-03 -4.228706880969275717e-01 -2.764309244634947316e+00
2.780000000000000353e-03 -4.067509610837268252e-01 -2.764309244634947316e+00
2.790000000000000379e-03 -3.862654746711176035e-01 -2.764309244634947316e+00
2.800000000000000405e-03 -3.637650223818582607e-01 -2.764309244634947316e+00
2.810000000000000431e-03 -3.446228465536823604e-01 -2.764309244634947316e+00
2.820000000000000024e-03 -3.197716007416646078e-01 -2.764309244634947316e+00
2.830000000000000050e-03 -2.908904231763466131e-01 -2.764309244634947316e+00
2.840000000000000076e-03 -2.687257985331956145e-01 -2.764309244634947316e+00
2.850000000000000103e-03 -2.421954144906360573e-01 -2.764309244634947316e+00
2.860000000000000129e-03 -2.123067539869930298e-01 -2.482234342073512234e+00
2.870000000000000155e-03 -1.827539211294583743e-01 -2.165406191947690129e+00
2.880000000000000181e-03 -1.572310200252238777e-01 -1.836431275682858466e+00
2.890000000000000208e-03 -1.280140148137975664e-01 -1.506106718735914951e+00
2.900000000000000234e-03 -9.543873314128778484e-02 -1.167346907525770527e+00
2.910000000000000260e-03 -6.219179617656127312e-02 -8.258878149514016220e-01
2.920000000000000286e-03 -3.196730802680990829e-02 -4.743064172611920482e-01
2.930000000000000313e-03 9.438012918082398697e-04 -1.271113517878467991e-01
2.940000000000000339e-03 3.083246179545125545e-02 2.278441476076431826e-01
2.950000000000000365e-03 6.307191582185270318e-02 5.720025215462362089e-01
2.960000000000000391e-03 9.463971455603747973e-02 9.168357158258851891e-01
2.970000000000000417e-03 1.231850644752471025e-01 1.261331499935006040e+00
2.980000000000000444e-03 1.547528632094318513e-01 1.597729439951454333e+00
2.990000000000000036e-03 1.839698684208581625e-01 1.924679895193117440e+00
3.000000000000000062e-03 2.115077354017427524e-01 2.253654811457948881e+00
3.010000000000000089e-03 2.413963959053857522e-01 2.566096629366906967e+00
3.020000000000000115e-03 2.679267799479452816e-01 2.763481579125805609e+00
3.030000000000000141e-03 2.934496810521797228e-01 2.763481579125805609e+00
3.040000000000000167e-03 3.183009268641975309e-01 2.763481579125805609e+00
3.050000000000000194e-03 3.418088620917819065e-01 2.763481579125805609e+00
3.060000000000000220e-03 3.636376590888245608e-01 2.763481579125805609e+00
3.070000000000000246e-03 3.854664560858672151e-01 2.763481579125805609e+00
3.080000000000000272e-03 4.039369766218264268e-01 2.763481579125805609e+00
3.090000000000000299e-03 4.230791524500022716e-01 2.763481579125805609e+00
3.100000000000000325e-03 4.398705347554197065e-01 2.763481579125805609e+00
3.110000000000000351e-03 4.553186064764037089e-01 2.763481579125805609e+00
3.120000000000000377e-03 4.643859529213291149e-01 2.763481579125805609e+00
3.130000000000000403e-03 4.747966099506879534e-01 2.763481579125805609e+00
3.140000000000000430e-03 4.828564734572882711e-01 2.763481579125805609e+00
3.150000000000000456e-03 4.878938881489135460e-01 2.763481579125805609e+00
3.160000000000000048e-03 4.972970622399472962e-01 2.763481579125805609e+00
3.170000000000000075e-03 5.016628216393558271e-01 2.763481579125805609e+00
3.180000000000000101e-03 4.969612345938389519e-01 2.763481579125805609e+00
3.190000000000000127e-03 4.976328898860556404e-01 2.763481579125805609e+00
3.200000000000000153e-03 4.956179240094055194e-01 2.763481579125805609e+00
3.210000000000000180e-03 4.899088540255636115e-01 2.763481579125805609e+00
3.220000000000000206e-03 4.845356116878300479e-01 2.763481579125805609e+00
3.230000000000000232e-03 4.754682652429046419e-01 2.763481579125805609e+00
3.240000000000000258e-03 4.640501252752207706e-01 2.763481579125805609e+00
3.250000000000000284e-03 4.509528470769951780e-01 2.763481579125805609e+00
3.260000000000000311e-03 4.391988794632030180e-01 2.763481579125805609e+00
3.270000000000000337e-03 4.230791524500022716e-01 2.763481579125805609e+00
3.280000000000000363e-03 4.029294936835013385e-01 2.763481579125805609e+00
3.290000000000000389e-03 3.854664560858672151e-01 2.763481579125805609e+00
3.300000000000000416e-03 3.653167973193663376e-01 2.763481579125805609e+00
3.310000000000000442e-03 3.384505856306984639e-01 2.763481579125805609e+00
3.320000000000000468e-03 3.196442374486309079e-01 2.763481579125805609e+00
3.330000000000000061e-03 2.934496810521797228e-01 2.763481579125805609e+00
3.340000000000000087e-03 2.669192970096201933e-01 2.763481579125805609e+00
3.350000000000000113e-03 2.403889129670607194e-01 2.763481579125805609e+00
3.360000000000000139e-03 2.118435630478510967e-01 2.471621781619057767e+00
3.370000000000000166e-03 1.822907301903164412e-01 2.154793631493235662e+00
3.380000000000000192e-03 1.510587591022400089e-01 1.826493535569460036e+00
3.390000000000000218e-03 1.218417538908136977e-01 1.492120056576180076e+00
3.400000000000000244e-03 9.195309338717067016e-02 1.152010604683923578e+00
3.410000000000000270e-03 6.105694994520261681e-02 8.119011527916670801e-01
3.420000000000000297e-03 2.881749591880116562e-02 4.650434974888498774e-01
3.430000000000000323e-03 -1.406992230950199641e-03 1.144743303102243315e-01
3.440000000000000349e-03 -3.364644625735165734e-02 -2.371070673799853257e-01
3.450000000000000375e-03 -6.655755557596981786e-02 -5.846395430238585655e-01
3.460000000000000402e-03 -9.443125020296272432e-02 -9.331842491793159722e-01
3.470000000000000428e-03 -1.283498424599059107e-01 -1.273631111242100600e+00
3.480000000000000454e-03 -1.548802265024654401e-01 -1.612390922452245023e+00
3.490000000000000480e-03 -1.894704740516253427e-01 -1.941365838717076464e+00
3.500000000000000073e-03 -2.149933751558598394e-01 -2.267978883788211775e+00
3.510000000000000099e-03 -2.418595868445277131e-01 -2.582782572890865769e+00
3.520000000000000125e-03 -2.687257985331956145e-01 -2.764309244634947316e+00
3.530000000000000152e-03 -2.972711484524052095e-01 -2.764309244634947316e+00
3.540000000000000178e-03 -3.201074283877729520e-01 -2.764309244634947316e+00
3.550000000000000204e-03 -3.426078806770322949e-01 -2.764309244634947316e+00
3.560000000000000230e-03 -3.651083329662916377e-01 -2.764309244634947316e+00
3.570000000000000256e-03 -3.872729576094426363e-01 -2.764309244634947316e+00
3.580000000000000283e-03 -4.057434781454017925e-01 -2.764309244634947316e+00
3.590000000000000309e-03 -4.218632051586025389e-01 -2.764309244634947316e+00
3.600000000000000335e-03 -4.413412086328867279e-01 -2.764309244634947316e+00
3.610000000000000361e-03 -4.524235209544622549e-01 -2.764309244634947316e+00
3.620000000000000388e-03 -4.685432479676629458e-01 -2.764309244634947316e+00
3.630000000000000414e-03 -4.776105944125883518e-01 -2.764309244634947316e+00
3.640000000000000440e-03 -4.843271473347553480e-01 -2.764309244634947316e+00
3.650000000000000466e-03 -4.933944937796807539e-01 -2.764309244634947316e+00
3.660000000000000493e-03 -4.984319084713059733e-01 -2.764309244634947316e+00
3.670000000000000085e-03 -5.011185296401726719e-01 -2.764309244634947316e+00
3.680000000000000111e-03 -4.994393914096310061e-01 -2.764309244634947316e+00
3.690000000000000138e-03 -5.014543572862810716e-01 -2.764309244634947316e+00
3.700000000000000164e-03 -4.974244255329809405e-01 -2.764309244634947316e+00
3.710000000000000190e-03 -4.923870108413557212e-01 -2.764309244634947316e+00
3.720000000000000216e-03 -4.833196643964303152e-01 -2.764309244634947316e+00
3.730000000000000242e-03 -4.766031114742633190e-01 -2.764309244634947316e+00
3.740000000000000269e-03 -4.678715926754462573e-01 -2.764309244634947316e+00
3.750000000000000295e-03 -4.534310038927872877e-01 -2.764309244634947316e+00
3.760000000000000321e-03 -4.403337256945616951e-01 -2.764309244634947316e+00
3.770000000000000347e-03 -4.218632051586025389e-01 -2.764309244634947316e+00
3.780000000000000374e-03 -4.044001675609684154e-01 -2.764309244634947316e+00
3.790000000000000400e-03 -3.849221640866841709e-01 -2.764309244634947316e+00
3.800000000000000426e-03 -3.624217117974248281e-01 -2.764309244634947316e+00
3.810000000000000452e-03 -3.429437083231406391e-01 -2.764309244634947316e+00
3.820000000000000479e-03 -3.187641178033395195e-01 -2.764309244634947316e+00
3.830000000000000505e-03 -2.949203549296467997e-01 -2.764309244634947316e+00
3.840000000000000531e-03 -2.687257985331956145e-01 -2.764309244634947316e+00
3.850000000000000124e-03 -2.418595868445277131e-01 -2.764309244634947316e+00
3.860000000000000150e-03 -2.102917881103429643e-01 -2.485271033608264624e+00
3.870000000000000176e-03 -1.834255764216750628e-01 -2.163719141095049814e+00
3.880000000000000202e-03 -1.582385029635489382e-01 -1.841155018070250948e+00
3.890000000000000228e-03 -1.256632212910391289e-01 -1.505094488224330673e+00
3.900000000000000255e-03 -9.476707784907106857e-02 -1.166334677014186250e+00
3.910000000000000281e-03 -6.252762382266963126e-02 -8.221763030755933066e-01
3.920000000000000741e-03 -3.263896331902661069e-02 -4.743064172611920482e-01
3.930000000000000333e-03 1.279628937916588247e-03 -1.240746602530945070e-01
3.939999999999999926e-03 3.217577237988464983e-02 2.264945069255310528e-01
3.950000000000000386e-03 6.206443288352766346e-02 5.736895723988763018e-01
3.959999999999999978e-03 9.699050807879591729e-02 9.215594582132775603e-01
3.970000000000000438e-03 1.252000303518971680e-01 1.264368191469758429e+00
3.980000000000000031e-03 1.544170355633235070e-01 1.597729439951454333e+00
3.990000000000000491e-03 1.849773513591832230e-01 1.930415868092093978e+00
4.000000000000000083e-03 2.125152183400677852e-01 2.253317401287421085e+00
4.010000000000000543e-03 2.407247406131690637e-01 2.568795910731131116e+00
4.020000000000000136e-03 2.649043311329701278e-01 2.763481579125805609e+00
4.030000000000000596e-03 2.934496810521797228e-01 2.763481579125805609e+00
4.040000000000000188e-03 3.219950309713893732e-01 2.763481579125805609e+00
4.050000000000000648e-03 3.414730344456735622e-01 2.763481579125805609e+00
4.060000000000000241e-03 3.616226932121744952e-01 2.763481579125805609e+00
4.070000000000000701e-03 3.847948007936505266e-01 2.763481579125805609e+00
4.080000000000000293e-03 4.049444595601514596e-01 2.763481579125805609e+00
4.090000000000000753e-03 4.224074971577855830e-01 2.763481579125805609e+00
4.100000000000000346e-03 4.385272241709862739e-01 2.763481579125805609e+00
4.109999999999999938e-03 4.519603300153202108e-01 2.763481579125805609e+00
4.120000000000000398e-03 4.664009187979792359e-01 2.763481579125805609e+00
4.129999999999999991e-03 4.754682652429046419e-01 2.763481579125805609e+00
4.140000000000000450e-03 4.838639563956133594e-01 2.763481579125805609e+00
4.150000000000000043e-03 4.929313028405387653e-01 2.763481579125805609e+00
4.160000000000000503e-03 4.972970622399472962e-01 2.763481579125805609e+00
4.170000000000000095e-03 4.989762004704890175e-01 2.763481579125805609e+00
4.180000000000000555e-03 5.006553387010308498e-01 2.763481579125805609e+00
4.190000000000000148e-03 4.996478557627057060e-01 2.763481579125805609e+00
4.200000000000000608e-03 4.939387857788637981e-01 2.763481579125805609e+00
4.210000000000000200e-03 4.919238199022137326e-01 2.763481579125805609e+00
4.220000000000000660e-03 4.835281287495050151e-01 2.763481579125805609e+00
4.230000000000000253e-03 4.731174717201461766e-01 2.763481579125805609e+00
4.240000000000000713e-03 4.637142976291124263e-01 2.763481579125805609e+00
4.250000000000000305e-03 4.533036405997536433e-01 2.763481579125805609e+00
4.260000000000000765e-03 4.381913965248779297e-01 2.763481579125805609e+00
4.270000000000000358e-03 4.193850483428104292e-01 2.763481579125805609e+00
4.279999999999999950e-03 4.049444595601514596e-01 2.763481579125805609e+00
4.290000000000000410e-03 3.847948007936505266e-01 2.763481579125805609e+00
4.300000000000000003e-03 3.629660037966078723e-01 2.763481579125805609e+00
4.310000000000000463e-03 3.411372067995652180e-01 2.763481579125805609e+00
4.320000000000000055e-03 3.186367545103058752e-01 2.763481579125805609e+00
4.330000000000000515e-03 2.951288192827214996e-01 2.763481579125805609e+00
4.340000000000000108e-03 2.679267799479452816e-01 2.763481579125805609e+00
4.350000000000000568e-03 2.407247406131690637e-01 2.763481579125805609e+00
4.360000000000000160e-03 2.105002524634176919e-01 2.472296601960113804e+00
4.370000000000000620e-03 1.836340407747498182e-01 2.152094350129011513e+00
4.380000000000000213e-03 1.550886908555401955e-01 1.827843176251572332e+00
4.390000000000000673e-03 1.245283750596804795e-01 1.493132287087764132e+00
4.400000000000000265e-03 9.161726574106232590e-02 1.158083987753428135e+00
4.410000000000000725e-03 6.206443288352766346e-02 8.132507934737792654e-01
4.420000000000000318e-03 3.217577237988464983e-02 4.647060873183218588e-01
4.430000000000000777e-03 -7.353369387335024522e-04 1.218973540618410456e-01
4.440000000000000370e-03 -3.398227390346000160e-02 -2.310336843104807414e-01
4.449999999999999963e-03 -6.622172792986144585e-02 -5.829524921712183616e-01
4.460000000000000422e-03 -9.711787137182950613e-02 -9.287979169624515086e-01
4.470000000000000015e-03 -1.259990489371474731e-01 -1.274980751924212674e+00
4.480000000000000475e-03 -1.548802265024654401e-01 -1.608004590235380560e+00
4.490000000000000067e-03 -1.861121975905418724e-01 -1.939341377693908353e+00
4.500000000000000527e-03 -2.149933751558598394e-01 -2.263929961741875552e+00
4.510000000000000120e-03 -2.438745527211778064e-01 -2.578058830503473509e+00
4.520000000000000580e-03 -2.697332814715206473e-01 -2.764309244634947316e+00
4.530000000000000172e-03 -2.929053890529966786e-01 -2.764309244634947316e+00
4.540000000000000632e-03 -3.211149113260979848e-01 -2.764309244634947316e+00
4.550000000000000225e-03 -3.416003977387072621e-01 -2.764309244634947316e+00
4.560000000000000685e-03 -3.661158159046166705e-01 -2.764309244634947316e+00
4.570000000000000277e-03 -3.869371299633342920e-01 -2.764309244634947316e+00
4.580000000000000737e-03 -4.060793057915101367e-01 -2.764309244634947316e+00
4.590000000000000330e-03 -4.248856539735776372e-01 -2.764309244634947316e+00
4.600000000000000790e-03 -4.393262427562366623e-01 -2.764309244634947316e+00
4.610000000000000382e-03 -4.524235209544622549e-01 -2.764309244634947316e+00
4.619999999999999975e-03 -4.671999373832295688e-01 -2.764309244634947316e+00
4.630000000000000435e-03 -4.779464220586966960e-01 -2.764309244634947316e+00
4.640000000000000027e-03 -4.870137685036221575e-01 -2.764309244634947316e+00
4.650000000000000487e-03 -4.937303214257890982e-01 -2.764309244634947316e+00
4.660000000000000080e-03 -4.991035637635226618e-01 -2.764309244634947316e+00
4.670000000000000540e-03 -5.017901849323893604e-01 -2.764309244634947316e+00
4.680000000000000132e-03 -5.017901849323893604e-01 -2.764309244634947316e+00
4.690000000000000592e-03 -4.987677361174143176e-01 -2.764309244634947316e+00
4.700000000000000185e-03 -4.940661490718974425e-01 -2.764309244634947316e+00
4.710000000000000644e-03 -4.913795279030306884e-01 -2.764309244634947316e+00
4.720000000000000237e-03 -4.843271473347553480e-01 -2.764309244634947316e+00
4.730000000000000697e-03 -4.766031114742633190e-01 -2.764309244634947316e+00
4.740000000000000289e-03 -4.655207991526878475e-01 -2.764309244634947316e+00
4.750000000000000749e-03 -4.530951762466789434e-01 -2.764309244634947316e+00
4.760000000000000342e-03 -4.399978980484533508e-01 -2.764309244634947316e+00
4.770000000000000802e-03 -4.248856539735776372e-01 -2.764309244634947316e+00
4.780000000000000394e-03 -4.060793057915101367e-01 -2.764309244634947316e+00
4.789999999999999987e-03 -3.862654746711176035e-01 -2.764309244634947316e+00
4.800000000000000447e-03 -3.657799882585083262e-01 -2.764309244634947316e+00
4.810000000000000039e-03 -3.432795359692489834e-01 -2.764309244634947316e+00
4.820000000000000499e-03 -3.234657048488563946e-01 -2.764309244634947316e+00
4.830000000000000092e-03 -2.932412166991050784e-01 -2.764309244634947316e+00
4.840000000000000552e-03 -2.693974538254123030e-01 -2.764309244634947316e+00
4.850000000000000144e-03 -2.415237591984193688e-01 -2.764309244634947316e+00
4.860000000000000604e-03 -2.143217198636431231e-01 -2.486283264119848901e+00
4.870000000000000197e-03 -1.864480252366502167e-01 -2.163719141095049814e+00
4.880000000000000657e-03 -1.552160541485738121e-01 -1.836431275682858466e+00
4.890000000000000249e-03 -1.246557383527140961e-01 -1.503407437371690580e+00
4.900000000000000709e-03 -9.308793961852934729e-02 -1.166334677014186250e+00
4.910000000000000302e-03 -6.319927911488631977e-02 -8.238633539282335105e-01
4.920000000000000762e-03 -3.230313567291825949e-02 -4.726193664085518442e-01
4.930000000000000354e-03 2.721459995915428975e-04 -1.254243009352066229e-01
4.940000000000000814e-03 3.049663414934290773e-02 2.244700459023628580e-01
4.950000000000000407e-03 6.307191582185270318e-02 5.723399317167642275e-01
4.959999999999999999e-03 9.296057632549573069e-02 9.181853565079972634e-01
4.970000000000000459e-03 1.252000303518971680e-01 1.259981859252893965e+00
4.980000000000000052e-03 1.540812079172151627e-01 1.594692748416701944e+00
4.990000000000000512e-03 1.843056960669665068e-01 1.925692125704701718e+00
5.000000000000000104e-03 2.135227012783928457e-01 2.249943299582140455e+00
5.010000000000000564e-03 2.410605682592774079e-01 2.566434039537434764e+00
5.020000000000000157e-03 2.689342628862703144e-01 2.763481579125805609e+00
5.030000000000000616e-03 2.917705428216380015e-01 2.763481579125805609e+00
5.040000000000000209e-03 3.206517203869559962e-01 2.763481579125805609e+00
5.050000000000000669e-03 3.421446897378903063e-01 2.763481579125805609e+00
5.060000000000000261e-03 3.649809696732579933e-01 2.763481579125805609e+00
5.070000000000000721e-03 3.837873178553254938e-01 2.763481579125805609e+00
5.080000000000000314e-03 4.062877701445848366e-01 2.763481579125805609e+00
5.090000000000000774e-03 4.240866353883273043e-01 2.763481579125805609e+00
5.100000000000000366e-03 4.398705347554197065e-01 2.763481579125805609e+00
5.110000000000000826e-03 4.533036405997536433e-01 2.763481579125805609e+00
