-5.120000000000000419e-03 5.904198406855253045e-02 6.938075931068558022e-01
-5.110000000000000826e-03 5.534787996136069504e-02 6.371226844581463489e-01
-5.100000000000000366e-03 4.896715468530207088e-02 5.831370571736612662e-01
-5.090000000000000774e-03 4.392973999367684457e-02 5.197039451143911082e-01
-5.080000000000000314e-03 3.822067000983492280e-02 4.609945754425135434e-01
-5.070000000000000721e-03 3.351908296431804074e-02 3.975614633832433853e-01
-5.060000000000000261e-03 2.680253004215107232e-02 3.344657614945013568e-01
-5.050000000000000669e-03 2.210094299663419373e-02 2.609103443193903082e-01
-5.040000000000000209e-03 1.773518359722566287e-02 1.947779508958960293e-01
-5.030000000000000616e-03 7.660354213975209374e-03 1.293203778134577597e-01
-5.020000000000000157e-03 3.294594814566679380e-03 5.947647251415506819e-02
-5.010000000000000564e-03 -1.071164584841851047e-03 -1.407894466095597347e-02
-5.000000000000000104e-03 -7.451889860900472173e-03 -8.257320927814652822e-02
-4.990000000000000512e-03 -1.719089159804257708e-02 -1.547789857711454331e-01
-4.980000000000000052e-03 -2.256413393577615459e-02 -2.209113791946397676e-01
-4.970000000000000459e-03 -2.995234215015982193e-02 -2.914301048349985379e-01
-4.959999999999999999e-03 -3.263896331902661069e-02 -3.595869592816610671e-01
-4.950000000000000407e-03 -4.170630976395201667e-02 -4.270689933872675592e-01
-4.940000000000000814e-03 -4.741537974779394538e-02 -4.847661325475610683e-01
-4.930000000000000354e-03 -4.976617327055238293e-02 -5.498862954594712082e-01
-4.920000000000000762e-03 -5.883351971547778891e-02 -6.102827159839889770e-01
-4.910000000000000302e-03 -6.084848559212788222e-02 -6.656179839505863560e-01
-4.900000000000000709e-03 -6.689338322207816212e-02 -7.226403027698237169e-01
-4.890000000000000249e-03 -6.991583203705328819e-02 -7.776381605658930773e-01
-4.880000000000000657e-03 -7.596072966700356810e-02 -8.275748658040418260e-01
-4.870000000000000197e-03 -8.234145494306219226e-02 -8.744748795074382963e-01
-4.860000000000000604e-03 -8.234145494306219226e-02 -9.126022287771059505e-01
-4.850000000000000144e-03 -8.771469728079575590e-02 -9.487051170236053821e-01
-4.840000000000000552e-03 -9.140880138798759824e-02 -9.848080052701048137e-01
-4.830000000000000092e-03 -9.409542255685438006e-02 -1.018549022322908115e+00
-4.820000000000000499e-03 -9.611038843350447336e-02 -1.046216656306206749e+00
-4.810000000000000039e-03 -9.611038843350447336e-02 -1.068485727561057086e+00
-4.800000000000000447e-03 -9.678204372572116188e-02 -1.087380697110626793e+00
-4.789999999999999987e-03 -1.001403201868046600e-01 -1.102564154784388295e+00
-4.780000000000000394e-03 -1.001403201868046600e-01 -1.108974948024420870e+00
-4.770000000000000802e-03 -9.745369901793787815e-02 -1.118085022628677816e+00
-4.760000000000000342e-03 -9.879700960237125518e-02 -1.117072792117093538e+00
-4.750000000000000749e-03 -1.014836307712380370e-01 -1.113361280241285334e+00
-4.740000000000000289e-03 -9.879700960237125518e-02 -1.106950487001252759e+00
-4.730000000000000697e-03 -9.611038843350447336e-02 -1.095815951373827701e+00
-4.720000000000000237e-03 -9.443125020296272432e-02 -1.080969903870594218e+00
-4.710000000000000644e-03 -9.711787137182950613e-02 -1.061737524150496270e+00
-4.700000000000000185e-03 -9.174462903409594250e-02 -1.034069890167197636e+00
-4.690000000000000592e-03 -8.872218021912081642e-02 -1.004715205331258909e+00
-4.680000000000000132e-03 -8.805052492690410015e-02 -9.773849815184881829e-01
-4.670000000000000540e-03 -8.301311023527888078e-02 -9.395950424193485473e-01
-4.660000000000000080e-03 -8.133397200473713173e-02 -9.007928728086248560e-01
-4.650000000000000487e-03 -7.528907437478687958e-02 -8.559173201283964971e-01
-4.640000000000000027e-03 -7.125914262148669298e-02 -8.086798962544720082e-01
-4.630000000000000435e-03 -6.924417674483659968e-02 -7.560439096520989999e-01
-4.619999999999999975e-03 -6.454258969931972456e-02 -7.084690756076463813e-01
-4.610000000000000382e-03 -5.581107090050265590e-02 -6.494222957652407979e-01
-4.600000000000000790e-03 -5.110948385498577384e-02 -5.913877464344191592e-01
-4.590000000000000330e-03 -4.842286268611898509e-02 -5.323409665920135758e-01
-4.580000000000000737e-03 -3.901968859508522791e-02 -4.665459833390472877e-01
-4.570000000000000277e-03 -3.532558448789339944e-02 -4.044625119618893150e-01
-4.560000000000000685e-03 -2.692989333518468545e-02 -3.352934270036427300e-01
-4.550000000000000225e-03 -1.987751276690936583e-02 -2.705106742622604976e-01
-4.540000000000000632e-03 -1.584758101360918270e-02 -1.999919486219017828e-01
-4.530000000000000172e-03 -9.466855737550563740e-03 -1.318350941752392536e-01
-4.520000000000000580e-03 -2.750302815383593585e-03 -6.469047024016082170e-02
-4.510000000000000120e-03 1.615456584024936842e-03 4.478614718085802311e-03
-4.500000000000000527e-03 7.996181860083557968e-03 7.465993018791651503e-02
-4.490000000000000067e-03 1.706352830500896742e-02 1.465282965103874013e-01
-4.480000000000000475e-03 2.075763241220079935e-02 2.126606899338817358e-01
-4.470000000000000015e-03 2.814584062658446670e-02 2.865535172795208307e-01
-4.460000000000000422e-03 3.217577237988464983e-02 3.489743988272068220e-01
-4.449999999999999963e-03 3.922815294815996945e-02 4.107204600338366651e-01
-4.440000000000000370e-03 4.493722293200189122e-02 4.798895449920833611e-01
-4.430000000000000777e-03 4.863132703919372662e-02 5.433226570513534082e-01
-4.420000000000000318e-03 5.467622466914399959e-02 6.016946165527029544e-01
-4.410000000000000725e-03 6.072112229909427256e-02 6.577047048603563706e-01
-4.400000000000000265e-03 6.609436463682785701e-02 7.157392541911778983e-01
-4.390000000000000673e-03 6.911681345180298308e-02 7.677004204524948694e-01
-4.380000000000000213e-03 7.415422814342820246e-02 8.186493562022277848e-01
-4.370000000000000620e-03 8.019912577337848236e-02 8.635249088824560326e-01
-4.360000000000000160e-03 8.355740223446198045e-02 9.053637700279321132e-01
-4.350000000000000568e-03 8.490071281889535748e-02 9.421414786154875820e-01
-4.340000000000000108e-03 8.691567869554545078e-02 9.792565973735711804e-01
-4.330000000000000515e-03 9.228892103327901442e-02 1.011985383914790093e+00
-4.320000000000000055e-03 9.094561044884563739e-02 1.038640787386504671e+00
-4.310000000000000463e-03 9.430388690992910772e-02 1.058210577277130637e+00
-4.300000000000000003e-03 9.699050807879591729e-02 1.080479648531980752e+00
-4.290000000000000410e-03 9.833381866322929432e-02 1.094313465523629958e+00
-4.279999999999999950e-03 9.799799101712095006e-02 1.101736489275246811e+00
-4.270000000000000358e-03 9.799799101712095006e-02 1.106122821492111274e+00
-4.260000000000000765e-03 9.833381866322929432e-02 1.113883255414255924e+00
-4.250000000000000305e-03 9.799799101712095006e-02 1.107809872344751367e+00
-4.240000000000000713e-03 9.967712924766269911e-02 1.098024977399438384e+00
-4.230000000000000253e-03 9.598302514047085676e-02 1.087565262113069364e+00
-4.220000000000000660e-03 9.833381866322929432e-02 1.071032163757195788e+00
-4.210000000000000200e-03 9.631885278657920102e-02 1.053824245060266174e+00
-4.200000000000000608e-03 9.094561044884563739e-02 1.024469560224327447e+00
-4.190000000000000148e-03 9.060978280273729313e-02 9.978141567526128686e-01
-4.180000000000000555e-03 8.456488517278701322e-02 9.684594719166741417e-01
-4.170000000000000095e-03 8.019912577337848236e-02 9.316817633291185619e-01
-4.160000000000000503e-03 7.851998754283673332e-02 8.901803123541706109e-01
-4.150000000000000043e-03 7.314674520510316968e-02 8.459795800149984002e-01
-4.140000000000000450e-03 7.213926226677810916e-02 7.950306442652654848e-01
-4.129999999999999991e-03 6.676601992904454552e-02 7.471184000502849587e-01
-4.120000000000000398e-03 5.971363936076922591e-02 6.971816948121360991e-01
-4.109999999999999938e-03 5.400456937692730414e-02 6.415090166750108125e-01
-4.100000000000000346e-03 5.266125879249390629e-02 5.848241080263013592e-01
-4.090000000000000753e-03 4.292225705535179792e-02 5.234154569901995346e-01
-4.080000000000000293e-03 4.090729117870171155e-02 4.623442161246256177e-01
-4.070000000000000701e-03 3.452656590264308739e-02 4.005981549179957746e-01
-4.060000000000000241e-03 2.713835768825942352e-02 3.344657614945013568e-01
-4.050000000000000648e-03 2.277259828885089266e-02 2.649592663657267533e-01
-4.040000000000000188e-03 1.639187301279226849e-02 1.937657203843119180e-01
-4.030000000000000596e-03 6.988698921758513052e-03 1.276333269608175836e-01
-4.020000000000000136e-03 1.615456584024936842e-03 5.509014029729064621e-02
-4.010000000000000543e-03 -2.414475169275244991e-03 -1.542858534306810331e-02
-4.000000000000000083e-03 -1.114599396809230585e-02 -9.033364320029127481e-02
-3.990000000000000491e-03 -1.517592572139248724e-02 -1.571408569648416742e-01
-3.980000000000000031e-03 -2.122082335134276021e-02 -2.229358402178079623e-01
-3.970000000000000438e-03 -2.827320391961807983e-02 -2.917675150055265565e-01
-3.959999999999999978e-03 -3.532558448789339944e-02 -3.619488304753573082e-01
-3.950000000000000386e-03 -4.069882682562697002e-02 -4.253819425346273553e-01
-3.939999999999999926e-03 -4.506458622503550088e-02 -4.881402342528413651e-01
-3.930000000000000333e-03 -5.110948385498577384e-02 -5.522481666531674493e-01
-3.920000000000000741e-03 -5.681855383882770255e-02 -6.055589735965966058e-01
-3.910000000000000281e-03 -6.219179617656127312e-02 -6.669676246326984304e-01
-3.900000000000000255e-03 -6.588590028375310159e-02 -7.219654824287676798e-01
-3.890000000000000228e-03 -7.226662555981172575e-02 -7.722395978374445580e-01
-3.880000000000000202e-03 -7.562490202089522384e-02 -8.215014827345372694e-01
-3.870000000000000176e-03 -8.133397200473713173e-02 -8.630029337094852204e-01
-3.860000000000000150e-03 -8.301311023527888078e-02 -9.105777677539377279e-01
-3.850000000000000124e-03 -8.569973140414566259e-02 -9.466806560004372706e-01
-3.840000000000000531e-03 -9.040131844966253771e-02 -9.824461340764086836e-01
-3.830000000000000505e-03 -9.208045668020428676e-02 -1.011463408741819503e+00
-3.820000000000000479e-03 -9.409542255685438006e-02 -1.043517374941982601e+00
-3.810000000000000452e-03 -9.678204372572116188e-02 -1.064774215685248659e+00
-3.800000000000000426e-03 -1.004761478329130042e-01 -1.086368466599042737e+00
-3.790000000000000400e-03 -1.018194584173464090e-01 -1.102564154784388295e+00
-3.780000000000000374e-03 -9.846118195626291092e-02 -1.108637537853892852e+00
-3.770000000000000347e-03 -1.021552860634547533e-01 -1.118422432799205835e+00
-3.760000000000000321e-03 -1.008119754790213485e-01 -1.118759842969733853e+00
-3.750000000000000295e-03 -1.001403201868046600e-01 -1.119434663310789890e+00
-3.740000000000000269e-03 -9.913283724847959943e-02 -1.109312358194948889e+00
-3.730000000000000242e-03 -9.980449254069631571e-02 -1.095815951373827701e+00
-3.720000000000000216e-03 -9.812535431015456666e-02 -1.081307314041122236e+00
-3.710000000000000190e-03 -9.611038843350447336e-02 -1.063087164832608567e+00
-3.700000000000000164e-03 -9.443125020296272432e-02 -1.039805863066174174e+00
-3.690000000000000138e-03 -8.972966315744584920e-02 -1.007414486695483058e+00
-3.680000000000000111e-03 -8.670721434247072312e-02 -9.740108798132078860e-01
-3.670000000000000085e-03 -8.368476552749556929e-02 -9.389202220782925101e-01
-3.660000000000000493e-03 -8.032648906641209896e-02 -8.967439507622884109e-01
-3.650000000000000466e-03 -7.730404025143694513e-02 -8.576043709810367011e-01
-3.640000000000000440e-03 -7.159497026759503724e-02 -8.100295369365840825e-01
-3.630000000000000414e-03 -6.454258969931972456e-02 -7.590806011868512782e-01
-3.620000000000000388e-03 -6.051265794601953102e-02 -7.071194349255343070e-01
-3.610000000000000361e-03 -5.782603677715274226e-02 -6.527963974705210948e-01
-3.600000000000000335e-03 -4.976617327055238293e-02 -5.937496176281154003e-01
-3.590000000000000309e-03 -4.741537974779394538e-02 -5.326783767625415944e-01
-3.580000000000000283e-03 -3.969134388730193030e-02 -4.712697257264397699e-01
-3.570000000000000256e-03 -3.532558448789339944e-02 -4.061495628145295189e-01
-3.560000000000000230e-03 -2.860903156572642755e-02 -3.359682473446987672e-01
-3.550000000000000204e-03 -2.222830628966780686e-02 -2.674739827275082193e-01
-3.540000000000000178e-03 -1.819837453636762373e-02 -2.064027418619343857e-01
-3.530000000000000152e-03 -1.114599396809230585e-02 -1.352091958805195782e-01
-3.520000000000000125e-03 -3.086130461491942180e-03 -6.570270075174491908e-02
-3.510000000000000099e-03 1.615456584024936842e-03 3.128974035973673337e-03
-3.500000000000000073e-03 1.068280302895034672e-02 7.567216069950061241e-02
-3.490000000000000480e-03 1.504856242835887585e-02 1.458534761693313364e-01
-3.480000000000000454e-03 2.210094299663419373e-02 2.133355102749378007e-01
-3.470000000000000428e-03 2.982497885712620880e-02 2.862161071089928122e-01
-3.460000000000000402e-03 3.116828944155960318e-02 3.530233208735431560e-01
-3.450000000000000375e-03 3.788484236372657160e-02 4.205053549791496481e-01
-3.440000000000000349e-03 4.359391234756850031e-02 4.798895449920833611e-01
-3.430000000000000323e-03 4.963880997751877328e-02 5.412981960281851856e-01
-3.420000000000000297e-03 5.534787996136069504e-02 6.013572063821749358e-01
-3.410000000000000270e-03 6.105694994520261681e-02 6.597291658835245931e-01
-3.400000000000000244e-03 6.508688169850279648e-02 7.160766643617059168e-01
-3.390000000000000218e-03 7.113177932845307638e-02 7.666881899409108136e-01
-3.380000000000000192e-03 7.381840049731985820e-02 8.146004341558913397e-01
-3.370000000000000166e-03 7.919164283505344959e-02 8.611630376887597915e-01
-3.360000000000000139e-03 8.187826400392023141e-02 9.043515395163479464e-01
-3.350000000000000113e-03 8.657985104943710652e-02 9.418040684449595634e-01
-3.340000000000000087e-03 8.792316163387051131e-02 9.789191872030430508e-01
-3.330000000000000061e-03 9.430388690992910772e-02 1.009623512721093963e+00
-3.320000000000000468e-03 9.430388690992910772e-02 1.031217763634888041e+00
-3.310000000000000442e-03 9.396805926382076346e-02 1.056860936595018563e+00
-3.300000000000000416e-03 9.699050807879591729e-02 1.079467418020396696e+00
-3.290000000000000389e-03 1.006846121859877319e-01 1.090601953647821754e+00
-3.280000000000000363e-03 9.967712924766269911e-02 1.099712028252078477e+00
-3.270000000000000337e-03 9.833381866322929432e-02 1.106797641833167312e+00
-3.260000000000000311e-03 9.900547395544601059e-02 1.105785411321583034e+00
-3.250000000000000284e-03 9.631885278657920102e-02 1.103760950298414922e+00
-3.240000000000000258e-03 9.699050807879591729e-02 1.093301235012045902e+00
-3.230000000000000232e-03 9.766216337101260581e-02 1.084191160407789178e+00
-3.220000000000000206e-03 9.396805926382076346e-02 1.067658062051915380e+00
-3.210000000000000180e-03 9.228892103327901442e-02 1.048088272161289636e+00
-3.200000000000000153e-03 9.296057632549573069e-02 1.028518482270663670e+00
-3.190000000000000127e-03 8.926647221830388834e-02 9.964645160705007942e-01
-3.180000000000000101e-03 8.893064457219554408e-02 9.674472414050899749e-01
-3.170000000000000075e-03 8.254991929613691992e-02 9.323565836701745990e-01
-3.160000000000000048e-03 7.751250460451170055e-02 8.945666445710350745e-01
-3.150000000000000456e-03 7.616919402007829576e-02 8.469918105265824559e-01
-3.140000000000000430e-03 6.743767522126123404e-02 7.990795663116019298e-01
-3.130000000000000403e-03 6.508688169850279648e-02 7.515047322671493113e-01
-3.120000000000000377e-03 6.139277759131096801e-02 7.012306168584725441e-01
-3.110000000000000351e-03 5.635536289968574170e-02 6.421838370160668497e-01
-3.100000000000000325e-03 4.728801645476032878e-02 5.817874164915490809e-01
-3.090000000000000299e-03 4.359391234756850031e-02 5.234154569901995346e-01
-3.080000000000000272e-03 3.922815294815996945e-02 4.620068059540975991e-01
-3.070000000000000246e-03 3.318325531820969648e-02 3.989111040653555706e-01
-3.060000000000000220e-03 2.680253004215107232e-02 3.314290699597490786e-01
-3.050000000000000194e-03 2.176511535052584601e-02 2.602355239783342711e-01
-3.040000000000000167e-03 1.672770065890061969e-02 1.927534898727278345e-01
-3.030000000000000141e-03 9.003664798408602885e-03 1.266210964492335000e-01
-3.020000000000000115e-03 2.958767168458330786e-03 5.407790978570654883e-02
-3.010000000000000089e-03 -2.078647523166896396e-03 -1.542858534306810331e-02
-3.000000000000000062e-03 -9.466855737550563740e-03 -9.033364320029127481e-02
-2.990000000000000036e-03 -1.383261513695909287e-02 -1.581530874764257577e-01
-2.980000000000000444e-03 -2.558658275075129107e-02 -2.242854808999200922e-01
-2.970000000000000417e-03 -2.928068685794312301e-02 -2.985157184160871502e-01
-2.960000000000000391e-03 -3.734055036454348581e-02 -3.599243694521890857e-01
-2.950000000000000365e-03 -3.935551624119357911e-02 -4.247071221935713181e-01
-2.940000000000000339e-03 -4.640789680946889872e-02 -4.918517461286496806e-01
-2.930000000000000313e-03 -5.178113914720246930e-02 -5.488740649478871525e-01
-2.920000000000000286e-03 -5.816186442326109346e-02 -6.082582549608208655e-01
-2.910000000000000260e-03 -6.319927911488631977e-02 -6.673050348032264489e-01
-2.900000000000000234e-03 -6.689338322207816212e-02 -7.243273536224639209e-01
-2.890000000000000208e-03 -7.125914262148669298e-02 -7.756136995427248548e-01
-2.880000000000000181e-03 -7.663238495922025661e-02 -8.285870963156258817e-01
-2.870000000000000155e-03 -7.965483377419541045e-02 -8.714381879726860181e-01
-2.860000000000000129e-03 -8.267728258917053652e-02 -9.149640999708021916e-01
-2.850000000000000103e-03 -8.838635257301244441e-02 -9.530914492404698457e-01
-2.840000000000000076e-03 -9.140880138798759824e-02 -9.858202357816889805e-01
-2.830000000000000050e-03 -9.342376726463769154e-02 -1.021923124028188523e+00
-2.820000000000000024e-03 -9.510290549517944059e-02 -1.049928168182015176e+00
-2.810000000000000431e-03 -9.812535431015456666e-02 -1.066461266537888752e+00
-2.800000000000000405e-03 -9.980449254069631571e-02 -1.090079978474851163e+00
-2.790000000000000379e-03 -1.018194584173464090e-01 -1.100877103931747980e+00
-2.780000000000000353e-03 -1.011478031251296927e-01 -1.112349049729701278e+00
-2.770000000000000327e-03 -9.980449254069631571e-02 -1.114710920923397408e+00
-2.760000000000000300e-03 -1.018194584173464090e-01 -1.115723151434981464e+00
-2.750000000000000274e-03 -1.011478031251296927e-01 -1.114373510752869390e+00
-2.740000000000000248e-03 -9.745369901793787815e-02 -1.108637537853892852e+00
-2.730000000000000222e-03 -9.913283724847959943e-02 -1.093791490350659368e+00
-2.720000000000000195e-03 -9.778952666404622240e-02 -1.084006595405346385e+00
-2.710000000000000169e-03 -9.375959491074603580e-02 -1.058026012274688066e+00
-2.700000000000000143e-03 -9.577456078739612910e-02 -1.036769171531422007e+00
-2.690000000000000117e-03 -9.174462903409594250e-02 -1.010113768059707429e+00
-2.680000000000000090e-03 -8.637138669636237887e-02 -9.746857001542639232e-01
-2.670000000000000064e-03 -8.234145494306219226e-02 -9.406072729309326030e-01
-2.660000000000000038e-03 -7.864735083587034992e-02 -8.997806422970406892e-01
-2.650000000000000012e-03 -7.596072966700356810e-02 -8.569295506399806639e-01
-2.640000000000000419e-03 -6.924417674483659968e-02 -8.080050759134159710e-01
-2.630000000000000393e-03 -6.655755557596981786e-02 -7.634669334037156307e-01
-2.620000000000000367e-03 -6.185596853045292887e-02 -7.061072044139501402e-01
-2.610000000000000341e-03 -5.849769206936944466e-02 -6.473978347420725754e-01
-2.600000000000000314e-03 -5.379610502385256260e-02 -5.893632854112510477e-01
-2.590000000000000288e-03 -4.842286268611898509e-02 -5.259301733519808897e-01
-2.580000000000000262e-03 -3.969134388730193030e-02 -4.682330341916874916e-01
-2.570000000000000236e-03 -3.398227390346000160e-02 -4.044625119618893150e-01
-2.560000000000000209e-03 -2.995234215015982193e-02 -3.349560168331147114e-01
-2.550000000000000183e-03 -2.390744452020954897e-02 -2.698358539212044604e-01
-2.540000000000000157e-03 -1.719089159804257708e-02 -1.999919486219017828e-01
-2.530000000000000131e-03 -1.114599396809230585e-02 -1.335221450278794020e-01
-2.520000000000000104e-03 -4.093613399816987096e-03 -6.334082955804869186e-02
-2.510000000000000078e-03 3.294594814566679380e-03 1.122681812864644892e-02
-2.500000000000000052e-03 9.675320090625300073e-03 7.567216069950061241e-02
-2.490000000000000026e-03 1.504856242835887585e-02 1.461908863398593550e-01
-2.480000000000000000e-03 2.042180476609245163e-02 2.180592526623302552e-01
-2.470000000000000407e-03 2.713835768825942352e-02 2.865535172795208307e-01
-2.460000000000000381e-03 3.318325531820969648e-02 3.520110903619591003e-01
-2.450000000000000355e-03 3.822067000983492280e-02 4.167938431033412217e-01
-2.440000000000000328e-03 4.628053351643528213e-02 4.805643653331393983e-01
-2.430000000000000302e-03 5.031046526973546873e-02 5.433226570513534082e-01
-2.420000000000000276e-03 5.601953525357739050e-02 6.064183589400954366e-01
-2.410000000000000250e-03 5.937781171466087471e-02 6.634406777593329085e-01
-2.400000000000000223e-03 6.911681345180298308e-02 7.160766643617059168e-01
-2.390000000000000197e-03 7.348257285121151394e-02 7.673630102819668508e-01
-2.380000000000000171e-03 7.247508991288648117e-02 8.169623053495875808e-01
-2.370000000000000145e-03 7.583336637396995150e-02 8.618378580298159397e-01
-2.360000000000000119e-03 8.456488517278701322e-02 9.036767191752919093e-01
-2.350000000000000092e-03 8.792316163387051131e-02 9.391047870807353037e-01
-2.340000000000000066e-03 8.758733398776213930e-02 9.752076753272347354e-01
-2.330000000000000040e-03 9.027395515662894887e-02 1.006249411015813555e+00
-2.320000000000000014e-03 9.396805926382076346e-02 1.033242224658056152e+00
-2.309999999999999987e-03 9.531136984825416825e-02 1.053149424719210137e+00
-2.300000000000000395e-03 9.329640397160407495e-02 1.075418495974060251e+00
-2.290000000000000369e-03 9.665468043268754528e-02 1.088240082454125401e+00
-2.280000000000000342e-03 9.900547395544601059e-02 1.098362387569966403e+00
-2.270000000000000316e-03 9.934130160155435485e-02 1.105110590980526997e+00
-2.260000000000000290e-03 9.799799101712095006e-02 1.104435770639470960e+00
-2.250000000000000264e-03 1.003487845398793876e-01 1.107809872344751367e+00
-2.240000000000000237e-03 9.497554220214582399e-02 1.093638645182573921e+00
-2.230000000000000211e-03 9.866964630933763858e-02 1.085540801089901253e+00
-2.220000000000000185e-03 9.631885278657920102e-02 1.069345112904555695e+00
-2.210000000000000159e-03 9.430388690992910772e-02 1.044376760285481209e+00
-2.200000000000000133e-03 8.993812751052057686e-02 1.028855892441191688e+00
-2.190000000000000106e-03 8.657985104943710652e-02 9.998386177757810911e-01
-2.180000000000000080e-03 8.691567869554545078e-02 9.681220617461461231e-01
-2.170000000000000054e-03 8.087078106559517088e-02 9.293198921354223208e-01
-2.160000000000000028e-03 7.516171108175326299e-02 8.881558513310023883e-01
-2.150000000000000001e-03 7.449005578953654672e-02 8.446299393328862148e-01
-2.139999999999999975e-03 6.911681345180298308e-02 7.977299256294897445e-01
-2.130000000000000383e-03 6.340774346796104743e-02 7.481306305618690144e-01
-2.120000000000000356e-03 5.937781171466087471e-02 6.968442846416080805e-01
-2.110000000000000330e-03 5.669119054579408595e-02 6.421838370160668497e-01
-2.100000000000000304e-03 5.031046526973546873e-02 5.794255452978528398e-01
-2.090000000000000278e-03 4.392973999367684457e-02 5.234154569901995346e-01
-2.080000000000000251e-03 3.788484236372657160e-02 4.566082432256490797e-01
-2.070000000000000225e-03 3.049663414934290773e-02 3.928377209958510141e-01
-2.060000000000000199e-03 2.781001298047611897e-02 3.240060462081323367e-01
-2.050000000000000173e-03 2.243677064274254146e-02 2.588858832962221967e-01
-2.040000000000000147e-03 1.471273478225052812e-02 1.883671576558633987e-01
-2.030000000000000120e-03 9.003664798408602885e-03 1.249340455965933239e-01
-2.020000000000000094e-03 1.951284230133285436e-03 5.137862842148228915e-02
-2.010000000000000068e-03 -3.086130461491942180e-03 -1.779045653676433053e-02
-2.000000000000000042e-03 -8.795200445333866551e-03 -8.662213132448291775e-02
-1.990000000000000015e-03 -1.685506395193422935e-02 -1.564660366237856093e-01
-1.979999999999999989e-03 -2.457909981242624442e-02 -2.236106605588640273e-01
-1.969999999999999963e-03 -3.062399744237651739e-02 -2.958164370518628905e-01
-1.960000000000000370e-03 -3.364644625735165734e-02 -3.595869592816610671e-01
-1.950000000000000127e-03 -4.002717153341027456e-02 -4.243697120230432995e-01
-1.940000000000000101e-03 -4.338544799449375877e-02 -4.878028240823133466e-01
-1.930000000000000075e-03 -5.010200091666072719e-02 -5.492114751184151711e-01
-1.920000000000000265e-03 -5.681855383882770255e-02 -6.082582549608208655e-01
-1.910000000000000239e-03 -5.950517500769448437e-02 -6.689920856558666529e-01
-1.900000000000000213e-03 -6.924417674483659968e-02 -7.287136858393283845e-01
-1.890000000000000187e-03 -7.193079791370338150e-02 -7.762885198837808920e-01
-1.880000000000000161e-03 -7.629655731311191236e-02 -8.238633539282335105e-01
-1.870000000000000134e-03 -8.099814435862878748e-02 -8.694137269495177955e-01
-1.860000000000000108e-03 -8.536390375803731834e-02 -9.156389203118582287e-01
-1.850000000000000082e-03 -8.805052492690410015e-02 -9.561281407752221240e-01
-1.840000000000000056e-03 -8.972966315744584920e-02 -9.908813883396094813e-01
-1.830000000000000246e-03 -9.241628432631263101e-02 -1.014500100276571892e+00
-1.820000000000000220e-03 -9.678204372572116188e-02 -1.045541835965150712e+00
-1.810000000000000194e-03 -9.812535431015456666e-02 -1.071859829266337272e+00
-1.800000000000000168e-03 -9.644621607961281762e-02 -1.088730337792738867e+00
-1.790000000000000141e-03 -1.031627690017797860e-01 -1.101214514102276221e+00
-1.780000000000000115e-03 -1.038344242939964746e-01 -1.112349049729701278e+00
-1.770000000000000089e-03 -1.021552860634547533e-01 -1.116735381946565520e+00
-1.760000000000000063e-03 -9.946866489458794369e-02 -1.113361280241285334e+00
-1.750000000000000036e-03 -9.812535431015456666e-02 -1.113023870070757315e+00
-1.740000000000000227e-03 -1.008119754790213485e-01 -1.107625307342308796e+00
-1.730000000000000201e-03 -9.846118195626291092e-02 -1.096153361544355720e+00
-1.720000000000000175e-03 -9.678204372572116188e-02 -1.084681415746402644e+00
-1.710000000000000148e-03 -9.476707784907106857e-02 -1.064774215685248659e+00
-1.700000000000000122e-03 -9.308793961852934729e-02 -1.037781402043006063e+00
-1.690000000000000096e-03 -9.073714609577090973e-02 -1.008426717207067336e+00
-1.680000000000000070e-03 -8.771469728079575590e-02 -9.753605204953199603e-01
-1.670000000000000043e-03 -8.032648906641209896e-02 -9.402698627604045845e-01
-1.660000000000000234e-03 -8.133397200473713173e-02 -9.014676931496808931e-01
-1.650000000000000208e-03 -7.596072966700356810e-02 -8.542302692757564042e-01
-1.640000000000000182e-03 -7.193079791370338150e-02 -8.113791776186962679e-01
-1.630000000000000155e-03 -6.790086616040319489e-02 -7.584057808457952410e-01
-1.620000000000000129e-03 -6.051265794601953102e-02 -7.034079230497258806e-01
-1.610000000000000103e-03 -5.715438148493604681e-02 -6.504345262768248537e-01
-1.600000000000000077e-03 -5.547524325439430470e-02 -5.930747972870593632e-01
-1.590000000000000050e-03 -4.372127564060210997e-02 -5.279546343751491122e-01
-1.580000000000000024e-03 -3.767637801065183700e-02 -4.672208036801033249e-01
-1.570000000000000215e-03 -3.263896331902661069e-02 -4.017632305976650553e-01
-1.560000000000000189e-03 -2.827320391961807983e-02 -3.376552981973389711e-01
-1.550000000000000162e-03 -2.323578922799285004e-02 -2.667991623864521822e-01
-1.540000000000000136e-03 -1.517592572139248724e-02 -1.959430265755653933e-01
-1.530000000000000110e-03 -1.349678749085074514e-02 -1.318350941752392536e-01
-1.520000000000000084e-03 -2.414475169275244991e-03 -6.131636853488049710e-02
-1.510000000000000057e-03 3.630422460675027975e-03 1.358868932234267440e-02
-1.500000000000000031e-03 7.324526567866860779e-03 7.600957087002864487e-02
-1.490000000000000222e-03 1.404107949003383093e-02 1.478779371924995312e-01
-1.480000000000000196e-03 2.378008122717593584e-02 2.150225611275779491e-01
-1.470000000000000169e-03 2.680253004215107232e-02 2.828420054037124043e-01
-1.460000000000000143e-03 3.452656590264308739e-02 3.476247581450946367e-01
-1.450000000000000117e-03 3.989980824037666490e-02 4.147693820801731102e-01
-1.440000000000000091e-03 4.661636116254363332e-02 4.802269551626113797e-01
-1.430000000000000064e-03 4.963880997751877328e-02 5.409607858576571671e-01
-1.420000000000000038e-03 5.534787996136069504e-02 6.006823860411188987e-01
-1.410000000000000012e-03 5.904198406855253045e-02 6.580421150308843892e-01
-1.400000000000000203e-03 6.542270934461114074e-02 7.120277423153695828e-01
-1.390000000000000176e-03 6.844515815958629457e-02 7.629766780651023872e-01
-1.380000000000000150e-03 7.348257285121151394e-02 8.098766917684989686e-01
-1.370000000000000124e-03 7.952747048116179385e-02 8.574515258129514761e-01
-1.360000000000000098e-03 8.221409165002857566e-02 8.996277971289554642e-01
-1.350000000000000071e-03 8.590819575722041801e-02 9.384299667396792666e-01
-1.340000000000000045e-03 8.960229986441223260e-02 9.765573160093469207e-01
-1.330000000000000019e-03 9.396805926382076346e-02 1.004562360163173462e+00
-1.320000000000000210e-03 9.296057632549573069e-02 1.035604095851752504e+00
-1.310000000000000183e-03 9.363223161771241920e-02 1.055173885742378248e+00
-1.300000000000000157e-03 9.598302514047085676e-02 1.073731445121420158e+00
-1.290000000000000131e-03 9.699050807879591729e-02 1.089252312965709457e+00
-1.280000000000000105e-03 1.006846121859877319e-01 1.099374618081550459e+00
-1.270000000000000078e-03 1.003487845398793876e-01 1.106122821492111274e+00
-1.260000000000000052e-03 1.003487845398793876e-01 1.104098360468942941e+00
-1.250000000000000026e-03 9.967712924766269911e-02 1.103423540127886904e+00
-1.240000000000000000e-03 9.900547395544601059e-02 1.096000516376270273e+00
-1.230000000000000190e-03 9.699050807879591729e-02 1.086890441772013327e+00
-1.220000000000000164e-03 9.497554220214582399e-02 1.073056624780363899e+00
-1.210000000000000138e-03 9.296057632549573069e-02 1.050787553525513784e+00
-1.200000000000000112e-03 9.363223161771241920e-02 1.024469560224327447e+00
-1.190000000000000085e-03 8.725150634165379504e-02 9.998386177757810911e-01
-1.180000000000000059e-03 8.355740223446198045e-02 9.674472414050899749e-01
-1.170000000000000033e-03 8.288574694224526418e-02 9.323565836701745990e-01
-1.160000000000000007e-03 7.784833225062004480e-02 8.922047733773388334e-01
-1.150000000000000197e-03 7.381840049731985820e-02 8.453047596739423630e-01
-1.140000000000000171e-03 7.046012403623638787e-02 7.990795663116019298e-01
-1.130000000000000145e-03 6.475105405239445222e-02 7.504925017555652556e-01
-1.120000000000000119e-03 6.004946700687757016e-02 6.992061558353043216e-01
-1.110000000000000092e-03 5.601953525357739050e-02 6.408341963339547753e-01
-1.100000000000000066e-03 4.963880997751877328e-02 5.827996470031331366e-01
-1.090000000000000040e-03 4.359391234756850031e-02 5.207161756259752750e-01
-1.080000000000000014e-03 3.788484236372657160e-02 4.620068059540975991e-01
-1.069999999999999988e-03 3.519822119485978285e-02 3.938499515074350699e-01
-1.060000000000000178e-03 2.613087474993437687e-02 3.310916597892210600e-01
-1.050000000000000152e-03 2.109346005830915055e-02 2.619225748309744750e-01
-1.040000000000000126e-03 1.672770065890061969e-02 1.941031305548399644e-01
-1.030000000000000100e-03 7.996181860083557968e-03 1.276333269608175836e-01
-1.020000000000000073e-03 2.721459995915428975e-04 5.475273012676261375e-02
-1.010000000000000047e-03 -2.750302815383593585e-03 -1.610340568412416823e-02
-1.000000000000000021e-03 -9.802683383658911467e-03 -8.426026013078669052e-02
-9.899999999999999946e-04 -1.920585747469267038e-02 -1.554538061122014980e-01
-9.800000000000001852e-04 -2.289996158188450232e-02 -2.219236097062238788e-01
-9.700000000000000505e-04 -2.894485921183477528e-02 -2.948042065402788348e-01
-9.600000000000001327e-04 -3.566141213400174370e-02 -3.612740101343011601e-01
-9.500000000000001065e-04 -4.036299917951862576e-02 -4.230200713409311142e-01
-9.400000000000000803e-04 -4.540041387114385207e-02 -4.898272851054814581e-01
-9.300000000000000541e-04 -5.110948385498577384e-02 -5.488740649478871525e-01
-9.200000000000000278e-04 -5.614689854661100016e-02 -6.106201261545169956e-01
-9.100000000000001100e-04 -6.118431323823623341e-02 -6.693294958263946715e-01
-9.000000000000000838e-04 -6.689338322207816212e-02 -7.229777129403518465e-01
-8.900000000000000576e-04 -7.629655731311191236e-02 -7.945086690922946726e-01
-8.800000000000000313e-04 -7.663238495922025661e-02 -8.215014827345372694e-01
-8.700000000000001135e-04 -7.999066142030375470e-02 -8.687389066084617584e-01
-8.600000000000000873e-04 -8.536390375803731834e-02 -9.095655372423536722e-01
-8.500000000000000611e-04 -8.670721434247072312e-02 -9.487051170236053821e-01
-8.400000000000000348e-04 -9.006549080355419346e-02 -9.841331849290487765e-01
-8.300000000000001170e-04 -9.375959491074603580e-02 -1.015512330788155948e+00
-8.200000000000000908e-04 -9.644621607961281762e-02 -1.049253347840959139e+00
-8.100000000000000646e-04 -9.711787137182950613e-02 -1.066461266537888752e+00
-8.000000000000000383e-04 -1.001403201868046600e-01 -1.086031056428514718e+00
-7.900000000000000121e-04 -9.946866489458794369e-02 -1.101889334443332258e+00
-7.800000000000000943e-04 -1.021552860634547533e-01 -1.109649768365476907e+00
-7.700000000000000681e-04 -9.913283724847959943e-02 -1.121796534504486020e+00
-7.600000000000000418e-04 -1.034985966478881303e-01 -1.117410202287621779e+00
-7.500000000000000156e-04 -9.879700960237125518e-02 -1.113361280241285334e+00
-7.400000000000000978e-04 -1.001403201868046600e-01 -1.110324588706532944e+00
-7.300000000000000716e-04 -9.778952666404622240e-02 -1.096828181885411757e+00
-7.200000000000000453e-04 -9.745369901793787815e-02 -1.078608032676897865e+00
-7.100000000000000191e-04 -9.443125020296272432e-02 -1.061062703809440233e+00
-7.000000000000001013e-04 -9.409542255685438006e-02 -1.035082120678781692e+00
-6.900000000000000751e-04 -9.174462903409594250e-02 -1.008764127377595354e+00
-6.800000000000000488e-04 -8.670721434247072312e-02 -9.729986493016237192e-01
-6.700000000000000226e-04 -8.368476552749556929e-02 -9.406072729309326030e-01
-6.600000000000001048e-04 -8.032648906641209896e-02 -9.001180524675687078e-01
-6.500000000000000786e-04 -7.461741908257016331e-02 -8.562547302989245157e-01
-6.400000000000000524e-04 -7.226662555981172575e-02 -8.086798962544720082e-01
-6.300000000000000261e-04 -6.454258969931972456e-02 -7.627921130626595936e-01
-6.199999999999999999e-04 -6.252762382266963126e-02 -7.081316654371183628e-01
-6.100000000000000821e-04 -5.715438148493604681e-02 -6.507719364473528723e-01
-6.000000000000000559e-04 -5.144531150109412504e-02 -5.947618481396995671e-01
-5.900000000000000296e-04 -4.304962034838541451e-02 -5.279546343751491122e-01
-5.800000000000000034e-04 -3.599723978011009490e-02 -4.699200850443275845e-01
-5.700000000000000856e-04 -3.666889507232679035e-02 -4.044625119618893150e-01
-5.600000000000000594e-04 -2.692989333518468545e-02 -3.386675287089230268e-01
-5.500000000000000331e-04 -2.323578922799285004e-02 -2.725351352854287201e-01
-5.400000000000000069e-04 -1.786254689025927600e-02 -2.040408706682381446e-01
-5.300000000000000891e-04 -1.047433867587560866e-02 -1.375710670742157915e-01
-5.200000000000000629e-04 -4.093613399816987096e-03 -6.772716177491311385e-02
-5.100000000000000366e-04 3.630422460675027975e-03 2.116743524389576390e-03
-5.000000000000000104e-04 9.339492444516952346e-03 7.398510984686045011e-02
-4.900000000000000926e-04 1.572021772057557304e-02 1.445038354872192066e-01
-4.800000000000000664e-04 2.142928770441749828e-02 2.140103306159938656e-01
-4.700000000000000401e-04 2.814584062658446670e-02 2.821671850626563671e-01
-4.600000000000000139e-04 3.385491061042639194e-02 3.523485005324871189e-01
-4.500000000000000419e-04 3.956398059426831371e-02 4.117326905454208319e-01
-4.400000000000000157e-04 4.628053351643528213e-02 4.775276737983871200e-01
-4.300000000000000436e-04 5.098212056195216418e-02 5.409607858576571671e-01
-4.200000000000000174e-04 5.702701819190243715e-02 6.006823860411188987e-01
-4.100000000000000454e-04 5.803450113022748380e-02 6.577047048603563706e-01
-4.000000000000000192e-04 6.609436463682785701e-02 7.113529219743135457e-01
-3.900000000000000471e-04 6.945264109791132734e-02 7.606148068714062571e-01
-3.800000000000000209e-04 7.449005578953654672e-02 8.156126646674755065e-01
-3.700000000000000489e-04 7.885581518894507758e-02 8.611630376887597915e-01
-3.600000000000000227e-04 7.885581518894507758e-02 8.972659259352593342e-01
-3.500000000000000507e-04 8.557236811111204600e-02 9.401170175923193595e-01
-3.400000000000000244e-04 8.893064457219554408e-02 9.772321363504029579e-01
-3.300000000000000524e-04 9.296057632549573069e-02 1.003887539822117425e+00
-3.200000000000000262e-04 9.363223161771241920e-02 1.033242224658056152e+00
-3.099999999999999999e-04 9.430388690992910772e-02 1.056523526424490322e+00
-3.000000000000000279e-04 9.497554220214582399e-02 1.072381804439307862e+00
-2.900000000000000017e-04 9.631885278657920102e-02 1.091951594329933828e+00
-2.800000000000000297e-04 9.665468043268754528e-02 1.101399079104718792e+00
-2.700000000000000035e-04 1.000129568937710434e-01 1.105785411321583034e+00
-2.600000000000000314e-04 9.497554220214582399e-02 1.104435770639470960e+00
-2.500000000000000052e-04 9.699050807879591729e-02 1.105110590980526997e+00
-2.400000000000000332e-04 9.900547395544601059e-02 1.097687567228910366e+00
-2.300000000000000070e-04 1.000129568937710434e-01 1.085878211260429271e+00
-2.200000000000000078e-04 9.363223161771241920e-02 1.076768136656172326e+00
-2.100000000000000087e-04 9.463971455603747973e-02 1.052812014548682118e+00
-2.000000000000000096e-04 9.195309338717067016e-02 1.029193302611719707e+00
-1.900000000000000105e-04 9.094561044884563739e-02 9.974767465820848500e-01
-1.800000000000000113e-04 8.490071281889535748e-02 9.657601905524498820e-01
-1.700000000000000122e-04 8.120660871170351514e-02 9.286450717943662836e-01
-1.600000000000000131e-04 7.952747048116179385e-02 8.871436208194183326e-01
-1.500000000000000140e-04 7.482588343564491873e-02 8.490162715497506785e-01
-1.400000000000000148e-04 6.911681345180298308e-02 7.984047459705457817e-01
-1.300000000000000157e-04 6.407939876017776371e-02 7.545414238019015896e-01
-1.200000000000000166e-04 6.273608817574435892e-02 6.981939253237202658e-01
-1.100000000000000039e-04 5.333291408471060174e-02 6.391471454813145714e-01
-1.000000000000000048e-04 4.930298233141042208e-02 5.848241080263013592e-01
-9.000000000000000567e-05 4.460139528589354002e-02 5.217284061375593307e-01
-8.000000000000000654e-05 4.023563588648501610e-02 4.593075245898733394e-01
-7.000000000000000742e-05 3.116828944155960318e-02 3.941873616779630884e-01
-6.000000000000000830e-05 2.781001298047611897e-02 3.260305072313005592e-01
-5.000000000000000240e-05 2.109346005830915055e-02 2.578736527846380300e-01
-4.000000000000000327e-05 1.572021772057557304e-02 1.903916186790315934e-01
-3.000000000000000415e-05 6.988698921758513052e-03 1.218973540618410456e-01
-2.000000000000000164e-05 3.294594814566679380e-03 5.137862842148228915e-02
-1.000000000000000082e-05 -2.414475169275244991e-03 -1.947750738940448936e-02
0.000000000000000000e+00 -9.802683383658911467e-03 -8.864659234765111251e-02
1.000000000000000082e-05 -1.853420218247597145e-02 -1.591653179880098690e-01
2.000000000000000164e-05 -2.390744452020954897e-02 -2.219236097062238788e-01
3.000000000000000415e-05 -3.196730802680990829e-02 -2.917675150055265565e-01
4.000000000000000327e-05 -3.465392919567669705e-02 -3.572250880879648260e-01
5.000000000000000240e-05 -4.137048211784367241e-02 -4.253819425346273553e-01
6.000000000000000830e-05 -4.607206916336054753e-02 -4.888150545938974023e-01
7.000000000000000742e-05 -4.842286268611898509e-02 -5.495488852889431897e-01
8.000000000000000654e-05 -5.782603677715274226e-02 -6.160186888829655150e-01
9.000000000000000567e-05 -6.319927911488631977e-02 -6.730410077022029869e-01
1.000000000000000048e-04 -6.689338322207816212e-02 -7.277014553277442177e-01
1.100000000000000039e-04 -7.025165968316163245e-02 -7.783129809069491145e-01
1.200000000000000166e-04 -7.394576379035347480e-02 -8.282496861450978631e-01
1.300000000000000157e-04 -8.133397200473713173e-02 -8.768367507011345374e-01
1.400000000000000148e-04 -8.536390375803731834e-02 -9.180007915055544698e-01
1.500000000000000140e-04 -8.805052492690410015e-02 -9.551159102636380682e-01
1.600000000000000131e-04 -9.174462903409594250e-02 -9.895317476574972959e-01
1.700000000000000122e-04 -9.476707784907106857e-02 -1.015512330788155948e+00
1.800000000000000113e-04 -9.308793961852934729e-02 -1.040480683407230211e+00
1.900000000000000105e-04 -9.778952666404622240e-02 -1.063761985173664604e+00
2.000000000000000096e-04 -9.879700960237125518e-02 -1.082994364893762329e+00
2.100000000000000087e-04 -9.778952666404622240e-02 -1.099527463249635906e+00
2.200000000000000078e-04 -1.004761478329130042e-01 -1.112011639559173259e+00
2.300000000000000070e-04 -1.021552860634547533e-01 -1.115723151434981464e+00
2.400000000000000332e-04 -1.001403201868046600e-01 -1.118759842969733853e+00
2.500000000000000052e-04 -1.014836307712380370e-01 -1.112349049729701278e+00
2.600000000000000314e-04 -9.913283724847959943e-02 -1.105938256489668481e+00
2.700000000000000035e-04 -9.846118195626291092e-02 -1.099190053079107887e+00
2.800000000000000297e-04 -9.778952666404622240e-02 -1.081644724211650255e+00
2.900000000000000017e-04 -9.476707784907106857e-02 -1.062749754662080548e+00
3.000000000000000279e-04 -9.241628432631263101e-02 -1.037106581701950025e+00
3.099999999999999999e-04 -9.073714609577090973e-02 -1.012475639253403559e+00
3.200000000000000262e-04 -8.771469728079575590e-02 -9.763727510069040161e-01
3.300000000000000524e-04 -8.301311023527888078e-02 -9.446561949772690481e-01
3.400000000000000244e-04 -8.066231671252044322e-02 -9.011302829791528746e-01
3.500000000000000507e-04 -7.663238495922025661e-02 -8.640151642210692762e-01
3.600000000000000227e-04 -7.293828085202841427e-02 -8.150906894945045833e-01
3.700000000000000489e-04 -6.924417674483659968e-02 -7.658288045974118718e-01
3.800000000000000209e-04 -6.319927911488631977e-02 -7.138676383360949007e-01
3.900000000000000471e-04 -5.480358796217760925e-02 -6.521215771294650576e-01
4.000000000000000192e-04 -5.144531150109412504e-02 -5.940870277986434189e-01
4.100000000000000454e-04 -4.640789680946889872e-02 -5.340280174446536687e-01
4.200000000000000174e-04 -4.204213741006036786e-02 -4.743064172611920482e-01
4.300000000000000436e-04 -3.767637801065183700e-02 -4.034502814503052592e-01
4.400000000000000157e-04 -2.827320391961807983e-02 -3.363056575152267857e-01
4.500000000000000419e-04 -2.491492745853459215e-02 -2.698358539212044604e-01
4.600000000000000139e-04 -1.853420218247597145e-02 -2.013415893040139126e-01
4.700000000000000401e-04 -8.459372799225517089e-03 -1.325099145162953185e-01
4.800000000000000664e-04 -7.451889860900472173e-03 -6.334082955804869186e-02
4.900000000000000926e-04 2.958767168458330786e-03 3.803794377029738258e-03
5.000000000000000104e-04 9.675320090625300073e-03 7.600957087002864487e-02
5.100000000000000366e-04 1.303359655170878602e-02 1.475405270219714848e-01
5.200000000000000629e-04 1.975014947387575617e-02 2.140103306159938656e-01
5.300000000000000891e-04 2.579504710382602914e-02 2.825045952331843857e-01
5.400000000000000069e-04 3.150411708766795438e-02 3.503240395093188964e-01
5.500000000000000331e-04 3.788484236372657160e-02 4.164564329328132031e-01
5.600000000000000594e-04 4.460139528589354002e-02 4.788773144804991944e-01
5.700000000000000856e-04 5.165377585416885964e-02 5.379240943229048888e-01
5.800000000000000034e-04 5.232543114638555509e-02 5.959586436537264165e-01
5.900000000000000296e-04 5.971363936076922591e-02 6.550054234961321109e-01
6.000000000000000559e-04 6.609436463682785701e-02 7.076414100985051192e-01
6.100000000000000821e-04 7.180343462066976490e-02 7.592651661892940718e-01
6.199999999999999999e-04 7.583336637396995150e-02 8.149378443264193583e-01
6.300000000000000261e-04 8.019912577337848236e-02 8.577889359834794947e-01
6.400000000000000524e-04 8.120660871170351514e-02 8.996277971289554642e-01
6.500000000000000786e-04 8.725150634165379504e-02 9.397796074217913409e-01
6.600000000000001048e-04 8.926647221830388834e-02 9.718335736219544385e-01
6.700000000000000226e-04 9.195309338717067016e-02 1.002537899140005351e+00
6.800000000000000488e-04 9.228892103327901442e-02 1.035604095851752504e+00
6.900000000000000751e-04 9.463971455603747973e-02 1.054161655230794192e+00
7.000000000000001013e-04 9.631885278657920102e-02 1.071706984098251825e+00
7.100000000000000191e-04 9.900547395544601059e-02 1.087227851942541346e+00
7.200000000000000453e-04 9.833381866322929432e-02 1.098699797740494422e+00
7.300000000000000716e-04 9.833381866322929432e-02 1.107472462174223349e+00
7.400000000000000978e-04 9.900547395544601059e-02 1.107472462174223349e+00
7.500000000000000156e-04 1.003487845398793876e-01 1.103086129957358885e+00
7.600000000000000418e-04 9.934130160155435485e-02 1.096000516376270273e+00
7.700000000000000681e-04 9.497554220214582399e-02 1.083516340066732919e+00
7.800000000000000943e-04 9.463971455603747973e-02 1.068670292563499657e+00
7.900000000000000121e-04 9.564719749436251250e-02 1.050787553525513784e+00
8.000000000000000383e-04 9.262474867938738643e-02 1.026494021247495558e+00
8.100000000000000646e-04 8.859481692608719983e-02 9.978141567526128686e-01
8.200000000000000908e-04 8.557236811111204600e-02 9.654227803819218634e-01
8.300000000000001170e-04 8.187826400392023141e-02 9.306695328175345061e-01
8.400000000000000348e-04 7.851998754283673332e-02 8.901803123541706109e-01
8.500000000000000611e-04 7.281091755899482543e-02 8.442925291623581963e-01
8.600000000000000873e-04 6.609436463682785701e-02 7.963802849473776702e-01
8.700000000000001135e-04 6.475105405239445222e-02 7.531917831197895152e-01
8.800000000000000313e-04 5.803450113022748380e-02 6.954946439594960061e-01
8.900000000000000576e-04 5.568370760746904624e-02 6.381349149697305156e-01
9.000000000000000838e-04 4.896715468530207088e-02 5.817874164915490809e-01
9.100000000000001100e-04 4.392973999367684457e-02 5.176794840912229967e-01
9.200000000000000278e-04 3.721318707150987615e-02 4.552586025435370054e-01
9.300000000000000541e-04 3.251160002599299409e-02 3.928377209958510141e-01
9.400000000000000803e-04 2.713835768825942352e-02 3.250182767197165035e-01
9.500000000000001065e-04 1.907849418165905725e-02 2.629348053425585308e-01
9.600000000000001327e-04 1.605604536668392077e-02 1.930909000432558531e-01
9.700000000000000505e-04 7.660354213975209374e-03 1.252714557671213702e-01
9.800000000000001852e-04 1.279628937916588247e-03 5.374049961517851637e-02
9.899999999999999946e-04 -3.757785753708638501e-03 -1.576599551359613577e-02
1.000000000000000021e-03 -1.215347690641735076e-02 -8.088615842550636592e-02
1.010000000000000047e-03 -1.651923630582588162e-02 -1.493804230426969137e-01
1.020000000000000073e-03 -2.289996158188450232e-02 -2.236106605588640273e-01
1.030000000000000100e-03 -2.894485921183477528e-02 -2.927797455171106122e-01
1.040000000000000126e-03 -3.498975684178504825e-02 -3.602617796227171043e-01
1.050000000000000152e-03 -4.002717153341027456e-02 -4.216704306588190398e-01
1.060000000000000178e-03 -4.775120739390228963e-02 -4.894898749349534395e-01
1.069999999999999988e-03 -5.110948385498577384e-02 -5.498862954594712082e-01
1.080000000000000014e-03 -5.749020913104439801e-02 -6.082582549608208655e-01
1.090000000000000040e-03 -6.219179617656127312e-02 -6.689920856558666529e-01
1.100000000000000066e-03 -6.890834909872825542e-02 -7.229777129403518465e-01
1.110000000000000092e-03 -7.058748732926997671e-02 -7.766259300543089106e-01
1.120000000000000119e-03 -7.596072966700356810e-02 -8.221763030755933066e-01
1.130000000000000145e-03 -8.200562729695384800e-02 -8.714381879726860181e-01
1.140000000000000171e-03 -8.536390375803731834e-02 -9.149640999708021916e-01
1.150000000000000197e-03 -8.838635257301244441e-02 -9.507295780467736046e-01
1.160000000000000007e-03 -9.174462903409594250e-02 -9.875072866343290734e-01
1.170000000000000033e-03 -9.443125020296272432e-02 -1.015174920617627929e+00
1.180000000000000059e-03 -9.711787137182950613e-02 -1.046554066476734990e+00
1.190000000000000085e-03 -9.577456078739612910e-02 -1.068485727561057086e+00
1.200000000000000112e-03 -9.879700960237125518e-02 -1.089067747963266886e+00
1.210000000000000138e-03 -1.034985966478881303e-01 -1.102226744613860276e+00
1.220000000000000164e-03 -9.846118195626291092e-02 -1.113023870070757315e+00
1.230000000000000190e-03 -1.018194584173464090e-01 -1.116060561605509482e+00
1.240000000000000000e-03 -1.018194584173464090e-01 -1.119097253140261872e+00
1.250000000000000026e-03 -1.004761478329130042e-01 -1.115385741264453445e+00
1.260000000000000052e-03 -1.018194584173464090e-01 -1.109312358194948889e+00
1.270000000000000078e-03 -1.008119754790213485e-01 -1.098177822567523831e+00
1.280000000000000105e-03 -9.711787137182950613e-02 -1.084006595405346385e+00
1.290000000000000131e-03 -9.476707784907106857e-02 -1.062412344491552307e+00
1.300000000000000157e-03 -9.409542255685438006e-02 -1.043517374941982601e+00
1.310000000000000183e-03 -9.443125020296272432e-02 -1.013825279935515855e+00
1.320000000000000210e-03 -8.838635257301244441e-02 -9.800842628827124425e-01
1.330000000000000019e-03 -8.200562729695384800e-02 -9.433065542951568627e-01
1.340000000000000045e-03 -7.999066142030375470e-02 -9.031547440023210971e-01
1.350000000000000071e-03 -7.663238495922025661e-02 -8.636777540505412576e-01
1.360000000000000098e-03 -7.058748732926997671e-02 -8.164403301766167687e-01
1.370000000000000124e-03 -6.890834909872825542e-02 -7.638043435742437604e-01
1.380000000000000150e-03 -6.454258969931972456e-02 -7.108309468013426224e-01
1.390000000000000176e-03 -5.749020913104439801e-02 -6.531338076410491134e-01
1.400000000000000203e-03 -5.346027737774421834e-02 -5.934122074575873818e-01
1.410000000000000012e-03 -4.707955210168559418e-02 -5.357150682972938727e-01
1.420000000000000038e-03 -4.002717153341027456e-02 -4.736315969201360110e-01
1.430000000000000064e-03 -3.431810154956835279e-02 -4.061495628145295189e-01
1.440000000000000091e-03 -2.995234215015982193e-02 -3.373178880268109525e-01
1.450000000000000117e-03 -2.525075510464294334e-02 -2.752344166496529798e-01
1.460000000000000143e-03 -1.618340865971753390e-02 -2.026912299861260147e-01
1.470000000000000169e-03 -1.114599396809230585e-02 -1.365588365626317080e-01
1.480000000000000196e-03 -2.750302815383593585e-03 -5.929190751171230234e-02
1.490000000000000222e-03 1.279628937916588247e-03 9.539767276006286614e-03
1.500000000000000031e-03 8.667837152300255157e-03 7.702180138161274225e-02
1.510000000000000057e-03 1.336942419781713375e-02 1.448412456577472252e-01
1.520000000000000084e-03 2.008597711998410390e-02 2.163722018096900790e-01
1.530000000000000110e-03 2.713835768825942352e-02 2.868909274500488493e-01
1.540000000000000136e-03 3.419073825653474313e-02 3.526859107030151375e-01
1.550000000000000162e-03 3.721318707150987615e-02 4.208427651496776667e-01
1.560000000000000189e-03 4.392973999367684457e-02 4.846132873794757323e-01
1.570000000000000215e-03 5.031046526973546873e-02 5.419730163692413338e-01
1.580000000000000024e-03 5.669119054579408595e-02 6.040564877463991955e-01
1.590000000000000050e-03 6.038529465298592136e-02 6.614162167361646860e-01
1.600000000000000077e-03 6.407939876017776371e-02 7.143896135090658239e-01
1.610000000000000103e-03 6.810933051347795031e-02 7.660133695998547765e-01
1.620000000000000129e-03 7.281091755899482543e-02 8.135882036443072840e-01
1.630000000000000155e-03 8.053495341948682662e-02 8.648745495645682180e-01
1.640000000000000182e-03 8.187826400392023141e-02 9.016522581521236868e-01
1.650000000000000208e-03 8.624402340332876227e-02 9.391047870807353037e-01
1.660000000000000234e-03 9.060978280273729313e-02 9.762199058388189021e-01
1.670000000000000043e-03 8.926647221830388834e-02 1.009286102550565944e+00
1.680000000000000070e-03 9.195309338717067016e-02 1.029868122952775966e+00
1.690000000000000096e-03 9.497554220214582399e-02 1.055173885742378248e+00
1.700000000000000122e-03 9.866964630933763858e-02 1.073394034950892140e+00
1.710000000000000148e-03 1.000129568937710434e-01 1.089252312965709457e+00
1.720000000000000175e-03 9.833381866322929432e-02 1.096337926546798291e+00
1.730000000000000201e-03 1.000129568937710434e-01 1.109159513026863442e+00
1.740000000000000227e-03 9.934130160155435485e-02 1.107135052003695330e+00
1.750000000000000036e-03 1.010204398320960761e-01 1.108147282515279386e+00
1.760000000000000063e-03 9.833381866322929432e-02 1.099712028252078477e+00
1.770000000000000089e-03 9.766216337101260581e-02 1.087565262113069364e+00
1.780000000000000115e-03 9.631885278657920102e-02 1.072044394268779843e+00
1.790000000000000141e-03 9.463971455603747973e-02 1.046401221308649543e+00
1.800000000000000168e-03 9.228892103327901442e-02 1.022107689030631095e+00
1.810000000000000194e-03 8.893064457219554408e-02 9.991637974347250539e-01
1.820000000000000220e-03 8.691567869554545078e-02 9.617112685061134369e-01
1.830000000000000246e-03 7.952747048116179385e-02 9.262832006006700425e-01
1.840000000000000056e-03 7.583336637396995150e-02 8.891680818425865551e-01
1.850000000000000082e-03 7.516171108175326299e-02 8.463169901855264188e-01
1.860000000000000108e-03 6.911681345180298308e-02 7.997543866526579670e-01
1.870000000000000134e-03 6.374357111406941945e-02 7.477932203913409959e-01
1.880000000000000161e-03 6.004946700687757016e-02 6.968442846416080805e-01
1.890000000000000187e-03 5.299708643860225749e-02 6.411716065044827939e-01
1.900000000000000213e-03 4.963880997751877328e-02 5.797629554683808584e-01
1.910000000000000239e-03 4.527305057811024241e-02 5.234154569901995346e-01
1.920000000000000265e-03 3.855649765594326706e-02 4.599823449309293766e-01
1.930000000000000075e-03 3.217577237988464983e-02 3.928377209958510141e-01
1.940000000000000101e-03 2.545921945771767794e-02 3.317664801302770972e-01
1.950000000000000127e-03 2.042180476609245163e-02 2.625973951720305122e-01
1.960000000000000370e-03 1.404107949003383093e-02 1.927534898727278345e-01
1.969999999999999963e-03 8.667837152300255157e-03 1.262836862787054537e-01
1.979999999999999989e-03 2.287111876241633597e-03 5.407790978570654883e-02
1.990000000000000015e-03 -5.436923984250381474e-03 -1.779045653676433053e-02
2.000000000000000042e-03 -1.013851102976726093e-02 -8.729695166553898267e-02
2.010000000000000068e-03 -1.551175336750083497e-02 -1.578156773058977391e-01
2.020000000000000094e-03 -2.189247864355945566e-02 -2.252977114115042034e-01
2.030000000000000120e-03 -3.163148038070156404e-02 -2.941293861992227976e-01
2.040000000000000147e-03 -3.398227390346000160e-02 -3.626236508164133454e-01
2.050000000000000173e-03 -4.271379270227706332e-02 -4.287560442399076521e-01
2.060000000000000199e-03 -4.607206916336054753e-02 -4.915143359581216620e-01
2.070000000000000225e-03 -5.144531150109412504e-02 -5.556222683584477462e-01
2.080000000000000251e-03 -5.749020913104439801e-02 -6.129819973482132367e-01
2.090000000000000278e-03 -6.319927911488631977e-02 -6.730410077022029869e-01
2.100000000000000304e-03 -6.655755557596981786e-02 -7.266892248161601620e-01
2.110000000000000330e-03 -7.293828085202841427e-02 -7.773007503953650588e-01
2.120000000000000356e-03 -7.461741908257016331e-02 -8.215014827345372694e-01
2.130000000000000383e-03 -8.066231671252044322e-02 -8.731252388253262220e-01
2.139999999999999975e-03 -8.435642081971228556e-02 -9.136144592886900062e-01
2.150000000000000001e-03 -8.603555905025400685e-02 -9.554533204341660868e-01
2.160000000000000028e-03 -8.805052492690410015e-02 -9.918936188511935370e-01
2.170000000000000054e-03 -9.241628432631263101e-02 -1.019561252834492393e+00
2.180000000000000080e-03 -9.711787137182950613e-02 -1.047566296988319046e+00
2.190000000000000106e-03 -9.812535431015456666e-02 -1.068485727561057086e+00
2.200000000000000133e-03 -9.846118195626291092e-02 -1.088055517451682830e+00
2.210000000000000159e-03 -9.980449254069631571e-02 -1.099864873420163924e+00
2.220000000000000185e-03 -1.008119754790213485e-01 -1.110999409047588982e+00
2.230000000000000211e-03 -9.846118195626291092e-02 -1.117410202287621779e+00
2.240000000000000237e-03 -1.024911137095630975e-01 -1.117747612458149797e+00
2.250000000000000264e-03 -9.913283724847959943e-02 -1.116397971776037501e+00
2.260000000000000290e-03 -1.001403201868046600e-01 -1.110661998877060963e+00
2.270000000000000316e-03 -9.711787137182950613e-02 -1.093791490350659368e+00
2.280000000000000342e-03 -9.476707784907106857e-02 -1.084006595405346385e+00
2.290000000000000369e-03 -9.611038843350447336e-02 -1.062074934321024289e+00
2.300000000000000395e-03 -9.073714609577090973e-02 -1.035756941019837951e+00
2.309999999999999987e-03 -8.939383551133750494e-02 -1.007751896866011077e+00
2.320000000000000014e-03 -8.569973140414566259e-02 -9.746857001542639232e-01
2.330000000000000040e-03 -8.066231671252044322e-02 -9.406072729309326030e-01
2.340000000000000066e-03 -7.864735083587034992e-02 -8.970813609328164295e-01
2.350000000000000092e-03 -7.596072966700356810e-02 -8.559173201283964971e-01
2.360000000000000119e-03 -7.293828085202841427e-02 -8.056432047197197299e-01
2.370000000000000145e-03 -6.958000439094494394e-02 -7.543568587994587959e-01
2.380000000000000171e-03 -6.387093440710300829e-02 -7.050949739023660845e-01
2.390000000000000197e-03 -5.648272619271935135e-02 -6.473978347420725754e-01
2.400000000000000223e-03 -5.110948385498577384e-02 -5.883510548996668810e-01
2.410000000000000250e-03 -4.472875857892715662e-02 -5.320035564214855572e-01
2.420000000000000276e-03 -3.868386094897688365e-02 -4.705949053853836217e-01
2.430000000000000302e-03 -3.297479096513495495e-02 -4.054747424734734818e-01
2.440000000000000328e-03 -2.961651450405147074e-02 -3.359682473446987672e-01
2.450000000000000355e-03 -2.323578922799285004e-02 -2.705106742622604976e-01
2.460000000000000381e-03 -1.349678749085074514e-02 -2.037034604977101260e-01
2.470000000000000407e-03 -9.802683383658911467e-03 -1.338595551984074483e-01
2.480000000000000000e-03 -5.101096338142032879e-03 -6.536529058121688662e-02
2.490000000000000026e-03 2.622939522349982192e-03 8.527536764422190968e-03
2.500000000000000052e-03 9.003664798408602885e-03 7.668439121108470979e-02
2.510000000000000078e-03 1.605604536668392077e-02 1.495649880451396796e-01
2.520000000000000104e-03 2.075763241220079935e-02 2.177218424918022088e-01
2.530000000000000131e-03 2.545921945771767794e-02 2.868909274500488493e-01
2.540000000000000157e-03 3.351908296431804074e-02 3.523485005324871189e-01
2.550000000000000183e-03 4.225060176313510246e-02 4.164564329328132031e-01
2.560000000000000209e-03 4.460139528589354002e-02 4.815765958447234540e-01
2.570000000000000236e-03 4.963880997751877328e-02 5.423104265397693524e-01
2.580000000000000262e-03 5.434039702303564839e-02 6.027068470642871212e-01
2.590000000000000288e-03 5.937781171466087471e-02 6.573672946898283520e-01
2.600000000000000314e-03 6.575853699071948499e-02 7.133773829974816572e-01
2.610000000000000341e-03 6.978846874401967160e-02 7.670256001114388322e-01
2.620000000000000367e-03 7.616919402007829576e-02 8.115637426211390615e-01
2.630000000000000393e-03 7.751250460451170055e-02 8.584637563245355318e-01
2.640000000000000419e-03 7.885581518894507758e-02 9.016522581521236868e-01
2.650000000000000012e-03 8.725150634165379504e-02 9.404544277628473781e-01
2.660000000000000038e-03 8.691567869554545078e-02 9.718335736219544385e-01
2.670000000000000064e-03 9.128143809495398164e-02 1.004224949992645444e+00
2.680000000000000090e-03 9.296057632549573069e-02 1.033242224658056152e+00
2.690000000000000117e-03 9.665468043268754528e-02 1.054161655230794192e+00
2.700000000000000143e-03 9.598302514047085676e-02 1.070694753586667769e+00
2.710000000000000169e-03 1.010204398320960761e-01 1.090264543477293735e+00
2.720000000000000195e-03 9.866964630933763858e-02 1.098024977399438384e+00
2.730000000000000222e-03 9.766216337101260581e-02 1.103760950298414922e+00
2.740000000000000248e-03 9.732633572490426155e-02 1.103760950298414922e+00
2.750000000000000274e-03 9.934130160155435485e-02 1.102073899445774829e+00
2.760000000000000300e-03 9.900547395544601059e-02 1.098024977399438384e+00
2.770000000000000327e-03 9.430388690992910772e-02 1.086553031601485308e+00
2.780000000000000353e-03 9.497554220214582399e-02 1.069007702734027676e+00
2.790000000000000379e-03 9.430388690992910772e-02 1.049775323013929729e+00
2.800000000000000405e-03 9.161726574106232590e-02 1.026156611076967540e+00
2.810000000000000431e-03 8.657985104943710652e-02 1.000176027946308999e+00
2.820000000000000024e-03 8.154243635781188715e-02 9.620486786766414555e-01
2.830000000000000050e-03 8.254991929613691992e-02 9.289824819648943022e-01
2.840000000000000076e-03 7.717667695840335629e-02 8.898429021836425923e-01
2.850000000000000103e-03 7.650502166618664002e-02 8.469918105265824559e-01
2.860000000000000129e-03 6.945264109791132734e-02 8.004292069937140042e-01
2.870000000000000155e-03 6.676601992904454552e-02 7.521795526082053485e-01
2.880000000000000181e-03 5.870615642244417925e-02 6.978565151531922472e-01
2.890000000000000208e-03 5.601953525357739050e-02 6.425212471865948682e-01
2.900000000000000234e-03 4.896715468530207088e-02 5.854989283673573963e-01
2.910000000000000260e-03 4.594470587032693787e-02 5.230780468196715161e-01
2.920000000000000286e-03 3.922815294815996945e-02 4.620068059540975991e-01
2.930000000000000313e-03 3.351908296431804074e-02 3.958744125306032924e-01
2.940000000000000339e-03 2.713835768825942352e-02 3.317664801302770972e-01
2.950000000000000365e-03 2.210094299663419373e-02 2.652966765362547719e-01
2.960000000000000391e-03 1.504856242835887585e-02 1.957901814074801128e-01
2.970000000000000417e-03 7.996181860083557968e-03 1.235844049144812079e-01
2.980000000000000444e-03 6.079736456998913836e-04 5.475273012676261375e-02
2.990000000000000036e-03 -6.444406922575427257e-03 -1.441635483148400593e-02
3.000000000000000062e-03 -9.131028091442214278e-03 -8.459767030131472298e-02
3.010000000000000089e-03 -1.819837453636762373e-02 -1.581530874764257577e-01
3.020000000000000115e-03 -2.525075510464294334e-02 -2.246228910704481385e-01
3.030000000000000141e-03 -2.793737627350972863e-02 -2.934545658581667604e-01
3.040000000000000167e-03 -3.801220565676018126e-02 -3.626236508164133454e-01
3.050000000000000194e-03 -4.405710328671045423e-02 -4.287560442399076521e-01
3.060000000000000220e-03 -4.573624151725219633e-02 -4.915143359581216620e-01
3.070000000000000246e-03 -5.178113914720246930e-02 -5.535978073352796347e-01
3.080000000000000272e-03 -5.648272619271935135e-02 -6.139942278597974035e-01
3.090000000000000299e-03 -6.387093440710300829e-02 -6.706791365085067458e-01
3.100000000000000325e-03 -6.756503851429485064e-02 -7.263518146456321434e-01
3.110000000000000351e-03 -7.461741908257016331e-02 -7.735892385195566323e-01
3.120000000000000377e-03 -7.629655731311191236e-02 -8.218388929050652880e-01
3.130000000000000403e-03 -8.200562729695384800e-02 -8.670518557558215544e-01
3.140000000000000430e-03 -8.502807611192897408e-02 -9.126022287771059505e-01
3.150000000000000456e-03 -8.670721434247072312e-02 -9.534288594109978643e-01
3.160000000000000048e-03 -8.838635257301244441e-02 -9.844705950995767951e-01
3.170000000000000075e-03 -9.275211197242097527e-02 -1.008764127377595354e+00
3.180000000000000101e-03 -9.375959491074603580e-02 -1.043517374941982601e+00
3.190000000000000127e-03 -9.913283724847959943e-02 -1.064099395344192622e+00
3.200000000000000153e-03 -9.846118195626291092e-02 -1.085018825916930663e+00
3.210000000000000180e-03 -9.812535431015456666e-02 -1.098852642908579869e+00
3.220000000000000206e-03 -9.980449254069631571e-02 -1.110999409047588982e+00
3.230000000000000232e-03 -9.980449254069631571e-02 -1.114373510752869390e+00
3.240000000000000258e-03 -1.014836307712380370e-01 -1.115385741264453445e+00
3.250000000000000284e-03 -1.021552860634547533e-01 -1.117410202287621779e+00
3.260000000000000311e-03 -9.946866489458794369e-02 -1.107962717512836814e+00
3.270000000000000337e-03 -9.946866489458794369e-02 -1.095478541203299461e+00
3.280000000000000363e-03 -9.745369901793787815e-02 -1.084006595405346385e+00
3.290000000000000389e-03 -9.476707784907106857e-02 -1.059713063127328159e+00
3.300000000000000416e-03 -9.174462903409594250e-02 -1.036431761360893988e+00
3.310000000000000442e-03 -9.006549080355419346e-02 -1.008426717207067336e+00
3.320000000000000468e-03 -8.771469728079575590e-02 -9.756979306658479789e-01
3.330000000000000061e-03 -8.368476552749556929e-02 -9.446561949772690481e-01
3.340000000000000087e-03 -7.898317848197869417e-02 -9.024799236612649489e-01
3.350000000000000113e-03 -7.696821260532860087e-02 -8.603036523452609607e-01
3.360000000000000139e-03 -7.461741908257016331e-02 -8.137410488123925090e-01
3.370000000000000166e-03 -6.756503851429485064e-02 -7.624547028921315750e-01
3.380000000000000192e-03 -6.252762382266963126e-02 -7.077942552665903442e-01
3.390000000000000218e-03 -5.614689854661100016e-02 -6.531338076410491134e-01
3.400000000000000244e-03 -5.278862208552751595e-02 -5.900381057523070849e-01
3.410000000000000270e-03 -4.607206916336054753e-02 -5.282920445456771308e-01
3.420000000000000297e-03 -4.204213741006036786e-02 -4.705949053853836217e-01
3.430000000000000323e-03 -3.566141213400174370e-02 -4.064869729850575375e-01
3.440000000000000349e-03 -2.692989333518468545e-02 -3.373178880268109525e-01
3.450000000000000375e-03 -2.390744452020954897e-02 -2.718603149443726830e-01
3.460000000000000402e-03 -1.853420218247597145e-02 -2.080897927145745341e-01
3.470000000000000428e-03 -1.215347690641735076e-02 -1.341969653689354669e-01
3.480000000000000454e-03 -3.086130461491942180e-03 -6.502788041068885416e-02
3.490000000000000480e-03 6.079736456998913836e-04 7.515306252838093587e-03
3.500000000000000073e-03 7.996181860083557968e-03 7.331028950580438519e-02
3.510000000000000099e-03 1.504856242835887585e-02 1.445038354872192066e-01
3.520000000000000125e-03 1.975014947387575617e-02 2.123232797633536895e-01
3.530000000000000152e-03 2.781001298047611897e-02 2.828420054037124043e-01
3.540000000000000178e-03 3.553404884096813404e-02 3.503240395093188964e-01
3.550000000000000204e-03 3.889232530205161825e-02 4.151067922507011287e-01
3.560000000000000230e-03 4.594470587032693787e-02 4.768528534573309718e-01
3.570000000000000256e-03 4.829549939308537543e-02 5.369118638113208331e-01
3.580000000000000283e-03 5.669119054579408595e-02 6.043938979169272141e-01
3.590000000000000309e-03 6.072112229909427256e-02 6.573672946898283520e-01
3.600000000000000335e-03 6.575853699071948499e-02 7.154018440206498797e-01
3.610000000000000361e-03 6.978846874401967160e-02 7.677004204524948694e-01
3.620000000000000388e-03 7.281091755899482543e-02 8.129133833032512468e-01
3.630000000000000414e-03 7.751250460451170055e-02 8.601508071771757358e-01
3.640000000000000440e-03 8.154243635781188715e-02 9.043515395163479464e-01
3.650000000000000466e-03 8.422905752667866897e-02 9.434911192975997674e-01
3.660000000000000493e-03 8.960229986441223260e-02 9.768947261798749393e-01
3.670000000000000085e-03 8.926647221830388834e-02 1.006586821186341574e+00
3.680000000000000111e-03 9.262474867938738643e-02 1.035604095851752504e+00
3.690000000000000138e-03 9.665468043268754528e-02 1.059897628129770730e+00
3.700000000000000164e-03 9.531136984825416825e-02 1.076768136656172326e+00
3.710000000000000190e-03 9.967712924766269911e-02 1.094988285864685995e+00
3.720000000000000216e-03 9.900547395544601059e-02 1.102073899445774829e+00
3.730000000000000242e-03 9.967712924766269911e-02 1.108484692685807405e+00
3.740000000000000269e-03 9.934130160155435485e-02 1.103760950298414922e+00
3.750000000000000295e-03 1.006846121859877319e-01 1.105110590980526997e+00
3.760000000000000321e-03 9.799799101712095006e-02 1.095325696035214236e+00
3.770000000000000347e-03 9.833381866322929432e-02 1.084528570578317197e+00
3.780000000000000374e-03 9.732633572490426155e-02 1.064283960346635194e+00
3.790000000000000400e-03 9.262474867938738643e-02 1.043701939944425172e+00
3.800000000000000426e-03 9.195309338717067016e-02 1.022107689030631095e+00
3.810000000000000452e-03 8.657985104943710652e-02 9.930904143652204974e-01
3.820000000000000479e-03 8.322157458835360844e-02 9.633983193587536409e-01
3.830000000000000505e-03 7.851998754283673332e-02 9.279702514533102464e-01
3.840000000000000531e-03 7.751250460451170055e-02 8.851191597962501101e-01
3.850000000000000124e-03 7.516171108175326299e-02 8.439551189918301777e-01
3.860000000000000150e-03 7.046012403623638787e-02 7.987421561410739113e-01
3.870000000000000176e-03 6.542270934461114074e-02 7.474558102208129773e-01
3.880000000000000202e-03 6.072112229909427256e-02 6.954946439594960061e-01
3.890000000000000228e-03 5.299708643860225749e-02 6.398219658223706086e-01
3.900000000000000255e-03 4.896715468530207088e-02 5.824622368326051181e-01
3.910000000000000281e-03 4.325808470146014911e-02 5.170046637501668485e-01
3.920000000000000741e-03 3.721318707150987615e-02 4.582952940782892837e-01
3.930000000000000333e-03 3.251160002599299409e-02 3.938499515074350699e-01
3.939999999999999926e-03 2.613087474993437687e-02 3.290671987660528375e-01
3.950000000000000386e-03 1.941432182776740498e-02 2.612477544899183268e-01
3.959999999999999978e-03 1.336942419781713375e-02 1.890419779969194636e-01
3.970000000000000438e-03 9.675320090625300073e-03 1.259462761081774351e-01
3.980000000000000031e-03 1.951284230133285436e-03 5.407790978570654883e-02
3.990000000000000491e-03 -5.101096338142032879e-03 -1.677822602518023315e-02
4.000000000000000083e-03 -1.013851102976726093e-02 -8.560990081289882037e-02
4.010000000000000543e-03 -1.786254689025927600e-02 -1.578156773058977391e-01
4.020000000000000136e-03 -2.289996158188450232e-02 -2.263099419230882869e-01
4.030000000000000596e-03 -2.995234215015982193e-02 -2.924423353465825937e-01
4.040000000000000188e-03 -3.431810154956835279e-02 -3.619488304753573082e-01
4.050000000000000648e-03 -4.204213741006036786e-02 -4.284186340693796335e-01
4.060000000000000241e-03 -4.506458622503550088e-02 -4.911769257875936434e-01
4.070000000000000701e-03 -5.178113914720246930e-02 -5.546100378468636904e-01
4.080000000000000293e-03 -5.782603677715274226e-02 -6.096078956429329399e-01
4.090000000000000753e-03 -5.950517500769448437e-02 -6.679798551442824861e-01
4.100000000000000346e-03 -6.622172792986144585e-02 -7.243273536224639209e-01
4.109999999999999938e-03 -7.260245320592007001e-02 -7.769633402248369292e-01
4.120000000000000398e-03 -7.562490202089522384e-02 -8.272374556335138074e-01
4.129999999999999991e-03 -8.099814435862878748e-02 -8.748122896779663149e-01
4.140000000000000450e-03 -8.368476552749556929e-02 -9.153015101413302101e-01
4.150000000000000043e-03 -8.805052492690410015e-02 -9.568029611162781611e-01
4.160000000000000503e-03 -8.972966315744584920e-02 -9.898691578280253145e-01
4.170000000000000095e-03 -9.543873314128778484e-02 -1.022597944369244560e+00
4.180000000000000555e-03 -9.678204372572116188e-02 -1.049253347840959139e+00
4.190000000000000148e-03 -9.812535431015456666e-02 -1.069160547902113123e+00
4.200000000000000608e-03 -9.812535431015456666e-02 -1.086705876769570756e+00
4.210000000000000200e-03 -1.004761478329130042e-01 -1.100539693761219961e+00
4.220000000000000660e-03 -1.018194584173464090e-01 -1.112011639559173259e+00
4.230000000000000253e-03 -1.028269413556714418e-01 -1.115723151434981464e+00
4.240000000000000713e-03 -1.001403201868046600e-01 -1.116060561605509482e+00
4.250000000000000305e-03 -9.913283724847959943e-02 -1.116060561605509482e+00
4.260000000000000765e-03 -9.846118195626291092e-02 -1.109987178536004926e+00
4.270000000000000358e-03 -9.745369901793787815e-02 -1.095141131032771442e+00
4.279999999999999950e-03 -9.510290549517944059e-02 -1.083669185234818366e+00
4.290000000000000410e-03 -9.543873314128778484e-02 -1.062749754662080548e+00
4.300000000000000003e-03 -9.241628432631263101e-02 -1.039468452895646156e+00
4.310000000000000463e-03 -8.972966315744584920e-02 -1.010451178230235447e+00
4.320000000000000055e-03 -8.670721434247072312e-02 -9.767101611774321457e-01
4.330000000000000515e-03 -8.368476552749556929e-02 -9.402698627604045845e-01
4.340000000000000108e-03 -8.032648906641209896e-02 -9.014676931496808931e-01
4.350000000000000568e-03 -7.461741908257016331e-02 -8.579417811515647196e-01
4.360000000000000160e-03 -7.260245320592007001e-02 -8.086798962544720082e-01
4.370000000000000620e-03 -6.722921086818650638e-02 -7.580683706752671114e-01
4.380000000000000213e-03 -6.084848559212788222e-02 -7.057697942434221217e-01
4.390000000000000673e-03 -5.446776031606925805e-02 -6.514467567884089094e-01
4.400000000000000265e-03 -5.245279443941917169e-02 -5.957740786512836229e-01
4.410000000000000725e-03 -4.875869033222733628e-02 -5.309913259099013905e-01
4.420000000000000318e-03 -3.834803330286853246e-02 -4.712697257264397699e-01
4.430000000000000777e-03 -3.465392919567669705e-02 -4.061495628145295189e-01
4.440000000000000370e-03 -2.995234215015982193e-02 -3.359682473446987672e-01
4.449999999999999963e-03 -2.525075510464294334e-02 -2.701732640917324790e-01
4.460000000000000422e-03 -1.719089159804257708e-02 -2.026912299861260147e-01
4.470000000000000015e-03 -7.787717507008819900e-03 -1.345343755394635132e-01
4.480000000000000475e-03 -2.078647523166896396e-03 -6.300341938752065940e-02
4.490000000000000067e-03 9.438012918082398697e-04 6.840485911782028666e-03
4.500000000000000527e-03 7.324526567866860779e-03 7.634698104055667733e-02
4.510000000000000120e-03 1.471273478225052812e-02 1.418045541229949469e-01
4.520000000000000580e-03 2.008597711998410390e-02 2.129981001044097544e-01
4.530000000000000172e-03 2.613087474993437687e-02 2.845290562563526082e-01
4.540000000000000632e-03 3.486239354875143859e-02 3.496492191682628592e-01
4.550000000000000225e-03 3.855649765594326706e-02 4.167938431033412217e-01
4.560000000000000685e-03 4.560887822421858667e-02 4.809017755036674169e-01
4.570000000000000277e-03 5.131794820806051538e-02 5.423104265397693524e-01
4.580000000000000737e-03 5.669119054579408595e-02 6.006823860411188987e-01
4.590000000000000330e-03 5.803450113022748380e-02 6.553428336666601295e-01
4.600000000000000790e-03 6.710184757515288978e-02 7.123651524858976014e-01
4.610000000000000382e-03 7.146760697456142064e-02 7.677004204524948694e-01
4.619999999999999975e-03 7.449005578953654672e-02 8.135882036443072840e-01
4.630000000000000435e-03 7.919164283505344959e-02 8.588011664950636614e-01
4.640000000000000027e-03 7.885581518894507758e-02 8.999652072994835939e-01
4.650000000000000487e-03 8.389322988057032471e-02 9.370803260575670812e-01
4.660000000000000080e-03 8.758733398776213930e-02 9.768947261798749393e-01
4.670000000000000540e-03 8.993812751052057686e-02 1.002875309310533369e+00
4.680000000000000132e-03 9.262474867938738643e-02 1.033242224658056152e+00
4.690000000000000592e-03 9.396805926382076346e-02 1.053486834889738155e+00
4.700000000000000185e-03 9.900547395544601059e-02 1.076768136656172326e+00
4.710000000000000644e-03 9.799799101712095006e-02 1.089589723136237698e+00
4.720000000000000237e-03 9.799799101712095006e-02 1.098362387569966403e+00
4.730000000000000697e-03 9.934130160155435485e-02 1.108822102856335423e+00
4.740000000000000289e-03 9.967712924766269911e-02 1.109159513026863442e+00
4.750000000000000749e-03 9.900547395544601059e-02 1.103423540127886904e+00
4.760000000000000342e-03 9.665468043268754528e-02 1.097012746887854329e+00
4.770000000000000802e-03 9.598302514047085676e-02 1.084865980748845216e+00
4.780000000000000394e-03 9.564719749436251250e-02 1.073394034950892140e+00
4.789999999999999987e-03 9.497554220214582399e-02 1.050450143354985766e+00
4.800000000000000447e-03 8.792316163387051131e-02 1.030542943293832003e+00
4.810000000000000039e-03 9.161726574106232590e-02 1.002537899140005351e+00
4.820000000000000499e-03 8.490071281889535748e-02 9.657601905524498820e-01
4.830000000000000092e-03 7.784833225062004480e-02 9.313443531585905433e-01
4.840000000000000552e-03 7.583336637396995150e-02 8.928795937183948705e-01
4.850000000000000144e-03 7.381840049731985820e-02 8.520529630845029567e-01
4.860000000000000604e-03 7.012429639012801585e-02 7.984047459705457817e-01
4.870000000000000197e-03 6.374357111406941945e-02 7.521795526082053485e-01
4.880000000000000657e-03 6.307191582185270318e-02 6.998809761763603587e-01
4.890000000000000249e-03 5.635536289968574170e-02 6.401593759928986271e-01
4.900000000000000709e-03 4.795967174697703117e-02 5.858363385378855259e-01
4.910000000000000302e-03 4.460139528589354002e-02 5.213909959670313121e-01
4.920000000000000762e-03 3.956398059426831371e-02 4.650434974888498774e-01
4.930000000000000354e-03 3.452656590264308739e-02 3.948621820190191256e-01
4.940000000000000814e-03 2.411590887328428703e-02 3.304168394481650228e-01
4.950000000000000407e-03 2.075763241220079935e-02 2.663089070478388276e-01
4.959999999999999999e-03 1.471273478225052812e-02 1.920786695316717696e-01
4.970000000000000459e-03 7.996181860083557968e-03 1.215599438913130131e-01
4.980000000000000052e-03 -3.995092926251540746e-04 5.374049961517851637e-02
4.990000000000000512e-03 -2.414475169275244991e-03 -1.745304636623629807e-02
5.000000000000000104e-03 -8.795200445333866551e-03 -8.527249064237078791e-02
5.010000000000000564e-03 -1.551175336750083497e-02 -1.544415756006174145e-01
5.020000000000000157e-03 -2.222830628966780686e-02 -2.252977114115042034e-01
5.030000000000000616e-03 -2.659406568907633772e-02 -2.951416167108068533e-01
5.040000000000000209e-03 -3.633306742621843916e-02 -3.629610609869413640e-01
5.050000000000000669e-03 -3.969134388730193030e-02 -4.247071221935713181e-01
5.060000000000000261e-03 -4.607206916336054753e-02 -4.888150545938974023e-01
5.070000000000000721e-03 -5.178113914720246930e-02 -5.502237056299992268e-01
5.080000000000000314e-03 -5.681855383882770255e-02 -6.129819973482132367e-01
5.090000000000000774e-03 -6.286345146877797552e-02 -6.662928042916423932e-01
5.100000000000000366e-03 -6.857252145261988341e-02 -7.223028925992956983e-01
5.110000000000000826e-03 -6.991583203705328819e-02 -7.779755707364210959e-01
