-5.120000000000000419e-03 4.661636116254363332e-02 6.283500200244175327e-01
-5.110000000000000826e-03 3.016080650323455653e-02 4.242168668549579635e-01
-5.100000000000000366e-03 1.236194125949208883e-02 2.133355102749378007e-01
-5.090000000000000774e-03 -5.772751630358730068e-03 8.527536764422190968e-03
-5.080000000000000314e-03 -2.726572098129303318e-02 -2.047156910092942095e-01
-5.070000000000000721e-03 -4.506458622503550088e-02 -4.135725865661462608e-01
-5.060000000000000261e-03 -6.185596853045292887e-02 -6.193927905882459228e-01
-5.050000000000000669e-03 -8.368476552749556929e-02 -8.221763030755933066e-01
-5.040000000000000209e-03 -9.913283724847959943e-02 -1.028333917268221098e+00
-5.030000000000000616e-03 -1.176033577844387834e-01 -1.224369226345007888e+00
-5.020000000000000157e-03 -1.327156018593144415e-01 -1.417705254057570308e+00
-5.010000000000000564e-03 -1.495069841647318765e-01 -1.606654949553268485e+00
-5.000000000000000104e-03 -1.669700217623659999e-01 -1.786831980615237736e+00
-4.990000000000000512e-03 -1.820822658372416858e-01 -1.959923398096118374e+00
-4.980000000000000052e-03 -1.961870269737923111e-01 -2.129303303701190586e+00
-4.970000000000000459e-03 -2.136500645714264346e-01 -2.284849392314613592e+00
-4.959999999999999999e-03 -2.220457557241351521e-01 -2.434322097858531819e+00
-4.950000000000000407e-03 -2.351430339223607446e-01 -2.568611345728688544e+00
-4.940000000000000814e-03 -2.475686568283696209e-01 -2.701888363087261435e+00
-4.930000000000000354e-03 -2.596584520882702085e-01 -2.764309244634947316e+00
-4.920000000000000762e-03 -2.660391773643288049e-01 -2.764309244634947316e+00
-4.910000000000000302e-03 -2.761140067475792992e-01 -2.764309244634947316e+00
-4.900000000000000709e-03 -2.828305596697462398e-01 -2.764309244634947316e+00
-4.890000000000000249e-03 -2.865246637769380822e-01 -2.764309244634947316e+00
-4.880000000000000657e-03 -2.922337337607799901e-01 -2.764309244634947316e+00
-4.870000000000000197e-03 -2.969353208062968652e-01 -2.764309244634947316e+00
-4.860000000000000604e-03 -2.965994931601885209e-01 -2.764309244634947316e+00
-4.850000000000000144e-03 -3.026443907901388286e-01 -2.764309244634947316e+00
-4.840000000000000552e-03 -3.039877013745722056e-01 -2.764309244634947316e+00
-4.830000000000000092e-03 -3.006294249134887075e-01 -2.764309244634947316e+00
-4.820000000000000499e-03 -2.976069760985136092e-01 -2.764309244634947316e+00
-4.810000000000000039e-03 -2.959278378679718324e-01 -2.764309244634947316e+00
-4.800000000000000447e-03 -2.888754572996965475e-01 -2.764309244634947316e+00
-4.789999999999999987e-03 -2.882038020074798035e-01 -2.764309244634947316e+00
-4.780000000000000394e-03 -2.788006279164460532e-01 -2.764309244634947316e+00
-4.770000000000000802e-03 -2.700691091176289915e-01 -2.764309244634947316e+00
-4.760000000000000342e-03 -2.610017626727035855e-01 -2.764309244634947316e+00
-4.750000000000000749e-03 -2.522702438738865238e-01 -2.764309244634947316e+00
-4.740000000000000289e-03 -2.411879315523110245e-01 -2.715047359737854382e+00
-4.730000000000000697e-03 -2.297697915846271532e-01 -2.587168905107730232e+00
-4.720000000000000237e-03 -2.153292028019681836e-01 -2.445794043656484895e+00
-4.710000000000000644e-03 -2.002169587270924977e-01 -2.300707670329431132e+00
-4.700000000000000185e-03 -1.877913358210835937e-01 -2.140437839328615421e+00
-4.690000000000000592e-03 -1.740224023306413126e-01 -1.978818367645688081e+00
-4.680000000000000132e-03 -1.562235370868988449e-01 -1.802015438288999238e+00
-4.670000000000000540e-03 -1.397679824275897820e-01 -1.621838407227029988e+00
-4.660000000000000080e-03 -1.233124277682806913e-01 -1.436262813436612218e+00
-4.650000000000000487e-03 -1.041702519401048466e-01 -1.244951246747217910e+00
-4.640000000000000027e-03 -8.872218021912081642e-02 -1.046891476647263008e+00
-4.630000000000000435e-03 -6.958000439094494394e-02 -8.484942963767798663e-01
-4.619999999999999975e-03 -5.144531150109412504e-02 -6.430115025252081118e-01
-4.610000000000000382e-03 -3.263896331902661069e-02 -4.371912985031084498e-01
-4.600000000000000790e-03 -1.349678749085074514e-02 -2.229358402178079623e-01
-4.590000000000000330e-03 2.958767168458330786e-03 -1.610340568412416823e-02
-4.580000000000000737e-03 2.613087474993437687e-02 1.957901814074801128e-01
-4.570000000000000277e-03 4.225060176313510246e-02 4.002607447474676450e-01
-4.560000000000000685e-03 6.374357111406941945e-02 6.138413826917121785e-01
-4.550000000000000225e-03 7.818415989672838906e-02 8.156126646674755065e-01
-4.540000000000000632e-03 9.732633572490426155e-02 1.012997614426374149e+00
-4.530000000000000172e-03 1.171401668452968226e-01 1.213756665890553421e+00
-4.520000000000000580e-03 1.349390320890392903e-01 1.407430103773644081e+00
-4.510000000000000120e-03 1.477004826411565386e-01 1.596042389098814018e+00
-4.500000000000000527e-03 1.678501414076574438e-01 1.776894240501839306e+00
-4.490000000000000067e-03 1.822907301903164412e-01 1.947961196959551833e+00
-4.480000000000000475e-03 1.950521807424336618e-01 2.118690743246736119e+00
-4.470000000000000015e-03 2.088211142328759706e-01 2.272549781007518810e+00
-4.460000000000000422e-03 2.246050135999683450e-01 2.425733998427245464e+00
-4.449999999999999963e-03 2.340081876910020953e-01 2.560023246297402189e+00
-4.440000000000000370e-03 2.454263276586859388e-01 2.695662134849671432e+00
-4.430000000000000777e-03 2.565086399802614103e-01 2.763481579125805609e+00
-4.420000000000000318e-03 2.649043311329701278e-01 2.763481579125805609e+00
-4.410000000000000725e-03 2.756508158084372551e-01 2.763481579125805609e+00
-4.400000000000000265e-03 2.810240581461708742e-01 2.763481579125805609e+00
-4.390000000000000673e-03 2.887480940066628476e-01 2.763481579125805609e+00
-4.380000000000000213e-03 2.958004745749381881e-01 2.763481579125805609e+00
-4.370000000000000620e-03 2.958004745749381881e-01 2.763481579125805609e+00
-4.360000000000000160e-03 2.988229233899133419e-01 2.763481579125805609e+00
-4.350000000000000568e-03 2.984870957438049976e-01 2.763481579125805609e+00
-4.340000000000000108e-03 2.988229233899133419e-01 2.763481579125805609e+00
-4.330000000000000515e-03 3.011737169126717517e-01 2.763481579125805609e+00
-4.320000000000000055e-03 2.968079575132632209e-01 2.763481579125805609e+00
-4.310000000000000463e-03 2.894197492988795917e-01 2.763481579125805609e+00
-4.300000000000000003e-03 2.870689557761211264e-01 2.763481579125805609e+00
-4.290000000000000410e-03 2.847181622533627166e-01 2.763481579125805609e+00
-4.279999999999999950e-03 2.746433328701122223e-01 2.763481579125805609e+00
-4.270000000000000358e-03 2.689342628862703144e-01 2.763481579125805609e+00
-4.260000000000000765e-03 2.588594335030198756e-01 2.763481579125805609e+00
-4.250000000000000305e-03 2.501279147042028139e-01 2.763481579125805609e+00
-4.240000000000000713e-03 2.397172576748440309e-01 2.702747748430760044e+00
-4.230000000000000253e-03 2.256124965382933778e-01 2.572844832777467783e+00
-4.220000000000000660e-03 2.115077354017427524e-01 2.435181483202030428e+00
-4.210000000000000200e-03 2.000895954340589089e-01 2.283684316634944089e+00
-4.200000000000000608e-03 1.856490066513999115e-01 2.128138228021521083e+00
-4.190000000000000148e-03 1.685217966998741324e-01 1.962469834292257076e+00
-4.180000000000000555e-03 1.547528632094318513e-01 1.790728057493488734e+00
-4.170000000000000095e-03 1.389689638423394769e-01 1.609201385749407409e+00
-4.160000000000000503e-03 1.221775815369220419e-01 1.421263920765293287e+00
-4.150000000000000043e-03 1.040428886470712300e-01 1.233326455781179387e+00
-4.140000000000000450e-03 8.657985104943710652e-02 1.035941506022280523e+00
-4.129999999999999991e-03 6.676601992904454552e-02 8.318083528528210646e-01
-4.120000000000000398e-03 5.031046526973546873e-02 6.293622505360016994e-01
-4.109999999999999938e-03 2.915332356490951335e-02 4.228672261728458892e-01
-4.100000000000000346e-03 1.135445832116704218e-02 2.160347916391620604e-01
-4.090000000000000753e-03 -8.459372799225517089e-03 4.141204547557770718e-03
-4.080000000000000293e-03 -2.424327216631789669e-02 -2.070775622029904506e-01
-4.070000000000000701e-03 -4.506458622503550088e-02 -4.142474069072022980e-01
-4.060000000000000241e-03 -6.487841734542806882e-02 -6.204050210998299786e-01
-4.050000000000000648e-03 -8.267728258917053652e-02 -8.272374556335138074e-01
-4.040000000000000188e-03 -9.980449254069631571e-02 -1.029008737609277135e+00
-4.030000000000000596e-03 -1.169317024922220671e-01 -1.226056277197647981e+00
-4.020000000000000136e-03 -1.343947400898561906e-01 -1.412981511670178048e+00
-4.010000000000000543e-03 -1.508502947491652812e-01 -1.600918976654291948e+00
-4.000000000000000083e-03 -1.683133323467993769e-01 -1.777384495840452772e+00
-3.990000000000000491e-03 -1.790598170222665320e-01 -1.956211886220309948e+00
-3.980000000000000031e-03 -1.975303375582257159e-01 -2.122892510461158011e+00
-3.970000000000000438e-03 -2.129784092792097461e-01 -2.280463060097749128e+00
-3.959999999999999978e-03 -2.250682045391102781e-01 -2.433309867346947541e+00
-3.950000000000000386e-03 -2.374938274451191822e-01 -2.573672498286609045e+00
-3.939999999999999926e-03 -2.472328291822612767e-01 -2.702225773257789232e+00
-3.930000000000000333e-03 -2.583151415038368315e-01 -2.764309244634947316e+00
-3.920000000000000741e-03 -2.667108326565455489e-01 -2.764309244634947316e+00
-3.910000000000000281e-03 -2.724199026403874568e-01 -2.764309244634947316e+00
-3.900000000000000255e-03 -2.818230767314212071e-01 -2.764309244634947316e+00
-3.890000000000000228e-03 -2.875321467152631150e-01 -2.764309244634947316e+00
-3.880000000000000202e-03 -2.922337337607799901e-01 -2.764309244634947316e+00
-3.870000000000000176e-03 -2.969353208062968652e-01 -2.764309244634947316e+00
-3.860000000000000150e-03 -2.976069760985136092e-01 -2.764309244634947316e+00
-3.850000000000000124e-03 -3.019727354979221401e-01 -2.764309244634947316e+00
-3.840000000000000531e-03 -3.036518737284638614e-01 -2.764309244634947316e+00
-3.830000000000000505e-03 -2.989502866829469863e-01 -2.764309244634947316e+00
-3.820000000000000479e-03 -2.986144590368386420e-01 -2.764309244634947316e+00
-3.810000000000000452e-03 -2.915620784685633016e-01 -2.764309244634947316e+00
-3.800000000000000426e-03 -2.898829402380215803e-01 -2.764309244634947316e+00
-3.790000000000000400e-03 -2.858530084847213937e-01 -2.764309244634947316e+00
-3.780000000000000374e-03 -2.777931449781210205e-01 -2.764309244634947316e+00
-3.770000000000000347e-03 -2.700691091176289915e-01 -2.764309244634947316e+00
-3.760000000000000321e-03 -2.586509691499451757e-01 -2.764309244634947316e+00
-3.750000000000000295e-03 -2.512627609355614910e-01 -2.764309244634947316e+00
-3.740000000000000269e-03 -2.411879315523110245e-01 -2.712348078373630234e+00
-3.730000000000000242e-03 -2.290981362924104647e-01 -2.582445162720337972e+00
-3.720000000000000216e-03 -2.136500645714264346e-01 -2.443432172462788543e+00
-3.710000000000000190e-03 -2.022319246037425911e-01 -2.300707670329431132e+00
-3.700000000000000164e-03 -1.881271634671919379e-01 -2.141112659669671459e+00
-3.690000000000000138e-03 -1.706641258695578423e-01 -1.972744984576183525e+00
-3.680000000000000111e-03 -1.568951923791155334e-01 -1.801678028118471220e+00
-3.670000000000000085e-03 -1.397679824275897820e-01 -1.616439844498581468e+00
-3.660000000000000493e-03 -1.256632212910391289e-01 -1.434575762583972125e+00
-3.650000000000000466e-03 -1.065210454628632841e-01 -1.240902324700881465e+00
-3.640000000000000440e-03 -8.972966315744584920e-02 -1.047566296988319046e+00
-3.630000000000000414e-03 -7.092331497537834872e-02 -8.457950150125556066e-01
-3.620000000000000388e-03 -5.043782856276907839e-02 -6.406496313315118707e-01
-3.610000000000000361e-03 -3.532558448789339944e-02 -4.321301459451879490e-01
-3.600000000000000335e-03 -1.551175336750083497e-02 -2.249603012409761571e-01
-3.590000000000000309e-03 5.981215983433467269e-03 -1.846527687782039198e-02
-3.580000000000000283e-03 2.243677064274254146e-02 1.914038491906157047e-01
-3.570000000000000256e-03 4.292225705535179792e-02 3.995859244064116078e-01
-3.560000000000000230e-03 6.072112229909427256e-02 6.108046911569599002e-01
-3.550000000000000204e-03 8.154243635781188715e-02 8.125759731327232283e-01
-3.540000000000000178e-03 9.934130160155435485e-02 1.012660204255846130e+00
-3.530000000000000152e-03 1.171401668452968226e-01 1.212069615037913328e+00
-3.520000000000000125e-03 1.335957215046058855e-01 1.403381181727307636e+00
-3.510000000000000099e-03 1.480363102872648828e-01 1.594355338246173925e+00
-3.500000000000000073e-03 1.661710031771156948e-01 1.777569060842895343e+00
-3.490000000000000480e-03 1.826265578364247855e-01 1.947286376618495796e+00
-3.480000000000000454e-03 1.947163530963253175e-01 2.117678512735151841e+00
-3.470000000000000428e-03 2.074778036484425658e-01 2.271537550495934532e+00
-3.460000000000000402e-03 2.212467371388848469e-01 2.420672845869324963e+00
-3.450000000000000375e-03 2.363589812137605328e-01 2.560023246297402189e+00
-3.440000000000000349e-03 2.481129488275527206e-01 2.689926161950694894e+00
-3.430000000000000323e-03 2.561728123341530661e-01 2.763481579125805609e+00
-3.420000000000000297e-03 2.638968481946450950e-01 2.763481579125805609e+00
-3.410000000000000270e-03 2.722925393473538125e-01 2.763481579125805609e+00
-3.400000000000000244e-03 2.800165752078457859e-01 2.763481579125805609e+00
-3.390000000000000218e-03 2.887480940066628476e-01 2.763481579125805609e+00
-3.380000000000000192e-03 2.890839216527712474e-01 2.763481579125805609e+00
-3.370000000000000166e-03 2.951288192827214996e-01 2.763481579125805609e+00
-3.360000000000000139e-03 2.974796128054799094e-01 2.763481579125805609e+00
-3.350000000000000113e-03 2.998304063282383747e-01 2.763481579125805609e+00
-3.340000000000000087e-03 2.988229233899133419e-01 2.763481579125805609e+00
-3.330000000000000061e-03 2.994945786821300304e-01 2.763481579125805609e+00
-3.320000000000000468e-03 2.954646469288298438e-01 2.763481579125805609e+00
-3.310000000000000442e-03 2.921063704677463457e-01 2.763481579125805609e+00
-3.300000000000000416e-03 2.900914045910962802e-01 2.763481579125805609e+00
-3.290000000000000389e-03 2.830390240228209398e-01 2.763481579125805609e+00
-3.280000000000000363e-03 2.769941263928706876e-01 2.763481579125805609e+00
-3.270000000000000337e-03 2.699417458245953472e-01 2.763481579125805609e+00
-3.260000000000000311e-03 2.565086399802614103e-01 2.763481579125805609e+00
-3.250000000000000284e-03 2.521428805808528795e-01 2.763481579125805609e+00
-3.240000000000000258e-03 2.390456023826273146e-01 2.700385877237063692e+00
-3.230000000000000232e-03 2.252766688921850335e-01 2.571157781924827468e+00
-3.220000000000000206e-03 2.135227012783928457e-01 2.432819612008334076e+00
-3.210000000000000180e-03 2.007612507262755974e-01 2.289757699704448424e+00
-3.200000000000000153e-03 1.849773513591832230e-01 2.129487868703633158e+00
-3.190000000000000127e-03 1.708725902226325699e-01 1.966181346168065502e+00
-3.180000000000000101e-03 1.564320014399736003e-01 1.792752518516656846e+00
-3.170000000000000075e-03 1.376256532579060721e-01 1.607851745067295113e+00
-3.160000000000000048e-03 1.198267880141636044e-01 1.423625791958989639e+00
-3.150000000000000456e-03 1.030354057087461694e-01 1.233326455781179387e+00
-3.140000000000000430e-03 8.657985104943710652e-02 1.038303377215976653e+00
-3.130000000000000403e-03 6.844515815958629457e-02 8.392313766044376955e-01
-3.120000000000000377e-03 4.896715468530207088e-02 6.334111725823380334e-01
-3.110000000000000351e-03 3.217577237988464983e-02 4.289406092423504457e-01
-3.100000000000000325e-03 9.003664798408602885e-03 2.129981001044097544e-01
-3.090000000000000299e-03 -6.444406922575427257e-03 5.490845229669899692e-03
-3.080000000000000272e-03 -2.592241039685963880e-02 -2.023538198155979961e-01
-3.070000000000000246e-03 -4.372127564060210997e-02 -4.169466882714265576e-01
-3.060000000000000220e-03 -6.219179617656127312e-02 -6.234417126345822568e-01
-3.050000000000000194e-03 -8.066231671252044322e-02 -8.255504047808736034e-01
-3.040000000000000167e-03 -9.745369901793787815e-02 -1.028333917268221098e+00
-3.030000000000000141e-03 -1.172675301383304391e-01 -1.227405917879760278e+00
-3.020000000000000115e-03 -1.340589124437478463e-01 -1.418380074398626567e+00
-3.010000000000000089e-03 -1.501786394569485650e-01 -1.605642719041684430e+00
-3.000000000000000062e-03 -1.673058494084743442e-01 -1.785819750103653680e+00
-2.990000000000000036e-03 -1.817464381911333415e-01 -1.960935628607702430e+00
-2.980000000000000444e-03 -1.985378204965507487e-01 -2.127953663019078512e+00
-2.970000000000000417e-03 -2.092843051720179037e-01 -2.282824931291445036e+00
-2.960000000000000391e-03 -2.250682045391102781e-01 -2.433309867346947541e+00
-2.950000000000000365e-03 -2.361505168606857774e-01 -2.570298396581328859e+00
-2.940000000000000339e-03 -2.492477950589113700e-01 -2.698176851211453009e+00
-2.930000000000000313e-03 -2.589867967960535200e-01 -2.764309244634947316e+00
-2.920000000000000286e-03 -2.657033497182204607e-01 -2.764309244634947316e+00
-2.910000000000000260e-03 -2.740990408709291781e-01 -2.764309244634947316e+00
-2.900000000000000234e-03 -2.821589043775295513e-01 -2.764309244634947316e+00
-2.890000000000000208e-03 -2.878679743613714592e-01 -2.764309244634947316e+00
-2.880000000000000181e-03 -2.918979061146716458e-01 -2.764309244634947316e+00
-2.870000000000000155e-03 -2.955920102218634882e-01 -2.764309244634947316e+00
-2.860000000000000129e-03 -2.986144590368386420e-01 -2.764309244634947316e+00
-2.850000000000000103e-03 -3.006294249134887075e-01 -2.764309244634947316e+00
-2.840000000000000076e-03 -3.026443907901388286e-01 -2.764309244634947316e+00
-2.830000000000000050e-03 -2.992861143290553305e-01 -2.764309244634947316e+00
-2.820000000000000024e-03 -2.986144590368386420e-01 -2.764309244634947316e+00
-2.810000000000000431e-03 -2.952561825757551439e-01 -2.764309244634947316e+00
-2.800000000000000405e-03 -2.898829402380215803e-01 -2.764309244634947316e+00
-2.790000000000000379e-03 -2.838380426080712726e-01 -2.764309244634947316e+00
-2.780000000000000353e-03 -2.794722832086627418e-01 -2.764309244634947316e+00
-2.770000000000000327e-03 -2.710765920559540798e-01 -2.764309244634947316e+00
-2.760000000000000300e-03 -2.610017626727035855e-01 -2.764309244634947316e+00
-2.750000000000000274e-03 -2.495836227050197142e-01 -2.764309244634947316e+00
-2.740000000000000248e-03 -2.425312421367444016e-01 -2.718421461443135012e+00
-2.730000000000000222e-03 -2.277548257079770599e-01 -2.588181135619314510e+00
-2.720000000000000195e-03 -2.160008580941848721e-01 -2.450180375873349359e+00
-2.710000000000000169e-03 -2.039110628342843401e-01 -2.302057311011543206e+00
-2.700000000000000143e-03 -1.874555081749752494e-01 -2.144149351204423848e+00
-2.690000000000000117e-03 -1.736865746845329683e-01 -1.980505418498328396e+00
-2.680000000000000090e-03 -1.552160541485738121e-01 -1.808426231529031813e+00
-2.670000000000000064e-03 -1.384246718431563772e-01 -1.630611071660758693e+00
-2.660000000000000038e-03 -1.233124277682806913e-01 -1.443348427017700830e+00
-2.650000000000000012e-03 -1.065210454628632841e-01 -1.250349809475666429e+00
-2.640000000000000419e-03 -8.771469728079575590e-02 -1.051615219034655269e+00
-2.630000000000000393e-03 -7.092331497537834872e-02 -8.505187573999479778e-01
-2.620000000000000367e-03 -5.010200091666072719e-02 -6.403122211609838521e-01
-2.610000000000000341e-03 -3.398227390346000160e-02 -4.331423764567721157e-01
-2.600000000000000314e-03 -1.114599396809230585e-02 -2.236106605588640273e-01
-2.590000000000000288e-03 4.637905399000072891e-03 -1.677822602518023315e-02
-2.580000000000000262e-03 2.445173651939263476e-02 1.984894627717043725e-01
-2.570000000000000236e-03 4.325808470146014911e-02 4.049844871348601272e-01
-2.560000000000000209e-03 6.240026052963601466e-02 6.135039725211841599e-01
-2.550000000000000183e-03 8.087078106559517088e-02 8.220234579075080816e-01
-2.540000000000000157e-03 9.732633572490426155e-02 1.020083228007462983e+00
-2.530000000000000131e-03 1.157968562608634178e-01 1.217468177766361848e+00
-2.520000000000000104e-03 1.295657897513057266e-01 1.407430103773644081e+00
-2.510000000000000078e-03 1.460213444106147895e-01 1.593005697564061851e+00
-2.500000000000000052e-03 1.658351755310073505e-01 1.777569060842895343e+00
-2.490000000000000026e-03 1.816190748980997249e-01 1.950660478323775981e+00
-2.480000000000000000e-03 1.953880083885420338e-01 2.113967000859343859e+00
-2.470000000000000407e-03 2.071419760023342216e-01 2.270525319984350698e+00
-2.460000000000000381e-03 2.235975306616432845e-01 2.422359896721965278e+00
-2.450000000000000355e-03 2.330007047526770625e-01 2.560023246297402189e+00
-2.440000000000000328e-03 2.444188447203609060e-01 2.691613212803334765e+00
-2.430000000000000302e-03 2.548295017497196890e-01 2.763481579125805609e+00
-2.420000000000000276e-03 2.649043311329701278e-01 2.763481579125805609e+00
-2.410000000000000250e-03 2.743075052240038780e-01 2.763481579125805609e+00
-2.400000000000000223e-03 2.806882305000625299e-01 2.763481579125805609e+00
-2.390000000000000197e-03 2.877406110683378149e-01 2.763481579125805609e+00
-2.380000000000000171e-03 2.894197492988795917e-01 2.763481579125805609e+00
-2.370000000000000145e-03 2.937855086982881225e-01 2.763481579125805609e+00
-2.360000000000000119e-03 2.978154404515882536e-01 2.763481579125805609e+00
-2.350000000000000092e-03 3.005020616204550632e-01 2.763481579125805609e+00
-2.340000000000000066e-03 2.991587510360216862e-01 2.763481579125805609e+00
-2.330000000000000040e-03 2.964721298671548766e-01 2.763481579125805609e+00
-2.320000000000000014e-03 2.974796128054799094e-01 2.763481579125805609e+00
-2.309999999999999987e-03 2.931138534060713785e-01 2.763481579125805609e+00
-2.300000000000000395e-03 2.907630598833129687e-01 2.763481579125805609e+00
-2.290000000000000369e-03 2.833748516689292840e-01 2.763481579125805609e+00
-2.280000000000000342e-03 2.756508158084372551e-01 2.763481579125805609e+00
-2.270000000000000316e-03 2.679267799479452816e-01 2.763481579125805609e+00
-2.260000000000000290e-03 2.598669164413449084e-01 2.763481579125805609e+00
-2.250000000000000264e-03 2.494562594119861254e-01 2.763481579125805609e+00
-2.240000000000000237e-03 2.366948088598688771e-01 2.700385877237063692e+00
-2.230000000000000211e-03 2.252766688921850335e-01 2.575206703971163691e+00
-2.220000000000000185e-03 2.152018395089345948e-01 2.430795150985165964e+00
-2.210000000000000159e-03 2.014329060184922859e-01 2.284021726805471886e+00
-2.200000000000000133e-03 1.846415237130748788e-01 2.126451177168880768e+00
-2.190000000000000106e-03 1.725517284531743190e-01 1.962132424121729057e+00
-2.180000000000000080e-03 1.544170355633235070e-01 1.789378416811376660e+00
-2.170000000000000054e-03 1.389689638423394769e-01 1.608863975578879391e+00
-2.160000000000000028e-03 1.221775815369220419e-01 1.424638022470573695e+00
-2.150000000000000001e-03 1.047145439392879185e-01 1.232989045610651369e+00
-2.139999999999999975e-03 8.422905752667866897e-02 1.035941506022280523e+00
-2.130000000000000383e-03 6.575853699071948499e-02 8.331579935349331389e-01
-2.120000000000000356e-03 4.930298233141042208e-02 6.334111725823380334e-01
-2.110000000000000330e-03 2.982497885712620880e-02 4.275909685602382604e-01
-2.100000000000000304e-03 1.135445832116704218e-02 2.167096119802181253e-01
-2.090000000000000278e-03 -6.108579276467078663e-03 5.828255400197932153e-03
-2.080000000000000251e-03 -2.793737627350972863e-02 -2.057279215208783207e-01
-2.070000000000000225e-03 -4.640789680946889872e-02 -4.193085594651227987e-01
-2.060000000000000199e-03 -6.319927911488631977e-02 -6.183805600766617561e-01
-2.050000000000000173e-03 -8.133397200473713173e-02 -8.309489675093221228e-01
-2.040000000000000147e-03 -9.946866489458794369e-02 -1.026646866415581005e+00
-2.030000000000000120e-03 -1.176033577844387834e-01 -1.224031816174479870e+00
-2.020000000000000094e-03 -1.347305677359645348e-01 -1.417367843887042289e+00
-2.010000000000000068e-03 -1.515219500413819698e-01 -1.605642719041684430e+00
-2.000000000000000042e-03 -1.666341941162576556e-01 -1.782445648398373272e+00
-1.990000000000000015e-03 -1.800672999605915925e-01 -1.958911167584534319e+00
-1.979999999999999989e-03 -1.971945099121173717e-01 -2.124579561313797882e+00
-1.969999999999999963e-03 -2.099559604642345922e-01 -2.282824931291445036e+00
-1.960000000000000370e-03 -2.230532386624601848e-01 -2.433984687688003579e+00
-1.950000000000000127e-03 -2.374938274451191822e-01 -2.568611345728688544e+00
-1.940000000000000101e-03 -2.462253462439362439e-01 -2.699526491893565083e+00
-1.930000000000000075e-03 -2.579793138577284872e-01 -2.764309244634947316e+00
-1.920000000000000265e-03 -2.680541432409789260e-01 -2.764309244634947316e+00
-1.910000000000000239e-03 -2.767856620397959877e-01 -2.764309244634947316e+00
-1.900000000000000213e-03 -2.828305596697462398e-01 -2.764309244634947316e+00
-1.890000000000000187e-03 -2.882038020074798035e-01 -2.764309244634947316e+00
-1.880000000000000161e-03 -2.922337337607799901e-01 -2.764309244634947316e+00
-1.870000000000000134e-03 -2.976069760985136092e-01 -2.764309244634947316e+00
-1.860000000000000108e-03 -2.999577696212720190e-01 -2.764309244634947316e+00
-1.850000000000000082e-03 -2.996219419751636748e-01 -2.764309244634947316e+00
-1.840000000000000056e-03 -3.009652525595970518e-01 -2.764309244634947316e+00
-1.830000000000000246e-03 -3.006294249134887075e-01 -2.764309244634947316e+00
-1.820000000000000220e-03 -2.939128719913217669e-01 -2.764309244634947316e+00
-1.810000000000000194e-03 -2.962636655140801767e-01 -2.764309244634947316e+00
-1.800000000000000168e-03 -2.902187678841299245e-01 -2.764309244634947316e+00
-1.790000000000000141e-03 -2.838380426080712726e-01 -2.764309244634947316e+00
-1.780000000000000115e-03 -2.781289726242293647e-01 -2.764309244634947316e+00
-1.770000000000000089e-03 -2.687257985331956145e-01 -2.764309244634947316e+00
-1.760000000000000063e-03 -2.589867967960535200e-01 -2.764309244634947316e+00
-1.750000000000000036e-03 -2.505911056433448025e-01 -2.764309244634947316e+00
-1.740000000000000227e-03 -2.425312421367444016e-01 -2.709648797009406085e+00
-1.730000000000000201e-03 -2.280906533540854320e-01 -2.582445162720337972e+00
-1.720000000000000175e-03 -2.146575475097514951e-01 -2.445456633485956655e+00
-1.710000000000000148e-03 -2.025677522498509353e-01 -2.301382490670487169e+00
-1.700000000000000122e-03 -1.881271634671919379e-01 -2.140100429158087625e+00
-1.690000000000000096e-03 -1.730149193923162798e-01 -1.977468726963576007e+00
-1.680000000000000070e-03 -1.545443988563570958e-01 -1.802690258630055276e+00
-1.670000000000000043e-03 -1.387604994892647214e-01 -1.619476536033333636e+00
-1.660000000000000234e-03 -1.212974618916305980e-01 -1.437275043948196274e+00
-1.650000000000000208e-03 -1.078643560472966612e-01 -1.241914555212465521e+00
-1.640000000000000182e-03 -8.637138669636237887e-02 -1.047228886817791027e+00
-1.630000000000000155e-03 -7.058748732926997671e-02 -8.498439370588919406e-01
-1.620000000000000129e-03 -5.043782856276907839e-02 -6.436863228662642600e-01
-1.610000000000000103e-03 -3.196730802680990829e-02 -4.351668374799402272e-01
-1.600000000000000077e-03 -1.316095984474239741e-02 -2.249603012409761571e-01
-1.590000000000000050e-03 5.645388337325118674e-03 -1.779045653676433053e-02
-1.580000000000000024e-03 2.512339181160933022e-02 1.924160797021997882e-01
-1.570000000000000215e-03 4.090729117870171155e-02 3.982362837242995335e-01
-1.560000000000000189e-03 6.004946700687757016e-02 6.077679996222076220e-01
-1.550000000000000162e-03 7.986329812727013810e-02 8.152752544969474879e-01
-1.540000000000000136e-03 9.766216337101260581e-02 1.013672434767430408e+00
-1.530000000000000110e-03 1.164685115530801063e-01 1.211732204867385310e+00
-1.520000000000000084e-03 1.329240662123891970e-01 1.406755283432588044e+00
-1.510000000000000057e-03 1.493796208716982876e-01 1.597054619610398074e+00
-1.500000000000000031e-03 1.654993478848990063e-01 1.776894240501839306e+00
-1.490000000000000222e-03 1.809474196058830364e-01 1.948298607130079851e+00
-1.480000000000000196e-03 1.930372148657835685e-01 2.117003692394095804e+00
-1.470000000000000169e-03 2.111719077556344082e-01 2.278623164077023588e+00
-1.460000000000000143e-03 2.225900477233182517e-01 2.423034717063021315e+00
-1.450000000000000117e-03 2.326648771065686905e-01 2.566771449707963004e+00
-1.440000000000000091e-03 2.460979829509026551e-01 2.690263572121222690e+00
-1.430000000000000064e-03 2.558369846880447218e-01 2.763481579125805609e+00
-1.420000000000000038e-03 2.665834693635118491e-01 2.763481579125805609e+00
-1.410000000000000012e-03 2.719567117012454682e-01 2.763481579125805609e+00
-1.400000000000000203e-03 2.813598857922792185e-01 2.763481579125805609e+00
-1.390000000000000176e-03 2.867331281300127821e-01 2.763481579125805609e+00
-1.380000000000000150e-03 2.924421981138546900e-01 2.763481579125805609e+00
-1.370000000000000124e-03 2.961363022210465323e-01 2.763481579125805609e+00
-1.360000000000000098e-03 2.984870957438049976e-01 2.763481579125805609e+00
-1.350000000000000071e-03 2.984870957438049976e-01 2.763481579125805609e+00
-1.340000000000000045e-03 2.991587510360216862e-01 2.763481579125805609e+00
-1.330000000000000019e-03 2.981512680976966534e-01 2.763481579125805609e+00
-1.320000000000000210e-03 2.951288192827214996e-01 2.763481579125805609e+00
-1.310000000000000183e-03 2.927780257599630342e-01 2.763481579125805609e+00
-1.300000000000000157e-03 2.877406110683378149e-01 2.763481579125805609e+00
-1.290000000000000131e-03 2.840465069611459725e-01 2.763481579125805609e+00
-1.280000000000000105e-03 2.759866434545456548e-01 2.763481579125805609e+00
-1.270000000000000078e-03 2.682626075940536259e-01 2.763481579125805609e+00
-1.260000000000000052e-03 2.585236058569115314e-01 2.763481579125805609e+00
-1.250000000000000026e-03 2.507995699964195024e-01 2.763481579125805609e+00
-1.240000000000000000e-03 2.377022917981939376e-01 2.703085158601287841e+00
-1.230000000000000190e-03 2.256124965382933778e-01 2.575206703971163691e+00
-1.220000000000000164e-03 2.111719077556344082e-01 2.432819612008334076e+00
-1.210000000000000138e-03 1.980746295574088156e-01 2.286046187828639997e+00
-1.200000000000000112e-03 1.853131790052915673e-01 2.129487868703633158e+00
-1.190000000000000085e-03 1.688576243459824766e-01 1.965506525827009465e+00
-1.180000000000000059e-03 1.540812079172151627e-01 1.792077698175600808e+00
-1.170000000000000033e-03 1.382973085501227883e-01 1.608189155237823131e+00
-1.160000000000000007e-03 1.221775815369220419e-01 1.423963202129517658e+00
-1.150000000000000197e-03 1.037070610009628857e-01 1.232651635440123350e+00
-1.140000000000000171e-03 8.792316163387051131e-02 1.037291146704392597e+00
-1.130000000000000145e-03 6.777350286736957830e-02 8.355198647286293800e-01
-1.120000000000000119e-03 4.963880997751877328e-02 6.293622505360016994e-01
-1.110000000000000092e-03 3.049663414934290773e-02 4.255665075370701489e-01
-1.100000000000000066e-03 1.101863067505869445e-02 2.099614085696574761e-01
-1.090000000000000040e-03 -6.444406922575427257e-03 4.478614718085802311e-03
-1.080000000000000014e-03 -2.726572098129303318e-02 -2.080897927145745341e-01
-1.069999999999999988e-03 -4.506458622503550088e-02 -4.176215086124825948e-01
-1.060000000000000178e-03 -6.219179617656127312e-02 -6.247913533166944422e-01
-1.050000000000000152e-03 -8.133397200473713173e-02 -8.336482488735463825e-01
-1.040000000000000126e-03 -9.812535431015456666e-02 -1.028333917268221098e+00
-1.030000000000000100e-03 -1.165958748461137229e-01 -1.230105199243984426e+00
-1.020000000000000073e-03 -1.327156018593144415e-01 -1.420067125251266660e+00
-1.010000000000000047e-03 -1.535369159180320631e-01 -1.604630488530100374e+00
-1.000000000000000021e-03 -1.662983664701493114e-01 -1.786494570444709717e+00
-9.899999999999999946e-04 -1.800672999605915925e-01 -1.958573757414006078e+00
-9.800000000000001852e-04 -1.965228546199006554e-01 -2.123904740972741845e+00
-9.700000000000000505e-04 -2.116350986947763413e-01 -2.281137880438805166e+00
-9.600000000000001327e-04 -2.240607216007852454e-01 -2.428586124959555281e+00
-9.500000000000001065e-04 -2.358146892145774332e-01 -2.570973216922384896e+00
-9.400000000000000803e-04 -2.455536909517195554e-01 -2.695477569847228860e+00
-9.300000000000000541e-04 -2.576434862116200875e-01 -2.764309244634947316e+00
-9.200000000000000278e-04 -2.700691091176289915e-01 -2.764309244634947316e+00
-9.100000000000001100e-04 -2.761140067475792992e-01 -2.764309244634947316e+00
-9.000000000000000838e-04 -2.831663873158545841e-01 -2.764309244634947316e+00
-8.900000000000000576e-04 -2.888754572996965475e-01 -2.764309244634947316e+00
-8.800000000000000313e-04 -2.922337337607799901e-01 -2.764309244634947316e+00
-8.700000000000001135e-04 -2.969353208062968652e-01 -2.764309244634947316e+00
-8.600000000000000873e-04 -2.965994931601885209e-01 -2.764309244634947316e+00
-8.500000000000000611e-04 -3.019727354979221401e-01 -2.764309244634947316e+00
-8.400000000000000348e-04 -3.009652525595970518e-01 -2.764309244634947316e+00
-8.300000000000001170e-04 -2.982786313907302977e-01 -2.764309244634947316e+00
-8.200000000000000908e-04 -2.955920102218634882e-01 -2.764309244634947316e+00
-8.100000000000000646e-04 -2.952561825757551439e-01 -2.764309244634947316e+00
-8.000000000000000383e-04 -2.885396296535882033e-01 -2.764309244634947316e+00
-7.900000000000000121e-04 -2.848455255463963609e-01 -2.764309244634947316e+00
-7.800000000000000943e-04 -2.788006279164460532e-01 -2.764309244634947316e+00
-7.700000000000000681e-04 -2.690616261793039588e-01 -2.764309244634947316e+00
-7.600000000000000418e-04 -2.630167285493537066e-01 -2.764309244634947316e+00
-7.500000000000000156e-04 -2.526060715199948681e-01 -2.764309244634947316e+00
-7.400000000000000978e-04 -2.418595868445277131e-01 -2.712685488544158474e+00
-7.300000000000000716e-04 -2.287623086463021205e-01 -2.586831494937202436e+00
-7.200000000000000453e-04 -2.170083410325099327e-01 -2.447481094509125210e+00
-7.100000000000000191e-04 -2.032394075420676238e-01 -2.298683209306262576e+00
-7.000000000000001013e-04 -1.857763699444335004e-01 -2.139763018987559384e+00
-6.900000000000000751e-04 -1.736865746845329683e-01 -1.974769445599351636e+00
-6.800000000000000488e-04 -1.595818135479823430e-01 -1.805389539994279424e+00
-6.700000000000000226e-04 -1.404396377198064705e-01 -1.625549919102838414e+00
-6.600000000000001048e-04 -1.249915659988224403e-01 -1.436262813436612218e+00
-6.500000000000000786e-04 -1.075285284011883169e-01 -1.246975707770386022e+00
-6.400000000000000524e-04 -8.939383551133750494e-02 -1.044867015624094675e+00
-6.300000000000000261e-04 -6.823669380651153915e-02 -8.481568862062517367e-01
-6.199999999999999999e-04 -5.077365620887742959e-02 -6.409870415020400003e-01
-6.100000000000000821e-04 -2.961651450405147074e-02 -4.355042476504683568e-01
-6.000000000000000559e-04 -1.584758101360918270e-02 -2.239480707293920736e-01
-5.900000000000000296e-04 3.630422460675027975e-03 -1.239189380831581290e-02
-5.800000000000000034e-04 2.176511535052584601e-02 1.937657203843119180e-01
-5.700000000000000856e-04 4.057146353259336036e-02 4.036348464527480528e-01
-5.600000000000000594e-04 5.937781171466087471e-02 6.145162030327682157e-01
-5.500000000000000331e-04 8.053495341948682662e-02 8.135882036443072840e-01
-5.400000000000000069e-04 9.564719749436251250e-02 1.013672434767430408e+00
-5.300000000000000891e-04 1.174759944914051668e-01 1.212744435378969365e+00
-5.200000000000000629e-04 1.332598938584975412e-01 1.407092693603116063e+00
-5.100000000000000366e-04 1.500512761639149761e-01 1.596717209439870055e+00
-5.000000000000000104e-04 1.665068308232240391e-01 1.774194959137615157e+00
-4.900000000000000926e-04 1.819549025442080692e-01 1.947623786789023814e+00
-4.800000000000000664e-04 1.957238360346503780e-01 2.112617360177231340e+00
-4.700000000000000401e-04 2.084852865867675986e-01 2.271200140325406736e+00
-4.600000000000000139e-04 2.229258753694265960e-01 2.422697306892493074e+00
-4.500000000000000419e-04 2.343440153371104395e-01 2.561035476808986466e+00
-4.400000000000000157e-04 2.457621553047942831e-01 2.693300263655975080e+00
-4.300000000000000436e-04 2.568444676263697546e-01 2.763481579125805609e+00
-4.200000000000000174e-04 2.645685034868617835e-01 2.763481579125805609e+00
-4.100000000000000454e-04 2.716208840551371240e-01 2.763481579125805609e+00
-4.000000000000000192e-04 2.813598857922792185e-01 2.763481579125805609e+00
-3.900000000000000471e-04 2.880764387144461591e-01 2.763481579125805609e+00
-3.800000000000000209e-04 2.917705428216380015e-01 2.763481579125805609e+00
-3.700000000000000489e-04 2.964721298671548766e-01 2.763481579125805609e+00
-3.600000000000000227e-04 2.964721298671548766e-01 2.763481579125805609e+00
-3.500000000000000507e-04 2.991587510360216862e-01 2.763481579125805609e+00
-3.400000000000000244e-04 2.994945786821300304e-01 2.763481579125805609e+00
-3.300000000000000524e-04 3.005020616204550632e-01 2.763481579125805609e+00
-3.200000000000000262e-04 2.934496810521797228e-01 2.763481579125805609e+00
-3.099999999999999999e-04 2.947929916366131553e-01 2.763481579125805609e+00
-3.000000000000000279e-04 2.884122663605545034e-01 2.763481579125805609e+00
-2.900000000000000017e-04 2.823673687306042512e-01 2.763481579125805609e+00
-2.800000000000000297e-04 2.743075052240038780e-01 2.763481579125805609e+00
-2.700000000000000035e-04 2.672551246557285931e-01 2.763481579125805609e+00
-2.600000000000000314e-04 2.588594335030198756e-01 2.763481579125805609e+00
-2.500000000000000052e-04 2.487846041197694369e-01 2.763481579125805609e+00
-2.400000000000000332e-04 2.377022917981939376e-01 2.705784439965512433e+00
-2.300000000000000070e-04 2.266199794766184383e-01 2.573857063289051617e+00
-2.200000000000000078e-04 2.135227012783928457e-01 2.437543354395726780e+00
-2.100000000000000087e-04 2.010970783723839417e-01 2.290432520045504461e+00
-2.000000000000000096e-04 1.829623854825331297e-01 2.129150458533104917e+00
-1.900000000000000105e-04 1.738950390376077237e-01 1.965843935997537484e+00
-1.800000000000000113e-04 1.540812079172151627e-01 1.794776979539825179e+00
-1.700000000000000122e-04 1.406481020728812259e-01 1.610888436602047502e+00
-1.600000000000000131e-04 1.235208921213554467e-01 1.426662483493741806e+00
-1.500000000000000140e-04 1.026995780626378252e-01 1.230964584587483035e+00
-1.400000000000000148e-04 8.389322988057032471e-02 1.038303377215976653e+00
-1.300000000000000157e-04 6.810933051347795031e-02 8.385565562633816583e-01
-1.200000000000000166e-04 4.930298233141042208e-02 6.320615319002259591e-01
-1.100000000000000039e-04 3.049663414934290773e-02 4.265787380486542046e-01
-1.000000000000000048e-04 1.135445832116704218e-02 2.167096119802181253e-01
-9.000000000000000567e-05 -7.451889860900472173e-03 8.864946934950221694e-03
-8.000000000000000654e-05 -2.592241039685963880e-02 -2.043782808387661909e-01
-7.000000000000000742e-05 -4.405710328671045423e-02 -4.152596374187863537e-01
-6.000000000000000830e-05 -6.286345146877797552e-02 -6.224294821229982011e-01
-5.000000000000000240e-05 -8.133397200473713173e-02 -8.289245064861539003e-01
-4.000000000000000327e-05 -1.001403201868046600e-01 -1.028333917268221098e+00
-3.000000000000000415e-05 -1.162600472000053786e-01 -1.228755558561872352e+00
-2.000000000000000164e-05 -1.323797742132060973e-01 -1.420741945592322697e+00
-1.000000000000000082e-05 -1.505144671030569092e-01 -1.605305308871156411e+00
0.000000000000000000e+00 -1.669700217623659999e-01 -1.784132699251013587e+00
1.000000000000000082e-05 -1.817464381911333415e-01 -1.961610448948758467e+00
2.000000000000000164e-05 -1.971945099121173717e-01 -2.128291073189606308e+00
3.000000000000000415e-05 -2.092843051720179037e-01 -2.284174571973557555e+00
4.000000000000000327e-05 -2.237248939546769011e-01 -2.429260945300611318e+00
5.000000000000000240e-05 -2.358146892145774332e-01 -2.571985447433968730e+00
6.000000000000000830e-05 -2.421954144906360573e-01 -2.701888363087261435e+00
7.000000000000000742e-05 -2.579793138577284872e-01 -2.764309244634947316e+00
8.000000000000000654e-05 -2.673824879487622375e-01 -2.764309244634947316e+00
9.000000000000000567e-05 -2.751065238092542109e-01 -2.764309244634947316e+00
1.000000000000000048e-04 -2.828305596697462398e-01 -2.764309244634947316e+00
1.100000000000000039e-04 -2.858530084847213937e-01 -2.764309244634947316e+00
1.200000000000000166e-04 -2.949203549296467997e-01 -2.764309244634947316e+00
1.300000000000000157e-04 -2.979428037446219535e-01 -2.764309244634947316e+00
1.400000000000000148e-04 -2.992861143290553305e-01 -2.764309244634947316e+00
1.500000000000000140e-04 -3.013010802057053961e-01 -2.764309244634947316e+00
1.600000000000000131e-04 -3.016369078518137403e-01 -2.764309244634947316e+00
1.700000000000000122e-04 -2.996219419751636748e-01 -2.764309244634947316e+00
1.800000000000000113e-04 -2.989502866829469863e-01 -2.764309244634947316e+00
1.900000000000000105e-04 -2.952561825757551439e-01 -2.764309244634947316e+00
2.000000000000000096e-04 -2.915620784685633016e-01 -2.764309244634947316e+00
2.100000000000000087e-04 -2.848455255463963609e-01 -2.764309244634947316e+00
2.200000000000000078e-04 -2.794722832086627418e-01 -2.764309244634947316e+00
2.300000000000000070e-04 -2.687257985331956145e-01 -2.764309244634947316e+00
2.400000000000000332e-04 -2.620092456110286183e-01 -2.764309244634947316e+00
2.500000000000000052e-04 -2.515985885816698353e-01 -2.764309244634947316e+00
2.600000000000000314e-04 -2.395087933217692755e-01 -2.712010668203102437e+00
2.700000000000000035e-04 -2.274189980618687157e-01 -2.585481854255090362e+00
2.800000000000000297e-04 -2.156650304480765279e-01 -2.447481094509125210e+00
2.900000000000000017e-04 -2.008886140193091863e-01 -2.300370260158902891e+00
3.000000000000000279e-04 -1.864480252366502167e-01 -2.141112659669671459e+00
3.099999999999999999e-04 -1.723432641000995635e-01 -1.975106855769879877e+00
3.200000000000000262e-04 -1.572310200252238777e-01 -1.799316156924774868e+00
3.300000000000000524e-04 -1.414471206581315033e-01 -1.619139125862805617e+00
3.400000000000000244e-04 -1.256632212910391289e-01 -1.432551301560803791e+00
3.500000000000000507e-04 -1.058493901706465679e-01 -1.237865633166129298e+00
3.600000000000000227e-04 -8.972966315744584920e-02 -1.048915937670431120e+00
3.700000000000000489e-04 -6.958000439094494394e-02 -8.447827845009714398e-01
3.800000000000000209e-04 -5.077365620887742959e-02 -6.355884787735914809e-01
3.900000000000000471e-04 -3.263896331902661069e-02 -4.311179154336038932e-01
4.000000000000000192e-04 -1.517592572139248724e-02 -2.225984300472799438e-01
4.100000000000000454e-04 6.652871275650164458e-03 -1.407894466095597347e-02
4.200000000000000174e-04 2.478756416550098249e-02 1.991642831127604374e-01
4.300000000000000436e-04 4.124311882481005581e-02 4.083585888401404240e-01
4.400000000000000157e-04 6.038529465298592136e-02 6.118169216685439560e-01
4.500000000000000419e-04 8.019912577337848236e-02 8.176371256906436180e-01
4.600000000000000139e-04 9.866964630933763858e-02 1.017383946643238612e+00
4.700000000000000401e-04 1.147893733225383850e-01 1.215106306572665495e+00
4.800000000000000664e-04 1.312449279818474479e-01 1.409454564796812193e+00
4.900000000000000926e-04 1.470288273489398501e-01 1.594692748416701944e+00
5.000000000000000104e-04 1.665068308232240391e-01 1.775544599819727232e+00
5.100000000000000366e-04 1.806115919597746922e-01 1.946611556277439536e+00
5.200000000000000629e-04 1.953880083885420338e-01 2.113967000859343859e+00
5.300000000000000891e-04 2.098285971712010034e-01 2.274574242030686921e+00
5.400000000000000069e-04 2.199034265544514699e-01 2.419660615357740685e+00
5.500000000000000331e-04 2.366948088598688771e-01 2.561372886979514263e+00
5.600000000000000594e-04 2.464338105970109993e-01 2.690600982291750931e+00
5.700000000000000856e-04 2.578519505646947874e-01 2.763481579125805609e+00
5.800000000000000034e-04 2.662476417174035048e-01 2.763481579125805609e+00
5.900000000000000296e-04 2.736358499317871895e-01 2.763481579125805609e+00
6.000000000000000559e-04 2.800165752078457859e-01 2.763481579125805609e+00
6.100000000000000821e-04 2.853898175455794051e-01 2.763481579125805609e+00
6.199999999999999999e-04 2.914347151755296572e-01 2.763481579125805609e+00
6.300000000000000261e-04 2.964721298671548766e-01 2.763481579125805609e+00
6.400000000000000524e-04 2.994945786821300304e-01 2.763481579125805609e+00
6.500000000000000786e-04 2.984870957438049976e-01 2.763481579125805609e+00
6.600000000000001048e-04 2.984870957438049976e-01 2.763481579125805609e+00
6.700000000000000226e-04 2.984870957438049976e-01 2.763481579125805609e+00
6.800000000000000488e-04 2.961363022210465323e-01 2.763481579125805609e+00
6.900000000000000751e-04 2.924421981138546900e-01 2.763481579125805609e+00
7.000000000000001013e-04 2.884122663605545034e-01 2.763481579125805609e+00
7.100000000000000191e-04 2.823673687306042512e-01 2.763481579125805609e+00
7.200000000000000453e-04 2.746433328701122223e-01 2.763481579125805609e+00
7.300000000000000716e-04 2.679267799479452816e-01 2.763481579125805609e+00
7.400000000000000978e-04 2.568444676263697546e-01 2.763481579125805609e+00
7.500000000000000156e-04 2.481129488275527206e-01 2.763481579125805609e+00
7.600000000000000418e-04 2.400530853209523752e-01 2.700723287407591933e+00
7.700000000000000681e-04 2.262841518305100941e-01 2.575881524312219728e+00
7.800000000000000943e-04 2.138585289245011900e-01 2.435518893372558225e+00
7.900000000000000121e-04 2.010970783723839417e-01 2.286046187828639997e+00
8.000000000000000383e-04 1.863206619436166001e-01 2.130500099215217435e+00
8.100000000000000646e-04 1.722159008070659747e-01 1.962469834292257076e+00
8.200000000000000908e-04 1.560961737938652560e-01 1.794439569369297161e+00
8.300000000000001170e-04 1.396406191345561654e-01 1.611225846772575521e+00
8.400000000000000348e-04 1.191551327219469159e-01 1.423625791958989639e+00
8.500000000000000611e-04 1.053861992315046070e-01 1.234338686292763443e+00
8.600000000000000873e-04 8.523654046500370174e-02 1.037628556874920616e+00
8.700000000000001135e-04 7.180343462066976490e-02 8.378817359223256211e-01
8.800000000000000313e-04 5.131794820806051538e-02 6.323989420707539777e-01
8.900000000000000576e-04 3.083246179545125545e-02 4.238794566844299450e-01
9.000000000000000838e-04 1.269776890560043656e-02 2.167096119802181253e-01
9.100000000000001100e-04 -5.772751630358730068e-03 4.141204547557770718e-03
9.200000000000000278e-04 -2.525075510464294334e-02 -2.080897927145745341e-01
9.300000000000000541e-04 -4.372127564060210997e-02 -4.159344577598423909e-01
9.400000000000000803e-04 -6.319927911488631977e-02 -6.254661736577504794e-01
9.500000000000001065e-04 -8.334893788138722504e-02 -8.316237878503781600e-01
9.600000000000001327e-04 -9.980449254069631571e-02 -1.028671327438749117e+00
9.700000000000000505e-04 -1.165958748461137229e-01 -1.226731097538704240e+00
9.800000000000001852e-04 -1.330514295054227858e-01 -1.420067125251266660e+00
9.899999999999999946e-04 -1.508502947491652812e-01 -1.603618258018516318e+00
1.000000000000000021e-03 -1.662983664701493114e-01 -1.791893133173158237e+00
1.010000000000000047e-03 -1.854405422983251561e-01 -1.958236347243478059e+00
1.020000000000000073e-03 -1.985378204965507487e-01 -2.126266612166438197e+00
1.030000000000000100e-03 -2.106276157564513085e-01 -2.281812700779861203e+00
1.040000000000000126e-03 -2.237248939546769011e-01 -2.432972457176419745e+00
1.050000000000000152e-03 -2.374938274451191822e-01 -2.575696959309777156e+00
1.060000000000000178e-03 -2.485761397666946815e-01 -2.701888363087261435e+00
1.069999999999999988e-03 -2.573076585655117432e-01 -2.764309244634947316e+00
1.080000000000000014e-03 -2.680541432409789260e-01 -2.764309244634947316e+00
1.090000000000000040e-03 -2.774573173320126762e-01 -2.764309244634947316e+00
1.100000000000000066e-03 -2.831663873158545841e-01 -2.764309244634947316e+00
1.110000000000000092e-03 -2.905545955302382688e-01 -2.764309244634947316e+00
1.120000000000000119e-03 -2.942486996374301111e-01 -2.764309244634947316e+00
1.130000000000000145e-03 -2.986144590368386420e-01 -2.764309244634947316e+00
1.140000000000000171e-03 -2.996219419751636748e-01 -2.764309244634947316e+00
1.150000000000000197e-03 -3.029802184362471729e-01 -2.764309244634947316e+00
1.160000000000000007e-03 -3.002935972673803633e-01 -2.764309244634947316e+00
1.170000000000000033e-03 -3.006294249134887075e-01 -2.764309244634947316e+00
1.180000000000000059e-03 -2.962636655140801767e-01 -2.764309244634947316e+00
1.190000000000000085e-03 -2.929053890529966786e-01 -2.764309244634947316e+00
1.200000000000000112e-03 -2.908904231763466131e-01 -2.764309244634947316e+00
1.210000000000000138e-03 -2.835022149619629284e-01 -2.764309244634947316e+00
1.220000000000000164e-03 -2.774573173320126762e-01 -2.764309244634947316e+00
1.230000000000000190e-03 -2.730915579326041454e-01 -2.764309244634947316e+00
1.240000000000000000e-03 -2.599942797343785528e-01 -2.764309244634947316e+00
1.250000000000000026e-03 -2.512627609355614910e-01 -2.764309244634947316e+00
1.260000000000000052e-03 -2.401804486139859640e-01 -2.711673258032574196e+00
1.270000000000000078e-03 -2.274189980618687157e-01 -2.585144444084562121e+00
1.280000000000000105e-03 -2.163366857402932164e-01 -2.444781813144900617e+00
1.290000000000000131e-03 -2.035752351881759681e-01 -2.295983927942038427e+00
1.300000000000000157e-03 -1.874555081749752494e-01 -2.140100429158087625e+00
1.310000000000000183e-03 -1.730149193923162798e-01 -1.972744984576183525e+00
1.320000000000000210e-03 -1.565593647330071891e-01 -1.800328387436359145e+00
1.330000000000000019e-03 -1.401038100736981262e-01 -1.617789485180693543e+00
1.340000000000000045e-03 -1.253273936449307846e-01 -1.432213891390275773e+00
1.350000000000000071e-03 -1.082001836934050054e-01 -1.240902324700881465e+00
1.360000000000000098e-03 -8.838635257301244441e-02 -1.039468452895646156e+00
1.370000000000000124e-03 -7.058748732926997671e-02 -8.457950150125556066e-01
1.380000000000000150e-03 -5.043782856276907839e-02 -6.386251703083437592e-01
1.390000000000000176e-03 -3.566141213400174370e-02 -4.382035290146926165e-01
1.400000000000000203e-03 -9.802683383658911467e-03 -2.209113791946397676e-01
1.410000000000000012e-03 4.637905399000072891e-03 -1.542858534306810331e-02
1.420000000000000038e-03 2.545921945771767794e-02 1.978146424306483075e-01
1.430000000000000064e-03 4.157894647091840701e-02 4.066715379875003311e-01
1.440000000000000091e-03 6.206443288352766346e-02 6.118169216685439560e-01
1.450000000000000117e-03 7.751250460451170055e-02 8.189867663727558034e-01
1.460000000000000143e-03 9.598302514047085676e-02 1.017046536472710594e+00
1.470000000000000169e-03 1.151252009686467292e-01 1.213756665890553421e+00
1.480000000000000196e-03 1.339315491507142575e-01 1.409454564796812193e+00
1.490000000000000222e-03 1.483721379333732271e-01 1.592668287393533832e+00
1.500000000000000031e-03 1.641560373004656015e-01 1.774869779478671195e+00
1.510000000000000057e-03 1.802757643136663479e-01 1.949985657982719944e+00
1.520000000000000084e-03 1.963954913268670666e-01 2.115316641541455933e+00
1.530000000000000110e-03 2.091569418789843149e-01 2.272549781007518810e+00
1.540000000000000136e-03 2.212467371388848469e-01 2.419998025528268926e+00
1.550000000000000162e-03 2.333365323987854068e-01 2.563397348002682818e+00
1.560000000000000189e-03 2.457621553047942831e-01 2.691613212803334765e+00
1.570000000000000215e-03 2.555011570419363776e-01 2.763481579125805609e+00
1.580000000000000024e-03 2.662476417174035048e-01 2.763481579125805609e+00
1.590000000000000050e-03 2.726283669934621567e-01 2.763481579125805609e+00
1.600000000000000077e-03 2.830390240228209398e-01 2.763481579125805609e+00
1.610000000000000103e-03 2.870689557761211264e-01 2.763481579125805609e+00
1.620000000000000129e-03 2.937855086982881225e-01 2.763481579125805609e+00
1.630000000000000155e-03 2.954646469288298438e-01 2.763481579125805609e+00
1.640000000000000182e-03 2.988229233899133419e-01 2.763481579125805609e+00
1.650000000000000208e-03 2.984870957438049976e-01 2.763481579125805609e+00
1.660000000000000234e-03 3.025170274971051843e-01 2.763481579125805609e+00
1.670000000000000043e-03 2.964721298671548766e-01 2.763481579125805609e+00
1.680000000000000070e-03 2.971437851593715651e-01 2.763481579125805609e+00
1.690000000000000096e-03 2.941213363443964668e-01 2.763481579125805609e+00
1.700000000000000122e-03 2.870689557761211264e-01 2.763481579125805609e+00
1.710000000000000148e-03 2.840465069611459725e-01 2.763481579125805609e+00
1.720000000000000175e-03 2.780016093311957204e-01 2.763481579125805609e+00
1.730000000000000201e-03 2.692700905323786587e-01 2.763481579125805609e+00
1.740000000000000227e-03 2.605385717335615969e-01 2.763481579125805609e+00
1.750000000000000036e-03 2.481129488275527206e-01 2.763481579125805609e+00
1.760000000000000063e-03 2.380381194443022819e-01 2.704097389112872118e+00
1.770000000000000089e-03 2.249408412460766893e-01 2.577231164994331802e+00
1.780000000000000115e-03 2.155376671550429390e-01 2.440242635759950929e+00
1.790000000000000141e-03 1.994179401418421926e-01 2.291444750557088739e+00
1.800000000000000168e-03 1.846415237130748788e-01 2.132524560238385547e+00
1.810000000000000194e-03 1.705367625765242257e-01 1.964831705485953428e+00
1.820000000000000220e-03 1.554245185016485398e-01 1.794439569369297161e+00
1.830000000000000246e-03 1.399764467806645096e-01 1.614262538307327910e+00
1.840000000000000056e-03 1.235208921213554467e-01 1.429024354687438159e+00
1.850000000000000082e-03 1.047145439392879185e-01 1.235688326974875517e+00
1.860000000000000108e-03 8.758733398776213930e-02 1.038303377215976653e+00
1.870000000000000134e-03 6.911681345180298308e-02 8.358572748991573986e-01
1.880000000000000161e-03 4.896715468530207088e-02 6.290248403654735698e-01
1.890000000000000187e-03 2.982497885712620880e-02 4.282657889012944086e-01
1.900000000000000213e-03 1.236194125949208883e-02 2.140103306159938656e-01
1.910000000000000239e-03 -4.093613399816987096e-03 1.441923183333511903e-03
1.920000000000000265e-03 -2.525075510464294334e-02 -2.043782808387661909e-01
1.930000000000000075e-03 -4.573624151725219633e-02 -4.149222272482583351e-01
1.940000000000000101e-03 -6.252762382266963126e-02 -6.227668922935262197e-01
1.950000000000000127e-03 -8.066231671252044322e-02 -8.262252251219296406e-01
1.960000000000000370e-03 -9.913283724847959943e-02 -1.026984276586109024e+00
1.969999999999999963e-03 -1.162600472000053786e-01 -1.227405917879760278e+00
1.979999999999999989e-03 -1.340589124437478463e-01 -1.418717484569154585e+00
1.990000000000000015e-03 -1.521936053335986583e-01 -1.604967898700628393e+00
2.000000000000000042e-03 -1.673058494084743442e-01 -1.782445648398373272e+00
2.010000000000000068e-03 -1.834255764216750628e-01 -1.960598218437174411e+00
2.020000000000000094e-03 -1.955153716815756226e-01 -2.122892510461158011e+00
2.030000000000000120e-03 -2.089484775259095595e-01 -2.283162341461973277e+00
2.040000000000000147e-03 -2.260756874774353387e-01 -2.432972457176419745e+00
2.050000000000000173e-03 -2.354788615684690889e-01 -2.571648037263440933e+00
2.060000000000000199e-03 -2.472328291822612767e-01 -2.696827210529340935e+00
2.070000000000000225e-03 -2.573076585655117432e-01 -2.764309244634947316e+00
2.080000000000000251e-03 -2.650316944260037721e-01 -2.764309244634947316e+00
2.090000000000000278e-03 -2.724199026403874568e-01 -2.764309244634947316e+00
2.100000000000000304e-03 -2.835022149619629284e-01 -2.764309244634947316e+00
2.110000000000000330e-03 -2.888754572996965475e-01 -2.764309244634947316e+00
2.120000000000000356e-03 -2.925695614068883343e-01 -2.764309244634947316e+00
2.130000000000000383e-03 -2.972711484524052095e-01 -2.764309244634947316e+00
2.139999999999999975e-03 -2.969353208062968652e-01 -2.764309244634947316e+00
2.150000000000000001e-03 -2.992861143290553305e-01 -2.764309244634947316e+00
2.160000000000000028e-03 -3.039877013745722056e-01 -2.764309244634947316e+00
2.170000000000000054e-03 -3.019727354979221401e-01 -2.764309244634947316e+00
2.180000000000000080e-03 -2.976069760985136092e-01 -2.764309244634947316e+00
2.190000000000000106e-03 -2.945845272835384554e-01 -2.764309244634947316e+00
2.200000000000000133e-03 -2.885396296535882033e-01 -2.764309244634947316e+00
2.210000000000000159e-03 -2.828305596697462398e-01 -2.764309244634947316e+00
2.220000000000000185e-03 -2.801439385008794858e-01 -2.764309244634947316e+00
2.230000000000000211e-03 -2.697332814715206473e-01 -2.764309244634947316e+00
2.240000000000000237e-03 -2.606659350265952413e-01 -2.764309244634947316e+00
2.250000000000000264e-03 -2.502552779972364583e-01 -2.764309244634947316e+00
2.260000000000000290e-03 -2.385013103834442150e-01 -2.712348078373630234e+00
2.270000000000000316e-03 -2.284264810001937762e-01 -2.581432932208753694e+00
2.280000000000000342e-03 -2.156650304480765279e-01 -2.443432172462788543e+00
2.290000000000000369e-03 -2.025677522498509353e-01 -2.295646517771510631e+00
2.300000000000000395e-03 -1.877913358210835937e-01 -2.139425608817031588e+00
2.309999999999999987e-03 -1.723432641000995635e-01 -1.973082394746711543e+00
2.320000000000000014e-03 -1.555518817946821564e-01 -1.806401770505863702e+00
2.330000000000000040e-03 -1.414471206581315033e-01 -1.623188047909142062e+00
2.340000000000000066e-03 -1.223049448299556585e-01 -1.439299504971364385e+00
2.350000000000000092e-03 -1.048419072323215351e-01 -1.245288656917745929e+00
2.360000000000000119e-03 -8.737886963468741164e-02 -1.046554066476734990e+00
2.370000000000000145e-03 -7.092331497537834872e-02 -8.464698353536116437e-01
2.380000000000000171e-03 -5.144531150109412504e-02 -6.406496313315118707e-01
2.390000000000000197e-03 -3.230313567291825949e-02 -4.334797866273001343e-01
2.400000000000000223e-03 -1.517592572139248724e-02 -2.256351215820322220e-01
2.410000000000000250e-03 3.966250106783376569e-03 -1.846527687782039198e-02
2.420000000000000276e-03 2.579504710382602914e-02 1.900542085085035748e-01
2.430000000000000302e-03 4.325808470146014911e-02 4.019477956001078489e-01
2.440000000000000328e-03 6.072112229909427256e-02 6.087802301337916777e-01
2.450000000000000355e-03 7.952747048116179385e-02 8.172997155201155994e-01
2.460000000000000381e-03 9.732633572490426155e-02 1.016034305961126538e+00
2.470000000000000407e-03 1.134460627381049802e-01 1.216455947254777792e+00
2.480000000000000000e-03 1.335957215046058855e-01 1.408779744455756155e+00
2.490000000000000026e-03 1.470288273489398501e-01 1.591656056881949555e+00
2.500000000000000052e-03 1.651635202387906620e-01 1.774532369308143176e+00
2.510000000000000078e-03 1.822907301903164412e-01 1.948298607130079851e+00
2.520000000000000104e-03 1.937088701580002847e-01 2.114304411029871655e+00
2.530000000000000131e-03 2.088211142328759706e-01 2.274236831860159125e+00
2.540000000000000157e-03 2.232617030155349402e-01 2.421010256039853203e+00
2.550000000000000183e-03 2.350156706293271280e-01 2.561372886979514263e+00
2.560000000000000209e-03 2.454263276586859388e-01 2.695324724679143191e+00
2.570000000000000236e-03 2.534861911652862565e-01 2.763481579125805609e+00
2.580000000000000262e-03 2.665834693635118491e-01 2.763481579125805609e+00
2.590000000000000288e-03 2.739716775778955338e-01 2.763481579125805609e+00
2.600000000000000314e-03 2.830390240228209398e-01 2.763481579125805609e+00
2.610000000000000341e-03 2.880764387144461591e-01 2.763481579125805609e+00
2.620000000000000367e-03 2.937855086982881225e-01 2.763481579125805609e+00
2.630000000000000393e-03 2.951288192827214996e-01 2.763481579125805609e+00
2.640000000000000419e-03 2.974796128054799094e-01 2.763481579125805609e+00
2.650000000000000012e-03 2.991587510360216862e-01 2.763481579125805609e+00
2.660000000000000038e-03 2.994945786821300304e-01 2.763481579125805609e+00
2.670000000000000064e-03 3.021811998509967845e-01 2.763481579125805609e+00
2.680000000000000090e-03 2.964721298671548766e-01 2.763481579125805609e+00
2.690000000000000117e-03 2.931138534060713785e-01 2.763481579125805609e+00
2.700000000000000143e-03 2.900914045910962802e-01 2.763481579125805609e+00
2.710000000000000169e-03 2.823673687306042512e-01 2.763481579125805609e+00
2.720000000000000195e-03 2.756508158084372551e-01 2.763481579125805609e+00
2.730000000000000222e-03 2.692700905323786587e-01 2.763481579125805609e+00
2.740000000000000248e-03 2.618818823179949740e-01 2.763481579125805609e+00
2.750000000000000274e-03 2.507995699964195024e-01 2.763481579125805609e+00
2.760000000000000300e-03 2.346798429832187838e-01 2.706459260306568471e+00
2.770000000000000327e-03 2.276274624149434711e-01 2.570820371754299227e+00
2.780000000000000353e-03 2.135227012783928457e-01 2.436531123884142502e+00
2.790000000000000379e-03 2.000895954340589089e-01 2.286383597999168238e+00
2.800000000000000405e-03 1.866564895897249721e-01 2.130500099215217435e+00
2.810000000000000431e-03 1.712084178687409419e-01 1.967868397020705595e+00
2.820000000000000024e-03 1.547528632094318513e-01 1.793427338857712883e+00
2.830000000000000050e-03 1.386331361962311326e-01 1.611563256943103539e+00
2.840000000000000076e-03 1.218417538908136977e-01 1.425312842811629732e+00
2.850000000000000103e-03 1.023637504165294809e-01 1.230289764246426998e+00
2.860000000000000129e-03 8.590819575722041801e-02 1.036278916192808541e+00
2.870000000000000155e-03 6.978846874401967160e-02 8.372069155812695840e-01
2.880000000000000181e-03 4.963880997751877328e-02 6.256507386601932730e-01
2.890000000000000208e-03 3.116828944155960318e-02 4.255665075370701489e-01
2.900000000000000234e-03 1.202611361338373937e-02 2.129981001044097544e-01
2.910000000000000260e-03 -4.429441045925335690e-03 5.153435059141867232e-03
2.920000000000000286e-03 -2.558658275075129107e-02 -2.040408706682381446e-01
2.930000000000000313e-03 -4.573624151725219633e-02 -4.145848170777303165e-01
2.940000000000000339e-03 -6.353510676099466403e-02 -6.207424312703579972e-01
2.950000000000000365e-03 -8.066231671252044322e-02 -8.272374556335138074e-01
2.960000000000000391e-03 -9.913283724847959943e-02 -1.030695788461917450e+00
2.970000000000000417e-03 -1.176033577844387834e-01 -1.231454839926096501e+00
2.980000000000000444e-03 -1.323797742132060973e-01 -1.420067125251266660e+00
2.990000000000000036e-03 -1.521936053335986583e-01 -1.608679410576436597e+00
3.000000000000000062e-03 -1.659625388240409394e-01 -1.786831980615237736e+00
3.010000000000000089e-03 -1.780523340839414992e-01 -1.957561526902422022e+00
3.020000000000000115e-03 -1.961870269737923111e-01 -2.123904740972741845e+00
3.030000000000000141e-03 -2.136500645714264346e-01 -2.283162341461973277e+00
3.040000000000000167e-03 -2.243965492468935896e-01 -2.433309867346947541e+00
3.050000000000000194e-03 -2.361505168606857774e-01 -2.568948755899216785e+00
3.060000000000000220e-03 -2.475686568283696209e-01 -2.699526491893565083e+00
3.070000000000000246e-03 -2.610017626727035855e-01 -2.764309244634947316e+00
3.080000000000000272e-03 -2.663750050104371492e-01 -2.764309244634947316e+00
3.090000000000000299e-03 -2.747706961631458666e-01 -2.764309244634947316e+00
3.100000000000000325e-03 -2.845096979002880166e-01 -2.764309244634947316e+00
3.110000000000000351e-03 -2.871963190691547707e-01 -2.764309244634947316e+00
3.120000000000000377e-03 -2.929053890529966786e-01 -2.764309244634947316e+00
3.130000000000000403e-03 -2.955920102218634882e-01 -2.764309244634947316e+00
3.140000000000000430e-03 -2.999577696212720190e-01 -2.764309244634947316e+00
3.150000000000000456e-03 -3.006294249134887075e-01 -2.764309244634947316e+00
3.160000000000000048e-03 -3.019727354979221401e-01 -2.764309244634947316e+00
3.170000000000000075e-03 -3.002935972673803633e-01 -2.764309244634947316e+00
3.180000000000000101e-03 -2.969353208062968652e-01 -2.764309244634947316e+00
3.190000000000000127e-03 -2.952561825757551439e-01 -2.764309244634947316e+00
3.200000000000000153e-03 -2.912262508224549573e-01 -2.764309244634947316e+00
3.210000000000000180e-03 -2.848455255463963609e-01 -2.764309244634947316e+00
3.220000000000000206e-03 -2.771214896859043320e-01 -2.764309244634947316e+00
3.230000000000000232e-03 -2.710765920559540798e-01 -2.764309244634947316e+00
3.240000000000000258e-03 -2.640242114876787394e-01 -2.764309244634947316e+00
3.250000000000000284e-03 -2.519344162277781796e-01 -2.764309244634947316e+00
3.260000000000000311e-03 -2.405162762600943083e-01 -2.711673258032574196e+00
3.270000000000000337e-03 -2.277548257079770599e-01 -2.586156674596146399e+00
3.280000000000000363e-03 -2.149933751558598394e-01 -2.449505555532293322e+00
3.290000000000000389e-03 -2.002169587270924977e-01 -2.302057311011543206e+00
3.300000000000000416e-03 -1.871196805288669052e-01 -2.141112659669671459e+00
3.310000000000000442e-03 -1.757015405611830616e-01 -1.976456496451991951e+00
3.320000000000000468e-03 -1.555518817946821564e-01 -1.804377309482695368e+00
3.330000000000000061e-03 -1.401038100736981262e-01 -1.622513227568086025e+00
3.340000000000000087e-03 -1.223049448299556585e-01 -1.434913172754500144e+00
3.350000000000000113e-03 -1.055135625245382236e-01 -1.239552684018769391e+00
3.360000000000000139e-03 -8.771469728079575590e-02 -1.045541835965150712e+00
3.370000000000000166e-03 -6.991583203705328819e-02 -8.437705539893873841e-01
3.380000000000000192e-03 -5.278862208552751595e-02 -6.382877601378157406e-01
3.390000000000000218e-03 -3.465392919567669705e-02 -4.341546069683561715e-01
3.400000000000000244e-03 -1.248930455252570022e-02 -2.239480707293920736e-01
3.410000000000000270e-03 5.981215983433467269e-03 -1.003002261461958568e-02
3.420000000000000297e-03 2.478756416550098249e-02 1.964650017485361777e-01
3.430000000000000323e-03 4.191477411702675820e-02 4.090334091811965722e-01
3.440000000000000349e-03 6.273608817574435892e-02 6.101298708159037520e-01
3.450000000000000375e-03 8.087078106559517088e-02 8.193241765432838219e-01
3.460000000000000402e-03 9.833381866322929432e-02 1.018058766984294650e+00
3.470000000000000428e-03 1.168043391991884783e-01 1.212744435378969365e+00
3.480000000000000454e-03 1.332598938584975412e-01 1.409791974967340211e+00
3.490000000000000480e-03 1.490437932255899156e-01 1.593680517905117888e+00
3.500000000000000073e-03 1.644918649465739457e-01 1.776894240501839306e+00
3.510000000000000099e-03 1.802757643136663479e-01 1.951335298664832019e+00
3.520000000000000125e-03 1.960596636807587223e-01 2.117678512735151841e+00
3.530000000000000152e-03 2.064703207101175331e-01 2.276261292883327236e+00
3.540000000000000178e-03 2.225900477233182517e-01 2.421010256039853203e+00
3.550000000000000204e-03 2.343440153371104395e-01 2.564072168343738856e+00
3.560000000000000230e-03 2.464338105970109993e-01 2.691950622973863005e+00
3.570000000000000256e-03 2.555011570419363776e-01 2.763481579125805609e+00
3.580000000000000283e-03 2.638968481946450950e-01 2.763481579125805609e+00
3.590000000000000309e-03 2.706134011168120357e-01 2.763481579125805609e+00
3.600000000000000335e-03 2.800165752078457859e-01 2.763481579125805609e+00
3.610000000000000361e-03 2.890839216527712474e-01 2.763481579125805609e+00
3.620000000000000388e-03 2.917705428216380015e-01 2.763481579125805609e+00
3.630000000000000414e-03 2.971437851593715651e-01 2.763481579125805609e+00
3.640000000000000440e-03 2.968079575132632209e-01 2.763481579125805609e+00
3.650000000000000466e-03 2.984870957438049976e-01 2.763481579125805609e+00
3.660000000000000493e-03 2.994945786821300304e-01 2.763481579125805609e+00
3.670000000000000085e-03 2.961363022210465323e-01 2.763481579125805609e+00
3.680000000000000111e-03 2.978154404515882536e-01 2.763481579125805609e+00
3.690000000000000138e-03 2.944571639905048110e-01 2.763481579125805609e+00
3.700000000000000164e-03 2.887480940066628476e-01 2.763481579125805609e+00
3.710000000000000190e-03 2.823673687306042512e-01 2.763481579125805609e+00
3.720000000000000216e-03 2.776657816850873761e-01 2.763481579125805609e+00
3.730000000000000242e-03 2.699417458245953472e-01 2.763481579125805609e+00
3.740000000000000269e-03 2.605385717335615969e-01 2.763481579125805609e+00
3.750000000000000295e-03 2.474412935353360321e-01 2.763481579125805609e+00
3.760000000000000321e-03 2.397172576748440309e-01 2.702072928089704007e+00
3.770000000000000347e-03 2.246050135999683450e-01 2.571832602265883505e+00
3.780000000000000374e-03 2.155376671550429390e-01 2.436193713713614706e+00
3.790000000000000400e-03 1.997537677879505369e-01 2.284359136976000126e+00
3.800000000000000426e-03 1.859848342975082558e-01 2.129825278874160954e+00
3.810000000000000452e-03 1.725517284531743190e-01 1.969218037702817892e+00
3.820000000000000479e-03 1.547528632094318513e-01 1.794102159198768920e+00
3.830000000000000505e-03 1.396406191345561654e-01 1.612912897625215614e+00
3.840000000000000531e-03 1.218417538908136977e-01 1.424975432641101714e+00
3.850000000000000124e-03 1.053861992315046070e-01 1.232651635440123350e+00
3.860000000000000150e-03 8.657985104943710652e-02 1.034254455169640208e+00
3.870000000000000176e-03 6.777350286736957830e-02 8.345076342170453243e-01
3.880000000000000202e-03 4.963880997751877328e-02 6.327363522412819963e-01
3.890000000000000228e-03 3.284742767210134529e-02 4.286031990718224272e-01
3.900000000000000255e-03 1.135445832116704218e-02 2.180592526623302552e-01
3.910000000000000281e-03 -7.451889860900472173e-03 5.828255400197932153e-03
3.920000000000000741e-03 -2.525075510464294334e-02 -1.989797181103176715e-01
3.930000000000000333e-03 -4.372127564060210997e-02 -4.149222272482583351e-01
3.939999999999999926e-03 -6.353510676099466403e-02 -6.210798414408860157e-01
3.950000000000000386e-03 -8.334893788138722504e-02 -8.248755844398175663e-01
3.959999999999999978e-03 -9.846118195626291092e-02 -1.027659096927165061e+00
3.970000000000000438e-03 -1.196183236610888767e-01 -1.227068507709232259e+00
3.980000000000000031e-03 -1.310364636287727202e-01 -1.422766406615490808e+00
3.990000000000000491e-03 -1.508502947491652812e-01 -1.606654949553268485e+00
4.000000000000000083e-03 -1.679775047006910327e-01 -1.787506800956293773e+00
4.010000000000000543e-03 -1.800672999605915925e-01 -1.962285269289814504e+00
4.020000000000000136e-03 -1.982019928504424044e-01 -2.125254381654854363e+00
4.030000000000000596e-03 -2.082768222336928710e-01 -2.285186802485141389e+00
4.040000000000000188e-03 -2.250682045391102781e-01 -2.432297636835363708e+00
4.050000000000000648e-03 -2.351430339223607446e-01 -2.573672498286609045e+00
4.060000000000000241e-03 -2.468970015361529324e-01 -2.699526491893565083e+00
4.070000000000000701e-03 -2.573076585655117432e-01 -2.764309244634947316e+00
4.080000000000000293e-03 -2.660391773643288049e-01 -2.764309244634947316e+00
4.090000000000000753e-03 -2.761140067475792992e-01 -2.764309244634947316e+00
4.100000000000000346e-03 -2.831663873158545841e-01 -2.764309244634947316e+00
4.109999999999999938e-03 -2.895471125919132360e-01 -2.764309244634947316e+00
4.120000000000000398e-03 -2.922337337607799901e-01 -2.764309244634947316e+00
4.129999999999999991e-03 -2.996219419751636748e-01 -2.764309244634947316e+00
4.140000000000000450e-03 -2.989502866829469863e-01 -2.764309244634947316e+00
4.150000000000000043e-03 -2.986144590368386420e-01 -2.764309244634947316e+00
4.160000000000000503e-03 -3.019727354979221401e-01 -2.764309244634947316e+00
4.170000000000000095e-03 -2.992861143290553305e-01 -2.764309244634947316e+00
4.180000000000000555e-03 -2.986144590368386420e-01 -2.764309244634947316e+00
4.190000000000000148e-03 -2.932412166991050784e-01 -2.764309244634947316e+00
4.200000000000000608e-03 -2.905545955302382688e-01 -2.764309244634947316e+00
4.210000000000000200e-03 -2.851813531925047052e-01 -2.764309244634947316e+00
4.220000000000000660e-03 -2.794722832086627418e-01 -2.764309244634947316e+00
4.230000000000000253e-03 -2.704049367637373358e-01 -2.764309244634947316e+00
4.240000000000000713e-03 -2.616734179649202741e-01 -2.764309244634947316e+00
4.250000000000000305e-03 -2.512627609355614910e-01 -2.764309244634947316e+00
4.260000000000000765e-03 -2.405162762600943083e-01 -2.714035129226270548e+00
4.270000000000000358e-03 -2.317847574612772465e-01 -2.587168905107730232e+00
4.279999999999999950e-03 -2.163366857402932164e-01 -2.443432172462788543e+00
4.290000000000000410e-03 -2.015602693115259025e-01 -2.294971697430454594e+00
4.300000000000000003e-03 -1.887988187594086542e-01 -2.141787480010727940e+00
4.310000000000000463e-03 -1.713357811617745308e-01 -1.974432035428823617e+00
4.320000000000000055e-03 -1.562235370868988449e-01 -1.800665797606887164e+00
4.330000000000000515e-03 -1.424546035964565638e-01 -1.624537688591254136e+00
4.340000000000000108e-03 -1.216332895377389700e-01 -1.433563532072387847e+00
4.350000000000000568e-03 -1.088718389856217217e-01 -1.242926785724049576e+00
4.360000000000000160e-03 -8.972966315744584920e-02 -1.048578527499903101e+00
4.370000000000000620e-03 -7.092331497537834872e-02 -8.491691167178359034e-01
4.380000000000000213e-03 -4.976617327055238293e-02 -6.413244516725680189e-01
4.390000000000000673e-03 -3.532558448789339944e-02 -4.385409391852206351e-01
4.400000000000000265e-03 -1.248930455252570022e-02 -2.283344029462564817e-01
4.410000000000000725e-03 6.317043629541815863e-03 -2.048973790098858674e-02
4.420000000000000318e-03 2.478756416550098249e-02 1.917412593611437233e-01
4.430000000000000777e-03 4.292225705535179792e-02 4.016103854295798303e-01
4.440000000000000370e-03 5.971363936076922591e-02 6.111421013274879188e-01
4.449999999999999963e-03 7.952747048116179385e-02 8.152752544969474879e-01
4.460000000000000422e-03 9.833381866322929432e-02 1.014684665279014464e+00
4.470000000000000015e-03 1.134460627381049802e-01 1.214768896402137477e+00
4.480000000000000475e-03 1.346032044429309460e-01 1.406080463091531785e+00
4.490000000000000067e-03 1.513945867483483809e-01 1.589969006029309462e+00
4.500000000000000527e-03 1.665068308232240391e-01 1.771495677773390787e+00
4.510000000000000120e-03 1.796041090214496316e-01 1.945936735936383499e+00
4.520000000000000580e-03 1.937088701580002847e-01 2.109580668642479395e+00
4.530000000000000172e-03 2.088211142328759706e-01 2.273899421689630884e+00
4.540000000000000632e-03 2.219183924311015632e-01 2.420672845869324963e+00
4.550000000000000225e-03 2.323290494604603462e-01 2.563734758173210615e+00
4.560000000000000685e-03 2.474412935353360321e-01 2.689926161950694894e+00
4.570000000000000277e-03 2.561728123341530661e-01 2.763481579125805609e+00
4.580000000000000737e-03 2.649043311329701278e-01 2.763481579125805609e+00
4.590000000000000330e-03 2.746433328701122223e-01 2.763481579125805609e+00
4.600000000000000790e-03 2.806882305000625299e-01 2.763481579125805609e+00
4.610000000000000382e-03 2.857256451916877493e-01 2.763481579125805609e+00
4.619999999999999975e-03 2.907630598833129687e-01 2.763481579125805609e+00
4.630000000000000435e-03 2.947929916366131553e-01 2.763481579125805609e+00
4.640000000000000027e-03 2.964721298671548766e-01 2.763481579125805609e+00
4.650000000000000487e-03 3.021811998509967845e-01 2.763481579125805609e+00
4.660000000000000080e-03 2.978154404515882536e-01 2.763481579125805609e+00
4.670000000000000540e-03 2.981512680976966534e-01 2.763481579125805609e+00
4.680000000000000132e-03 2.958004745749381881e-01 2.763481579125805609e+00
4.690000000000000592e-03 2.931138534060713785e-01 2.763481579125805609e+00
4.700000000000000185e-03 2.894197492988795917e-01 2.763481579125805609e+00
4.710000000000000644e-03 2.837106793150376283e-01 2.763481579125805609e+00
4.720000000000000237e-03 2.766582987467623433e-01 2.763481579125805609e+00
4.730000000000000697e-03 2.669192970096201933e-01 2.763481579125805609e+00
4.740000000000000289e-03 2.595310887952365642e-01 2.763481579125805609e+00
4.750000000000000749e-03 2.474412935353360321e-01 2.763481579125805609e+00
4.760000000000000342e-03 2.360231535676521886e-01 2.700385877237063692e+00
4.770000000000000802e-03 2.252766688921850335e-01 2.572844832777467783e+00
4.780000000000000394e-03 2.141943565706095343e-01 2.432144791667278039e+00
4.789999999999999987e-03 1.974029742651920993e-01 2.286046187828639997e+00
4.800000000000000447e-03 1.846415237130748788e-01 2.129487868703633158e+00
4.810000000000000039e-03 1.732233837453910075e-01 1.964156885144897391e+00
4.820000000000000499e-03 1.520662420405650694e-01 1.788028776129264363e+00
4.830000000000000092e-03 1.372898256117977278e-01 1.609538795919935428e+00
4.840000000000000552e-03 1.218417538908136977e-01 1.422276151276877343e+00
4.850000000000000144e-03 1.040428886470712300e-01 1.230964584587483035e+00
4.860000000000000604e-03 8.389322988057032471e-02 1.032904814487528133e+00
4.870000000000000197e-03 6.777350286736957830e-02 8.351824545581013615e-01
4.880000000000000657e-03 5.064629291584381299e-02 6.300370708770577366e-01
4.890000000000000249e-03 2.881749591880116562e-02 4.262413278781261861e-01
4.900000000000000709e-03 1.034697538284199726e-02 2.143477407865218842e-01
4.910000000000000302e-03 -5.772751630358730068e-03 5.828255400197932153e-03
4.920000000000000762e-03 -2.558658275075129107e-02 -2.077523825440465155e-01
4.930000000000000354e-03 -4.573624151725219633e-02 -4.172840984419545762e-01
4.940000000000000814e-03 -6.387093440710300829e-02 -6.210798414408860157e-01
4.950000000000000407e-03 -8.234145494306219226e-02 -8.272374556335138074e-01
4.959999999999999999e-03 -9.846118195626291092e-02 -1.030695788461917450e+00
4.970000000000000459e-03 -1.155883919077886901e-01 -1.227743328050288296e+00
4.980000000000000052e-03 -1.340589124437478463e-01 -1.420404535421794678e+00
4.990000000000000512e-03 -1.508502947491652812e-01 -1.612053512281717005e+00
5.000000000000000104e-03 -1.673058494084743442e-01 -1.789868672149990125e+00
5.010000000000000564e-03 -1.810747828989166253e-01 -1.964647140483510857e+00
5.020000000000000157e-03 -1.995453034348758092e-01 -2.128628483360134549e+00
5.030000000000000616e-03 -2.109634434025596528e-01 -2.283837161803029314e+00
5.040000000000000209e-03 -2.250682045391102781e-01 -2.435671738540643894e+00
5.050000000000000669e-03 -2.368221721529024937e-01 -2.572997677945553008e+00
5.060000000000000261e-03 -2.479044844744779930e-01 -2.698851671552509046e+00
5.070000000000000721e-03 -2.563001756271867104e-01 -2.764309244634947316e+00
5.080000000000000314e-03 -2.657033497182204607e-01 -2.764309244634947316e+00
5.090000000000000774e-03 -2.754423514553626107e-01 -2.764309244634947316e+00
5.100000000000000366e-03 -2.821589043775295513e-01 -2.764309244634947316e+00
5.110000000000000826e-03 -2.878679743613714592e-01 -2.764309244634947316e+00
