-3.953634368041570452e-03 -9.433328736666370421e-04
2.198081896356873094e-02 -3.305204067362863506e-03
4.612542974130733747e-02 -6.729416194008735509e-03
7.129280769268692142e-02 -1.114915535845018707e-02
9.715420622618003987e-02 -1.482057889716610448e-02
1.199838306378088193e-01 -1.779379723152203427e-02
1.461009209647121110e-01 -2.175920190891583728e-02
1.715605181085605446e-01 -2.522684306741185267e-02
1.964722042665298929e-01 -2.952297652581828413e-02
2.194479382743931006e-01 -3.210867426828063753e-02
2.454189190050620473e-01 -3.717984891047422524e-02
2.710246257451448537e-01 -4.116529775641426109e-02
2.942560515464182624e-01 -4.341692602310626148e-02
3.230031146055413194e-01 -4.695138107675635858e-02
3.469285609889282695e-01 -5.049919890943723594e-02
3.691006922175020244e-01 -5.367619962401306427e-02
3.974459538869804520e-01 -5.721065467766314749e-02
4.227959688336530020e-01 -6.045780998215075086e-02
4.476711275925637779e-01 -6.403903476240865866e-02
4.690396560418482186e-01 -6.637752109280098400e-02
4.948279997772243588e-01 -7.030951882261775310e-02
5.231002066485852531e-01 -7.390410638190650361e-02
5.458933036611556266e-01 -7.677710387353131605e-02
5.733253803541685789e-01 -7.951647357484800671e-02
5.948400183996875867e-01 -8.220573285479919334e-02
6.226738964823455014e-01 -8.491503630329656771e-02
6.472203086497286817e-01 -8.826909384003064907e-02
6.704882618500607183e-01 -9.159642581870311440e-02
6.972628453600190346e-01 -9.430572926720048876e-02
7.207864903537611889e-01 -9.739921261283374099e-02
7.452233203239687631e-01 -1.007198632019908058e-01
7.708655544631103362e-01 -1.040171289278439687e-01
7.974575009777752355e-01 -1.066562777864295125e-01
8.237572282999717777e-01 -1.089246095269100906e-01
8.462946335191318115e-01 -1.123855692958906777e-01
8.704757716959290459e-01 -1.154890747257970585e-01
8.965928620228323931e-01 -1.176338007602425600e-01
9.197877604250472849e-01 -1.208675932856993485e-01
9.478042755029979505e-01 -1.230657704362681099e-01
9.715470848910920942e-01 -1.260122632125623976e-01
9.947054558942479696e-01 -1.289220083465219824e-01
1.021187820211737485e+00 -1.321925485143134738e-01
1.044894102200773167e+00 -1.348417194571721878e-01
1.070207589748386701e+00 -1.371635023137760256e-01
1.095557604695059473e+00 -1.392013261159749937e-01
1.123720229369244983e+00 -1.426756486639864374e-01
1.145454031809115536e+00 -1.454049962810299856e-01
1.172959163300245633e+00 -1.477869116432724561e-01
1.198893616631856229e+00 -1.497278552974980748e-01
1.220517836874550843e+00 -1.522467391448063534e-01
1.247803803971329728e+00 -1.556709512714522237e-01
1.272094524345302569e+00 -1.580996363603024979e-01
1.299015217451495285e+00 -1.605817725652760597e-01
1.323342465224526920e+00 -1.624559023243475619e-01
1.346646945823917418e+00 -1.659602911251783219e-01
1.372143070366824258e+00 -1.677575849048227319e-01
1.397967941501259137e+00 -1.707308032391786634e-01
1.420834093311946766e+00 -1.729490245582936403e-01
1.446987711037908131e+00 -1.753342806152937972e-01
1.472776054773284216e+00 -1.784812150770503092e-01
1.496664973757612760e+00 -1.807094584804384008e-01
1.522635954488281484e+00 -1.825000708705673269e-01
1.547474585848133577e+00 -1.858240621544820781e-01
1.571144340438110243e+00 -1.873975293853603896e-01
1.595617697807376612e+00 -1.902772082665006026e-01
1.621040767552166528e+00 -1.933439660540721694e-01
1.645477597522373880e+00 -1.948439380002810195e-01
1.671521633051159972e+00 -1.975398786697475373e-01
1.695483606833605217e+00 -2.000587625170557882e-01
1.721819861554860553e+00 -2.025442394167870364e-01
1.746293218924126478e+00 -2.045252714081051415e-01
1.769780336518810060e+00 -2.072145306880562587e-01
1.798527399577933394e+00 -2.091421115632511041e-01
1.823183393942492181e+00 -2.121453961504263241e-01
1.847839388307051189e+00 -2.141999234264138907e-01
1.875161882802889091e+00 -2.163813971031941508e-01
1.898064562012634848e+00 -2.194347921117349165e-01
1.922172645391314827e+00 -2.206374422245081790e-01
1.947705297333280461e+00 -2.232097771879396342e-01
1.972142127303487813e+00 -2.256017146344551916e-01
1.997272977855808929e+00 -2.273388759084608579e-01
2.022038554417543654e+00 -2.298577597557692198e-01
2.045964000800930549e+00 -2.318855614736950732e-01
2.072555947315596114e+00 -2.340469909819290761e-01
2.096737085492392794e+00 -2.364322470389292608e-01
2.121794881246597431e+00 -2.397061279014784940e-01
2.149007793545258949e+00 -2.408686896771592423e-01
2.177170418219443793e+00 -2.430802296067588464e-01
2.197150905504501317e+00 -2.452951102311160814e-01
2.224473400000338330e+00 -2.477605429623011002e-01
2.246974277820439791e+00 -2.498985876072311596e-01
2.274588991508746272e+00 -2.518261684824260604e-01
2.298368328295898877e+00 -2.545187684571348918e-01
2.322805158266105785e+00 -2.562292041730790393e-01
2.347972536217485473e+00 -2.582035547748816051e-01
2.372993804572630427e+00 -2.607491641802514581e-01
2.397795908533423948e+00 -2.631110353739477548e-01
2.424314800249972368e+00 -2.652591021031509566e-01
2.449957034389113719e+00 -2.665719951429283419e-01
2.472786658800742554e+00 -2.690908789902366482e-01
2.499743879305993843e+00 -2.711520876557396154e-01
