-4.903346743565327633e-03 -9.266293998781210614e-04
2.106763398710358171e-02 -2.687175537187753895e-03
4.451822418272866067e-02 -5.145926878857375215e-03
7.034309531716316510e-02 -7.187091375814086067e-03
9.609491165348045538e-02 -9.395290610655962146e-03
1.182670428820543490e-01 -1.220147420712672584e-02
1.485117293025801088e-01 -1.438294788390697375e-02
1.694419289631614034e-01 -1.713233966949678083e-02
1.957416562853577235e-01 -1.910669027129942646e-02
2.199593218612136136e-01 -2.235718627054472663e-02
2.445057340285969327e-01 -2.371016764741456367e-02
2.720839203178444521e-01 -2.589164132419481332e-02
2.952422913210006605e-01 -2.811654403282519768e-02
3.230396420045998918e-01 -3.114655417806208929e-02
3.456866294209357537e-01 -3.353515092981993601e-02
3.705983155789049355e-01 -3.527565289858335118e-02
3.963501319152222258e-01 -3.744376379633278934e-02
4.195450303174371176e-01 -3.956844566223207543e-02
4.469040522123330916e-01 -4.097821884998286562e-02
4.697702040230203879e-01 -4.371758855129956323e-02
4.965082601339200208e-01 -4.550151955191312353e-02
5.222966038692959945e-01 -4.738233070050007489e-02
5.444687350978699714e-01 -5.057603488886443233e-02
5.697456952464251545e-01 -5.218290906731970491e-02
5.968490253479108443e-01 -5.324190930551164769e-02
6.208109991303565334e-01 -5.623517180841380858e-02
6.477682196356076005e-01 -5.655921919991101221e-02
6.688810562914820901e-01 -5.895783803594197015e-02
6.958017493976746959e-01 -6.099900253289867319e-02
7.211152369452890065e-01 -6.216490500333714253e-02
7.448580463333825952e-01 -6.449002855469862516e-02
7.728380340122749104e-01 -6.625057469200824889e-02
7.954850214286107724e-01 -6.849552156918485568e-02
8.213829473611624632e-01 -7.026608979076760797e-02
8.464407431153663230e-01 -7.259121334212910448e-02
8.717907580620386510e-01 -7.358339968516697249e-02
8.961180058350702859e-01 -7.611898700626375247e-02
9.224907879553839729e-01 -7.699758972753974196e-02
9.473294193152359544e-01 -7.961669441757911192e-02
9.740674754261358093e-01 -8.057547381303996337e-02
9.952168394810684271e-01 -8.215896312819132019e-02
1.022356696981613133e+00 -8.365225368488470037e-02
1.044492300811128205e+00 -8.569341818184141035e-02
1.069440514368156014e+00 -8.786821046910625599e-02
1.096543844469642037e+00 -8.957530549029263378e-02
1.120177071660560131e+00 -9.200733127390062216e-02
1.145600141405349826e+00 -9.232803797064015328e-02
1.171278902943549749e+00 -9.339037890358975469e-02
1.194839075336350698e+00 -9.598943942508295080e-02
1.221759768442543637e+00 -9.697160368384771800e-02
1.246452290206160995e+00 -9.904283443362377204e-02
1.270852592777309997e+00 -1.010372292039726227e-01
1.297590648888209852e+00 -1.024837500340581437e-01
1.325095780379340393e+00 -1.031852959331758107e-01
1.347377493805089754e+00 -1.062219874679281306e-01
1.372764036150820655e+00 -1.073478016012741343e-01
1.398150578496552221e+00 -1.092854045607420249e-01
1.423610175640400710e+00 -1.101773700610488155e-01
1.445855361667091277e+00 -1.120782253781819893e-01
1.470146082041064117e+00 -1.130403454684005549e-01
1.497285939541608935e+00 -1.143766233714818698e-01
1.520480837943823715e+00 -1.170725640409484153e-01
1.545209887106499869e+00 -1.177473843820044802e-01
1.570450319855996923e+00 -1.199656057011194571e-01
1.595727280004552107e+00 -1.214254893102358068e-01
1.622501863514510534e+00 -1.222105525782960916e-01
1.644126083757205370e+00 -1.236871396612009011e-01
1.671850379642687789e+00 -1.254977962198760844e-01
1.696177627415719202e+00 -1.270545599769658529e-01
1.724486361686138558e+00 -1.281269229941885968e-01
1.746621965515653629e+00 -1.296068507718511620e-01
1.770328247504689312e+00 -1.319286336284549443e-01
1.796226173437241114e+00 -1.330043373404354023e-01
1.822745065153788868e+00 -1.347381579196834100e-01
1.847693278710816678e+00 -1.362648554239538068e-01
1.871837889488555673e+00 -1.377213983383124285e-01
1.895507644078532339e+00 -1.391011052732439301e-01
1.924985255118827565e+00 -1.405509667980871236e-01
1.947632242535163316e+00 -1.416567367628868979e-01
1.972142127303487591e+00 -1.424451407257048829e-01
1.992597470776307444e+00 -1.443159297900187266e-01
2.021088842042019884e+00 -1.452880719645104068e-01
2.047425096763274777e+00 -1.472189935344628831e-01
2.069560700592790070e+00 -1.481844543194391350e-01
2.096335284102748719e+00 -1.489628361979840054e-01
2.123292504607999565e+00 -1.523436192927797583e-01
2.147692807179148122e+00 -1.525908307048498003e-01
2.170595486388894546e+00 -1.535295659317643946e-01
2.197479652096028691e+00 -1.552333202581931137e-01
2.223267995831404331e+00 -1.564894214870895528e-01
2.246828168224205946e+00 -1.579660085699943761e-01
2.271739854382174073e+00 -1.590684378400364918e-01
2.298404855694957671e+00 -1.603345611532060455e-01
2.323024322660457663e+00 -1.628567856952719828e-01
2.349250995184537061e+00 -1.632576690661964036e-01
2.372993804572630872e+00 -1.644670005684849556e-01
2.398307292120244849e+00 -1.661072816945172725e-01
2.423584252268800032e+00 -1.680448846539852048e-01
2.447400116455010988e+00 -1.679313010322233124e-01
2.473809425974383025e+00 -1.704167779319545051e-01
2.499269023118231292e+00 -1.714958223386927050e-01
