-4.282380959569025494e-03 -1.952222690493030577e-03
2.325927793061993709e-02 -2.239522439655513251e-03
4.733083391024132253e-02 -3.692724659256445534e-03
7.176766388044879263e-02 -4.217213736215861750e-03
9.587574725912881290e-02 -5.773977493305597342e-03
1.216275635954460893e-01 -7.447665566914942956e-03
1.481829827110526798e-01 -8.920911955062092030e-03
1.712317715170331156e-01 -1.030395958475125578e-02
1.961069302759438360e-01 -1.230169504985782584e-02
2.214934726216750971e-01 -1.271594119981303388e-02
2.490716589109226442e-01 -1.411235160853300565e-02
2.713533723366722827e-01 -1.570252231319977515e-02
3.000273805976780284e-01 -1.700873396346175639e-02
3.224186762206036061e-01 -1.805103072786518742e-02
3.483166021531552969e-01 -1.905323915517617359e-02
3.734839801045348184e-01 -2.001535924539472530e-02
3.978477552766250813e-01 -2.145185799120713846e-02
4.240744278007043122e-01 -2.273134408340749327e-02
4.476346001935052055e-01 -2.341952720349437661e-02
4.730576699382949557e-01 -2.510657805613453197e-02
4.986268492793191620e-01 -2.663661625516263939e-02
5.238307546297573669e-01 -2.729139242767248535e-02
5.460759406564483776e-01 -2.852076809850729450e-02
5.723391405795862363e-01 -2.895505841700872149e-02
5.974334637328486686e-01 -3.055859190070630074e-02
6.223086224917594445e-01 -3.195834300418398666e-02
6.458322674855015988e-01 -3.224564275334646651e-02
6.703786796528851122e-01 -3.326789534920367858e-02
6.949250918202681815e-01 -3.461085464180040094e-02
7.206769081565854718e-01 -3.514870649779062300e-02
7.469401080797232195e-01 -3.624445437831729649e-02
7.720709586320442241e-01 -3.727672905844762324e-02
7.988090147429438570e-01 -3.926110174452337315e-02
8.217847487508072035e-01 -3.940809231386232375e-02
8.462215787210146667e-01 -4.075773299597444665e-02
8.728865800337969327e-01 -4.127219998866075296e-02
8.966659168209494268e-01 -4.241805829055297905e-02
9.219063495704462596e-01 -4.382115008878834789e-02
9.452108301698369797e-01 -4.479663295803772149e-02
9.716566670882678114e-01 -4.572868679543694997e-02
9.962030792556509917e-01 -4.670082896992860250e-02
1.021187820211737929e+00 -4.666742202235158593e-02
1.048437259909457797e+00 -4.784668727182082859e-02
1.071339939119203555e+00 -4.931325227045257886e-02
1.097603139042341525e+00 -5.070632198441485383e-02
1.123281900580541670e+00 -5.121076689282803851e-02
1.146842072973342397e+00 -5.199248946613062305e-02
1.171863341328487351e+00 -5.283768523982954740e-02
1.197907376857273887e+00 -5.348912071758169656e-02
1.221723241043485064e+00 -5.450469192392347340e-02
1.249812810919552986e+00 -5.549353757220365502e-02
1.273811312101057025e+00 -5.631200778784096334e-02
1.297773285883502714e+00 -5.683983755955809153e-02
1.321917896661241709e+00 -5.758815318528361787e-02
1.345879870443686732e+00 -5.830306186343212765e-02
1.374298186911282027e+00 -5.972619783021373280e-02
1.396652955135149643e+00 -6.083196779501351403e-02
1.425180853799920877e+00 -6.198784818117885481e-02
1.446366745253911956e+00 -6.213817944527551262e-02
1.472922164369519171e+00 -6.328403774716771790e-02
1.496299699767026592e+00 -6.550894045579810920e-02
1.521467077718406502e+00 -6.492097817844233454e-02
1.547912914636836890e+00 -6.588643896341860040e-02
1.572751545996689204e+00 -6.625057469200826277e-02
1.596530882783841809e+00 -6.688864739072956922e-02
1.622136589523924366e+00 -6.795432901843692641e-02
1.646244672902604123e+00 -6.815811139865682322e-02
1.673457585201266307e+00 -7.016252825327880249e-02
1.696615956204422293e+00 -7.062354412984185592e-02
1.721198895770864379e+00 -7.115805529107438465e-02
1.748521390266701392e+00 -7.266470862679856590e-02
1.771898925664208813e+00 -7.297539323926496846e-02
1.796701029625002777e+00 -7.316581284045406419e-02
1.822124099369792471e+00 -7.455220116490093862e-02
1.846926203330586436e+00 -7.588513837322453937e-02
1.872312745676317114e+00 -7.615573464859851094e-02
1.895142370087946171e+00 -7.658668427234223419e-02
1.922245700189432194e+00 -7.772586118471906669e-02
1.947997516525749262e+00 -7.796973190203140835e-02
1.971740325913843073e+00 -7.919910757286621750e-02
1.998222690231332255e+00 -7.937616439502448440e-02
2.020979259844843945e+00 -8.048193435982425870e-02
2.049178411918088027e+00 -8.122356859603438450e-02
2.071861926733482573e+00 -8.154427529277392950e-02
2.096517921098041359e+00 -8.269347428942384892e-02
2.120662531875780132e+00 -8.319457850307933333e-02
2.148350300362203757e+00 -8.354201075788048048e-02
2.171800890557828101e+00 -8.472795739686515837e-02
2.199306022048959086e+00 -8.596067376245766778e-02
2.223852434216342377e+00 -8.579697971933018807e-02
2.247595243604436188e+00 -8.718670873853479053e-02
2.274625518907804178e+00 -8.778803379492138015e-02
2.298916239281777685e+00 -8.832254495615390888e-02
2.323060850059516458e+00 -8.901740946575618929e-02
2.348556974602423519e+00 -8.963209730117359386e-02
2.370984797624407392e+00 -9.116213550020169087e-02
2.397978545528717031e+00 -9.111870646835154575e-02
2.423730361865034322e+00 -9.134587371187537219e-02
2.447948027440889796e+00 -9.219775087508970401e-02
2.474320809561203927e+00 -9.279239454196087922e-02
2.499561242310700759e+00 -9.382800991684890624e-02
