-2.894339795341995068e-03 -1.240654707102229522e-03
2.402635331085067188e-02 -1.875386711065854571e-03
4.477391597613890328e-02 -2.159345765470634809e-03
7.341139683808607652e-02 -3.265115730270423851e-03
9.905363097722755250e-02 -3.485601584278841519e-03
1.197646662434571629e-01 -4.220554430973565488e-03
1.451146811901297407e-01 -5.590239281631913422e-03
1.722910660897326585e-01 -6.111387663833626332e-03
1.968374782571159498e-01 -6.599129098458307932e-03
2.232467877764881536e-01 -7.865252411627854726e-03
2.454554464041206474e-01 -8.416467046648896944e-03
2.704767147592657683e-01 -9.168123367132140905e-03
2.978357366541616869e-01 -9.719338002153181388e-03
3.226378406149552625e-01 -1.083178935646837530e-02
3.489375679371515826e-01 -1.062466628149077129e-02
3.700869319920845890e-01 -1.184401986805247442e-02
3.972998442907459959e-01 -1.245536700871217352e-02
4.206773796882540273e-01 -1.308675831791809678e-02
4.465753056208056071e-01 -1.394531687064784302e-02
4.724001767552399866e-01 -1.472035805443500794e-02
4.971657533169749343e-01 -1.501433919311289528e-02
5.224061860664718226e-01 -1.520809948905968781e-02
5.472448174263239151e-01 -1.604327317848550788e-02
5.728870515654653772e-01 -1.701207465821946360e-02
5.977987377234346145e-01 -1.693857937354998830e-02
6.230756978719902417e-01 -1.820804338147724230e-02
6.478778018327835397e-01 -1.819468060244642735e-02
6.724607413992256255e-01 -1.946414461037367788e-02
6.991257427120080026e-01 -1.966792699059357816e-02
7.207499629547025055e-01 -2.016234981473365856e-02
7.463556696947853952e-01 -2.049307859574629048e-02
7.727649792141576546e-01 -2.187946692019315451e-02
7.970922269871891785e-01 -2.131488950614130254e-02
8.237937556990303500e-01 -2.208658999517076546e-02
8.475730924861831772e-01 -2.311218328578567432e-02
8.726308882403865930e-01 -2.358322124662183203e-02
8.979443757880009036e-01 -2.360326541516805446e-02
9.210296919930397452e-01 -2.423799741913167452e-02
9.460874877472434941e-01 -2.527695348877740181e-02
9.734465096421393016e-01 -2.553418698512055496e-02
9.981025040066985321e-01 -2.592504827177184029e-02
1.023452518953371415e+00 -2.649630707533909973e-02
1.047304910538641165e+00 -2.709763213172569976e-02
1.072910617278723722e+00 -2.708426935269488481e-02
1.097566611643282730e+00 -2.859426338317676980e-02
1.120724982646439161e+00 -2.854415296181122066e-02
1.145344449611939597e+00 -2.979023210643454503e-02
1.172703471506835404e+00 -2.966662640039952406e-02
1.198236123448801038e+00 -3.019445617211664878e-02
1.222417261625598384e+00 -3.047507453176372463e-02
1.250433776703549160e+00 -3.055191051119090020e-02
1.273409510711412063e+00 -3.145723879052848837e-02
1.295983443329631557e+00 -3.258639361863221312e-02
1.323634684416996388e+00 -3.209197079449211537e-02
1.347414021204148105e+00 -3.316767450647258031e-02
1.372910145747054500e+00 -3.347167772942357539e-02
1.398954181275841702e+00 -3.347167772942356845e-02
1.422916155058286947e+00 -3.355853579312385870e-02
1.445197868484036530e+00 -3.539591790986066494e-02
1.472337725984580681e+00 -3.563644793241530634e-02
1.495605679184912828e+00 -3.476452660065475903e-02
1.522599427089222690e+00 -3.618766256743635029e-02
1.546780565266019813e+00 -3.586695587069683999e-02
1.574103059761858159e+00 -3.718987099474733299e-02
1.598284197938654616e+00 -3.786135064104569764e-02
1.621990479927689854e+00 -3.725668488990139388e-02
1.647230912677186687e+00 -3.799497843135382635e-02
1.674224660581496993e+00 -3.823216775915076054e-02
1.697054284993125606e+00 -3.958848983077829092e-02
1.722623464334150034e+00 -3.937134467152757916e-02
1.747571677891177844e+00 -3.977556873720967945e-02
1.773104329833143256e+00 -4.073100743791281675e-02
1.797687269399585119e+00 -4.042366352020410752e-02
1.821503133585796519e+00 -4.055060992099684264e-02
1.846633984138117190e+00 -4.200381214059777796e-02
1.871326505901734993e+00 -4.143255333703050464e-02
1.897078322238052284e+00 -4.247485010143393913e-02
1.922209172790373843e+00 -4.322316572715949323e-02
1.948070571323866851e+00 -4.308619724209365731e-02
1.971849908111018790e+00 -4.413183470125478514e-02
1.998441854625684133e+00 -4.397482204764272679e-02
2.021417588633547702e+00 -4.464296099918337035e-02
2.047169404969864548e+00 -4.413517539601247847e-02
2.071460125343838055e+00 -4.513738382332346810e-02
2.096664030694275205e+00 -4.587901805953359391e-02
2.121685299049420603e+00 -4.643357338931233119e-02
2.147911971573500001e+00 -4.706830539327596513e-02
2.174869192078751290e+00 -4.728879124728437716e-02
2.197808398687556064e+00 -4.669748827517089529e-02
2.224181180807869307e+00 -4.705160191948745685e-02
2.247339551811026404e+00 -4.865513540318501529e-02
2.274406354513452744e+00 -4.895913862613603118e-02
2.296907232333554205e+00 -4.871526790882368951e-02
2.322695576068929402e+00 -4.878208180397774346e-02
2.347643789625958100e+00 -4.927316393336012706e-02
2.372117146995223802e+00 -5.005154581190500440e-02
2.398928257904240802e+00 -5.050253960419495008e-02
2.424132163254678840e+00 -5.072970684771877653e-02
2.447180952060659553e+00 -5.129762495652832877e-02
2.473188460190387072e+00 -5.158492470569080168e-02
2.497040851775656378e+00 -5.200585224516142413e-02
