-1.871572621701025245e-03 -5.090425551652093998e-04
2.252872994944782672e-02 -1.147115253886538079e-03
4.853623807917534227e-02 -1.598109046176482027e-03
7.374014342961353330e-02 -3.248412256481906894e-03
9.656976784124235436e-02 -3.128147245204589231e-03
1.208239608161567613e-01 -3.559096868948313352e-03
1.469410511430600530e-01 -4.354182221281696803e-03
1.717431551038536008e-01 -5.165971047403595910e-03
1.978237180316983201e-01 -5.002277004276134420e-03
2.199227944621550135e-01 -4.621437801897960301e-03
2.455285012022378754e-01 -6.211608506564725470e-03
2.728144682990165659e-01 -6.468842002907879488e-03
2.971051886729895730e-01 -6.822955647224429772e-03
3.201905048780286367e-01 -6.719394109735625162e-03
3.477321637682176947e-01 -7.848548937839341239e-03
3.721324663393663634e-01 -7.891977969689481162e-03
3.967519333048669661e-01 -8.670359848234348091e-03
4.233804072185907152e-01 -9.094628082462663868e-03
4.456986480433990372e-01 -9.234937262286205262e-03
4.714504643797162164e-01 -9.144738503828214737e-03
4.972753355141508180e-01 -1.020039804726245378e-02
5.237576998316401111e-01 -1.049771988069805005e-02
5.453819200743349471e-01 -1.100884617862664915e-02
5.729966337626413164e-01 -1.190749306844883330e-02
5.951687649912149602e-01 -1.123267272739277012e-02
6.233313896654004704e-01 -1.241861936637743760e-02
6.471107264525527425e-01 -1.204446155351466749e-02
6.739218373615697422e-01 -1.261237966232422840e-02
6.952903658108542384e-01 -1.295647122236766834e-02
7.210787095462304341e-01 -1.316025360258756688e-02
7.470862176759577311e-01 -1.446646525284956027e-02
7.724727600216887424e-01 -1.366803920575846917e-02
7.978593023674199758e-01 -1.425266078835654530e-02
8.217482213517484091e-01 -1.545531090112973148e-02
8.453083937445494689e-01 -1.560564216522637715e-02
8.727769978366208825e-01 -1.557223521764934497e-02
8.962641154313045755e-01 -1.602656970469699266e-02
9.222350961619737442e-01 -1.620028583209755929e-02
9.489366248738148046e-01 -1.630050667482866103e-02
9.710722287033300981e-01 -1.736284760777830755e-02
9.970066820349402503e-01 -1.722253842795476789e-02
1.022137532587261477e+00 -1.781050070531054602e-02
1.046026451571589577e+00 -1.801428308553044630e-02
1.069951897954976472e+00 -1.892629275438344888e-02
1.097420502047048441e+00 -1.887618233301789974e-02
1.123428010176775960e+00 -1.882941260641005435e-02
1.149289408710268967e+00 -1.930379126200391926e-02
1.172703471506835182e+00 -1.894299622817196757e-02
1.197724739861980581e+00 -1.977148852808238016e-02
1.221978932836895293e+00 -2.021246023609921810e-02
1.248278660159091391e+00 -2.061334360702361118e-02
1.274761024476580795e+00 -2.101756767270571147e-02
1.298102032475030310e+00 -2.154539744442282231e-02
1.321662204867831480e+00 -2.159884856054608213e-02
1.348729007570258265e+00 -2.183269719358531258e-02
1.372654453953644937e+00 -2.229037237539065533e-02
1.396799064731383488e+00 -2.243068155521420193e-02
1.424559888015923814e+00 -2.261441976688787978e-02
1.447791313817197612e+00 -2.294848924265820503e-02
1.472666472576108498e+00 -2.332264705552097861e-02
1.497285939541609379e+00 -2.415448005018910188e-02
1.522526372291105323e+00 -2.361662819419886941e-02
1.548387770824598775e+00 -2.485602594930678630e-02
1.572240162409868747e+00 -2.443509840983616732e-02
1.594083547046914573e+00 -2.438498798847062166e-02
1.619360507195470644e+00 -2.429478923001263460e-02
1.647011748282834809e+00 -2.538385572102390755e-02
1.671777324844570201e+00 -2.530033835208132798e-02
1.695483606833605439e+00 -2.501637929767655186e-02
1.721819861554860331e+00 -2.600522494595671613e-02
1.746695020313770774e+00 -2.592504827177184376e-02
1.773798350415257019e+00 -2.618896315763040092e-02
1.798089070789229194e+00 -2.572460658630964722e-02
1.822233681566968855e+00 -2.705420309987554769e-02
1.846780093734351702e+00 -2.732814007000722994e-02
1.873043293657489894e+00 -2.767891301956607389e-02
1.897334014031462512e+00 -2.761209912441200259e-02
1.922136117992256032e+00 -2.841052517150308848e-02
1.948983756300331605e+00 -2.851408670899189396e-02
1.972653510890308048e+00 -2.811988472758289795e-02
1.997346032653925851e+00 -2.911875246013618385e-02
2.022586465403422462e+00 -2.947286610445273153e-02
2.050055069495494653e+00 -2.922565469238269306e-02
2.074163152874174187e+00 -2.969335195846114356e-02
2.095677790919693528e+00 -2.956306486291072205e-02
2.120735586673897277e+00 -2.988043086489253902e-02
2.147985026371617590e+00 -3.015102714026650366e-02
2.173809897506051136e+00 -3.040826063660965681e-02
2.200438371419775496e+00 -3.085257303938419154e-02
2.223852434216341489e+00 -3.058865815352562745e-02
2.247997044994080706e+00 -3.144053531673997315e-02
2.273091368147343250e+00 -3.097283805066151571e-02
2.299865951657301455e+00 -3.151737129616714872e-02
2.324704583017153769e+00 -3.238929262792770991e-02
2.347497680029723366e+00 -3.126013779982399904e-02
2.373139914168864717e+00 -3.227236831140809642e-02
2.398855203106123657e+00 -3.251289833396273088e-02
2.421575245320576997e+00 -3.229909386946971245e-02
2.448824685018296865e+00 -3.319774075929190355e-02
2.470923761448753364e+00 -3.275008766175966507e-02
2.499195968320114591e+00 -3.292714448391793891e-02
