-2.821284997224782643e-03 -7.195063249005167203e-04
-3.332668584045267880e-03 -5.424495027422423371e-04
-2.456011006638722689e-03 -9.667177369705603910e-04
-3.770997372748540258e-03 -1.147115253886538079e-03
-4.538072752979268112e-03 -1.855342542519635611e-03
-2.602120602873146671e-03 -1.344216244591031747e-03
-2.163791814169873425e-03 -1.641538078026624336e-03
-2.236846612287085416e-03 -1.237314012344526652e-03
-7.026958518256311162e-04 -1.584746267145668809e-03
-1.725463025466601047e-03 -1.254017486133042524e-03
-1.725463025466600830e-03 -1.006806074062999721e-03
-7.026958518256308994e-04 -9.399921789089337376e-04
-2.419483607580116477e-03 -2.029058669920206365e-03
-2.930867194400600412e-03 -1.073619969217065378e-03
-2.090737016052661434e-03 -1.190544285736680604e-03
-2.821284997224782643e-03 -1.397667360714284837e-03
-2.163791814169873425e-03 -1.327512770802515224e-03
-9.949150442944796214e-04 -1.521273066749305805e-03
-2.456011006638721822e-03 -1.010146768820703025e-03
-2.930867194400600846e-03 -1.033531632124626157e-03
-1.871572621701025462e-03 -1.554680014326339068e-03
-2.784757598166177298e-03 -1.157137338159647776e-03
-2.054209616994054789e-03 -9.266293998781206277e-04
-9.583876452358737344e-04 -5.057018604075059869e-04
2.548242664390308870e-03 -1.360919718379548053e-03
2.073386476628429845e-03 -1.297446517983185917e-03
2.219496072862853827e-03 -9.934432950321867191e-04
9.050119696822187323e-03 -5.224053341960225097e-04
1.186272942433485439e-02 -8.898817575433847112e-04
1.719572968689133882e-02 -1.257358180890746479e-03
2.515870268166745666e-02 -1.407689444987394751e-03
3.297556608020915658e-02 -1.177181506705867603e-03
4.097506647404387803e-02 -7.762981357814726811e-04
4.944942305564047763e-02 -8.731782837548678631e-04
6.234359492332844366e-02 -7.796388305391762025e-04
7.355750643432050484e-02 -6.460110402310445619e-04
8.546543852742607972e-02 -7.863202200545823780e-04
9.667935003841811314e-02 -1.334194160317922050e-03
1.067243847795348172e-01 -1.608131130449592158e-03
1.202029950321604479e-01 -1.203907064767493389e-03
1.337546600829032650e-01 -1.060257190186252377e-03
1.441649688146060260e-01 -8.811501569459492160e-05
1.578992708606418716e-01 -1.334194160317921833e-03
1.729850866718461722e-01 -1.003465379305296416e-03
1.843816351781313034e-01 -8.631561994817584915e-04
1.997596701818044607e-01 -1.060257190186252160e-03
2.125077324532579082e-01 -1.006806074062999937e-03
2.266803632879971220e-01 -9.232887051204174316e-04
2.411817407142637371e-01 -1.594768351418778506e-03
2.578382346849880657e-01 -3.420078172800447677e-04
2.706958791536173692e-01 -9.466735684243405636e-04
2.885943046923343247e-01 -7.061435458697036104e-04
3.013788943628464834e-01 -3.486892067954518648e-04
3.171952581552228700e-01 -1.324172076044812570e-03
3.344727179099436509e-01 -8.698375889971653174e-04
3.495585337211479793e-01 -9.500142631820437597e-04
3.661419728937549967e-01 -1.183862896221274429e-03
3.783786515783879589e-01 -1.160478032917351080e-03
3.937201591830025715e-01 -6.526924297464511710e-04
4.090616667876171841e-01 -1.210588454282900215e-03
4.225402770402427177e-01 -1.223951233313713650e-03
4.400734285883737829e-01 -1.601449740934185332e-03
4.558532649816915971e-01 -1.277402349436966306e-03
4.725462863514744427e-01 -1.046894411155439159e-03
4.865362801909206003e-01 -1.040213021640032549e-03
5.019873699927109856e-01 -9.767398212436701962e-04
5.179863707803804562e-01 -1.240654707102229956e-03
5.336931523755811257e-01 -3.186229539761219610e-04
5.516281053133565981e-01 -1.437755697806724275e-03
5.646683867772788190e-01 -1.240654707102229956e-03
5.807039149640070841e-01 -9.266293998781206277e-04
5.965568061554420431e-01 -8.965631470587909950e-04
6.145282864922761989e-01 -9.199480103627141270e-04
6.274955131580814971e-01 -8.264085571470225749e-04
6.448825551099778286e-01 -1.100345527278691815e-03
6.630001450430466070e-01 -1.157137338159647776e-03
6.778667964598991125e-01 -1.270720959921559480e-03
6.947789822240338919e-01 -1.350897634106438139e-03
7.094995240446519968e-01 -8.297492519047251205e-04
7.258637988229076354e-01 -1.100345527278691598e-03
7.413879434228151100e-01 -5.090425551652095083e-04
7.588480401728289193e-01 -9.667177369705599573e-04
7.747739861623811342e-01 -9.266293998781207361e-04
7.925628295039223170e-01 -1.133752474855724644e-03
8.056761657659616827e-01 -8.431120309355382304e-04
8.230632077178582362e-01 -6.259668716848246261e-04
8.424957840170368417e-01 -1.484525424414570539e-03
8.565588326546001996e-01 -1.778506563092459823e-03
8.721925594516833913e-01 -5.491308922576488378e-04
8.903101493847518366e-01 -7.362097986890334600e-04
9.051037460034875304e-01 -1.107026916794098858e-03
9.217602399742118591e-01 -1.016828158336109417e-03
9.389281175317567563e-01 -1.481184729656866801e-03
9.568265430704737673e-01 -6.259668716848245176e-04
9.720219410788537573e-01 -1.314149991771703090e-03
9.888610720448710589e-01 -6.192854821694179085e-04
1.004896600231599324e+00 -9.800805160013735008e-04
1.022941135366550736e+00 -1.177181506705867603e-03
1.039634156736333859e+00 -1.317490686529405527e-03
1.057423000077874820e+00 -6.827586825657805869e-04
1.072472288490020409e+00 -9.065852313319011256e-04
