-2.806828260768166536e-03 -9.385268526382852666e-03
-2.354624697691578596e-03 -9.916438992857672455e-03
-2.214973597329691207e-03 -6.866384679074568828e-03
-1.882470977420435190e-03 -8.576820395018657298e-03
-1.915721239411360749e-03 -8.646974984930425392e-03
-1.882470977420434973e-03 -4.524557653924564035e-03
-1.822620505836769662e-03 -8.854098059908029408e-03
-2.068672444569618664e-03 -8.379719404314161027e-03
-1.822620505836769662e-03 -8.840735280877216190e-03
-1.712894641266715255e-03 -7.210476239118009632e-03
-1.865845846424972303e-03 -4.213873041458158011e-03
-1.403667204751107280e-03 -8.506665805106885733e-03
-1.988871815791397237e-03 -6.779526615374286379e-03
-1.566593488506642495e-03 -3.265115730270422550e-03
-1.526693174117531781e-03 -8.533391363168513905e-03
-1.935671396605916431e-03 -7.374170282245468520e-03
-1.995521868189582392e-03 -6.208267811807022599e-03
-1.616468881493030507e-03 -3.585822427009939788e-03
-1.669669300678511313e-03 -8.099101044667085178e-03
-1.626443960090308456e-03 -9.325136020744192317e-03
-1.653044169683048860e-03 -4.183806788638826969e-03
-1.653044169683048426e-03 -6.425412971057737829e-03
-1.852545741628602209e-03 -8.540072752683919646e-03
-1.669669300678511747e-03 -9.355202273563520757e-03
-1.769420086651288205e-03 -4.197169567669642790e-03
-1.722869719863992120e-03 -8.870801533696544630e-03
-1.746144903257640596e-03 -6.044573768679561108e-03
-1.819295479637676651e-03 -3.916551208022566073e-03
-1.599843750497567619e-03 -8.052331318059241516e-03
-1.746144903257640596e-03 -5.129223405068859994e-03
-2.045397261175970621e-03 -8.971022376427642900e-03
-2.441075378867985177e-03 -6.545677982335054192e-03
-3.581559365156733194e-03 -5.379775511896606535e-03
-6.477657184566352165e-03 -8.065694097090051265e-03
-1.395564110632551737e-02 -6.468842002907879488e-03
-3.035799534644911465e-02 -9.164782672374433697e-03
-5.548521833299158157e-02 -8.991066544973863595e-03
-8.673713957826255372e-02 -1.002334122510417994e-02
-1.229832501745705409e-01 -6.452138529119364266e-03
-1.616865551320079697e-01 -8.329608982948611892e-03
-2.027173784288100744e-01 -1.322706749774163471e-02
-2.449152859214937528e-01 -8.961000292154533420e-03
-2.868638164492455234e-01 -1.535509005839862974e-02
-3.308306378798464564e-01 -1.577935829262694725e-02
-3.748706098868273551e-01 -1.780716001055284575e-02
-4.199047647273369543e-01 -1.740293594487074547e-02
-4.649854699346339659e-01 -1.619026374782445155e-02
-5.103155521068627465e-01 -1.980155478090171381e-02
-5.551601804540240437e-01 -1.884277538544086236e-02
-6.014146199096005452e-01 -2.395403836472690534e-02
-6.477388849153581374e-01 -2.560100088027461931e-02
-6.942327262572696167e-01 -2.459211106344822567e-02
-7.409027939877323998e-01 -2.729139242767248882e-02
-7.864157526009114552e-01 -2.715442394260664943e-02
-8.334149979250848883e-01 -3.239263332268541712e-02
-8.800484903673582160e-01 -3.338147897096559180e-02
-9.272871375778659608e-01 -2.918890705004795194e-02
-9.745557100241659665e-01 -3.481129632726259748e-02
-1.020766924139153931e+00 -3.922101340743094217e-02
-1.067693018886947565e+00 -3.728675114272073099e-02
-1.115749622542432373e+00 -3.990919652751780816e-02
-1.162536066189863604e+00 -4.139246499993808059e-02
-1.210213616858651919e+00 -4.254166399658801390e-02
-1.257681690876897296e+00 -4.614961433490757936e-02
-1.304940288244599733e+00 -4.678768703362887887e-02
-1.352700964568365416e+00 -4.745248529041185687e-02
-1.399956236909869034e+00 -5.195574182379588540e-02
-1.448285492713679234e+00 -4.766963044966256863e-02
-1.496322146211969129e+00 -5.510267628555238356e-02
-1.543487642846097518e+00 -5.153815497908298404e-02
-1.591540921475383286e+00 -5.844337104325567078e-02
-1.639454549004306871e+00 -5.836653506382849521e-02
-1.687790454860515377e+00 -5.963599907175575615e-02
-1.736123035690524397e+00 -6.078185737364796143e-02
-1.784169664267412303e+00 -6.109588268087206425e-02
-1.832129842163123135e+00 -6.394215461443528148e-02
-1.880213046028200718e+00 -6.388202210879660725e-02
-1.928505726543821241e+00 -6.653787444117074956e-02
-1.976894832819215075e+00 -6.526841043324349556e-02
-2.025539966111939538e+00 -7.230725428772433183e-02
-2.073257417095117017e+00 -7.085071137336568237e-02
-2.121673123580103404e+00 -7.586843489943601027e-02
-2.169925903781334764e+00 -7.757552992062242969e-02
-2.218833714143787272e+00 -7.769245423714202237e-02
-2.267023318847235291e+00 -8.062558423440549515e-02
-2.315335949520050729e+00 -8.080932244607920423e-02
-2.363884657053000993e+00 -8.381928842276985259e-02
-2.412383489192965413e+00 -8.358209909497295309e-02
-2.461105098088268495e+00 -8.722011568611180710e-02
-2.509796781747779537e+00 -8.667892313536387783e-02
-2.558219138285165339e+00 -8.997284816645929884e-02
-2.606225866547662751e+00 -9.249173201376759135e-02
-2.654801174290206234e+00 -9.300619900645389071e-02
-2.703911811250802710e+00 -9.392823075958002532e-02
-2.750718205055430854e+00 -9.670100740847373255e-02
-2.750827930920000775e+00 -9.935351904609017459e-02
-2.750827930920000775e+00 -9.931009001423998783e-02
-2.750827930920000775e+00 -9.992811854441513431e-02
-2.750827930920000775e+00 -1.011374500467037141e-01
-2.750827930920000775e+00 -1.033556713658186632e-01
-2.750827930920000775e+00 -1.076351013504366072e-01
