-1.144315161221887535e-03 -9.166073156050109309e-04
4.895717960670478708e-02 -1.000124684547593111e-03
9.929807626096615047e-02 -5.558122817730555554e-04
1.491535190901599750e-01 -1.220610538556010129e-03
1.992915891462766764e-01 -3.219636487338251572e-04
2.490539312418958984e-01 -9.800805160013735008e-04
2.985103709271986205e-01 -8.097050833585055099e-04
3.492236705157583110e-01 -8.230678623893187282e-04
3.990159378471694329e-01 -7.195063249005167203e-04
4.487516797331958518e-01 -1.177181506705867603e-03
4.988398743963263215e-01 -9.433328736666370421e-04
5.488416183782801605e-01 -1.190544285736680604e-03
5.992057902159351190e-01 -1.010146768820702591e-03
6.488750315779797662e-01 -1.257358180890746262e-03
6.986839240403863727e-01 -1.100345527278691598e-03
7.492076971355976500e-01 -1.120389695824911642e-03
7.981055324194530343e-01 -1.524613761507009543e-03
8.485096045714970447e-01 -8.765189785125712760e-04
8.985080235272518978e-01 -9.366514841512305414e-04
9.486494186095677517e-01 -6.025820083809017109e-04
9.983020348406169697e-01 -1.223951233313713867e-03
1.047908100704878720e+00 -6.894400720811871960e-04
1.098119321337375220e+00 -6.961214615965939136e-04
1.148380417362858452e+00 -7.128249353851101111e-04
1.198106184170287580e+00 -1.193884980494383909e-03
1.248324054855182830e+00 -8.264085571470222496e-04
1.297727294121299835e+00 -8.264085571470221412e-04
1.347702437893660621e+00 -1.671604330845954728e-03
1.397401604491496974e+00 -1.414370834502801143e-03
1.447446573814039406e+00 -8.932224523010877989e-04
1.497750895180110842e+00 -9.834212107590763717e-04
1.546921382612292284e+00 -6.326482612002312352e-04
1.594881560508002671e+00 -1.160478032917351514e-03
1.641129349911181201e+00 -9.199480103627143439e-04
1.681478542837169243e+00 -1.688307804634470817e-03
1.713322318745878814e+00 -2.854210275072919991e-03
1.736550951772739992e+00 -5.346368564319573490e-03
1.753887638374808100e+00 -9.789492592064949483e-03
1.766536038036156553e+00 -1.408896674522908642e-02
1.777521924597958103e+00 -1.934053890433865691e-02
1.786622521304874756e+00 -2.551748351133204321e-02
1.794150380619619733e+00 -3.157750380180580907e-02
1.801029859825542534e+00 -3.790812036765354304e-02
1.807543586149564785e+00 -4.472647836812596728e-02
1.812993304089877356e+00 -5.164171651657175482e-02
1.818167044855665715e+00 -5.884759510893775025e-02
1.823004957975345119e+00 -6.596327494284577597e-02
1.827274291614980228e+00 -7.313574658763473402e-02
1.831550275307013198e+00 -8.119016164845738182e-02
1.835340805173978795e+00 -8.879358291699007699e-02
1.839161260276735987e+00 -9.631014612182246803e-02
1.842948465117502765e+00 -1.041774822762136787e-01
1.846562768595915838e+00 -1.124289983277408506e-01
1.849595192489488449e+00 -1.212885208251699570e-01
1.853059869788943548e+00 -1.287783584719407459e-01
1.856271845097266171e+00 -1.372537010722339745e-01
1.859304268990838560e+00 -1.457958575676812918e-01
1.861841263980746231e+00 -1.538135249861691811e-01
1.864810512376535945e+00 -1.623055710602509527e-01
1.867221156370878266e+00 -1.707475067129671509e-01
1.869994228220920984e+00 -1.796471175474887438e-01
1.872541198289426445e+00 -1.882627693276055225e-01
1.875380770663451324e+00 -1.974429985217741879e-01
1.877741539264806914e+00 -2.064194453357229564e-01
1.879879531110823621e+00 -2.147344345876464056e-01
1.882602727567880274e+00 -2.237008593173220594e-01
1.884847120252268082e+00 -2.328075932268211801e-01
1.886968486967288694e+00 -2.407617874449127504e-01
1.889289355254255565e+00 -2.504765278003138751e-01
1.891427347100271827e+00 -2.592057632021925184e-01
1.893658439679863248e+00 -2.685029167128808458e-01
1.895580304822938489e+00 -2.767811583224695782e-01
1.897618545882981955e+00 -2.854669646924981596e-01
1.899786462964790701e+00 -2.954756861865772688e-01
1.901518801614518139e+00 -3.043686156315833502e-01
1.903493867176778931e+00 -3.137292423426679688e-01
1.904960203730578394e+00 -3.222747395328730002e-01
1.907108170655192447e+00 -3.318257858451467146e-01
1.909179661977227216e+00 -3.414102391049975149e-01
1.911035026596321185e+00 -3.505503799620736105e-01
1.912813915612835425e+00 -3.598976438941274281e-01
1.914423228293195889e+00 -3.690478068354766661e-01
1.916398293855456680e+00 -3.783048720090725348e-01
1.917954406116632704e+00 -3.871543724222285543e-01
1.919670119635364047e+00 -3.964214596800975654e-01
1.921505534097263102e+00 -4.055448970633851458e-01
1.923487249711922198e+00 -4.152295711659669819e-01
1.924903710872735596e+00 -4.251848415439228868e-01
1.926912026696987468e+00 -4.337437015131586637e-01
1.927587007015403975e+00 -4.434851674266213628e-01
1.929897900223773055e+00 -4.535139330892468124e-01
1.931407462118160945e+00 -4.627208878414771354e-01
1.932956924326937997e+00 -4.720748331630461592e-01
1.934622762452683498e+00 -4.817194189285357586e-01
1.936315200788021551e+00 -4.912036513456552456e-01
1.937681786555848662e+00 -5.005542559724667218e-01
1.939400825100779047e+00 -5.101888196536830122e-01
1.940458183432091088e+00 -5.188579225499230230e-01
1.941917869933492469e+00 -5.283855839988927938e-01
1.943144804600957620e+00 -5.370647089794059470e-01
1.944661016547743371e+00 -5.470567269996965409e-01
