-4.793764546389509863e-03 -2.324821222563696992e-03
-6.875826292730057888e-03 -3.095031828217697373e-03
-6.364442705909570050e-03 -2.141437745027029594e-03
-6.875826292730055286e-03 -1.444580530387698817e-03
-2.967394593459207492e-03 9.760813730963099856e-04
-7.277627682374721886e-03 -2.288144527056363599e-03
-6.108750912499327432e-03 -1.114490270821695246e-03
-4.903346743565329367e-03 3.543450058609650191e-03
-3.990161767100176664e-03 -1.297873748358360042e-03
-5.670422123796054620e-03 -7.477233157483596923e-04
-5.853059119089085681e-03 -2.324821222563696992e-03
-7.935120865429631104e-03 -2.654911482129697527e-03
-4.355435757686236184e-03 -7.844000112556995903e-04
-5.743476921913267912e-03 5.413961529483654958e-03
-5.451257729444419081e-03 -1.224520357343697160e-03
-7.825538668253813335e-03 1.325173764276422767e-04
-4.757237147330904518e-03 -1.554610616909696610e-03
-4.428490555803450343e-03 -1.371227139373027478e-03
-5.999168715323510530e-03 -2.288144527056364032e-03
-6.437497504026783342e-03 -1.701317398939030182e-03
-6.693189297437025093e-03 1.232818241647643627e-03
-6.510552302143994031e-03 -1.517933921402361049e-03
-4.830291945448116075e-03 -1.921377571983025334e-03
-5.524312527561631506e-03 -7.110466202410272753e-04
-7.569846874843570717e-03 -1.975728831383594239e-04
-6.766244095554238384e-03 -1.224520357343695425e-03
-5.962641316264902583e-03 -4.342039475467035330e-03
-6.547079701202599376e-03 -1.114490270821692861e-03
-5.670422123796056355e-03 -1.151166966329026471e-03
-5.012928940741147137e-03 -5.442340340687037113e-03
-5.560839926620236850e-03 -1.444580530387695348e-03
-5.268620734151388020e-03 -3.809563606750255476e-04
-8.665668846601751879e-03 -1.811347485461029709e-03
-1.184355256470047933e-02 -4.048625911408369055e-03
-1.929514197265611714e-02 -3.351768696769032857e-03
-3.642649213114235868e-02 -1.517933921402363651e-03
-6.122859609193587183e-02 -2.911648350681033445e-03
-9.315354286915752957e-02 -5.075573385613702318e-03
-1.293887227352947811e-01 2.248728990563938107e-05
-1.681442931364757754e-01 7.193445045449758024e-04
-2.111735692275137910e-01 -5.882460686775036092e-03
-2.516093999853906693e-01 -5.148926776628371706e-03
-2.957344980481867447e-01 -8.303122590259046087e-03
-3.389829385335764167e-01 -6.029167468804373133e-03
-3.829619270001381470e-01 -7.863002244171040170e-03
-4.273427168563444511e-01 -8.193092503737040705e-03
-4.721618355012542345e-01 -6.212550946341037494e-03
-5.185516323056837962e-01 -1.318112309273438733e-02
-5.648318469129377517e-01 -9.110009891420375525e-03
-6.101258217456092536e-01 -1.303441631070505202e-02
-6.543970294046398406e-01 -1.384130361186638840e-02
-7.012616823968313984e-01 -1.798577020419506872e-02
-7.491491025626637601e-01 -1.666540916593106311e-02
-7.964155569445001692e-01 -2.110328932231840884e-02
-8.421478605658749839e-01 -1.512498795462306062e-02
-8.884280751731288284e-01 -2.062649228072306953e-02
-9.363885501370783349e-01 -1.541840151868172429e-02
-9.850065182840832545e-01 -2.036975541217174099e-02
-1.030957986299809503e+00 -2.253368044710441290e-02
-1.076361543329656945e+00 -2.334056774826574407e-02
-1.124723819683251635e+00 -2.495434235058841335e-02
-1.172720822046259492e+00 -2.396407157189040654e-02
-1.220279495620564925e+00 -2.231362027406040907e-02
-1.264368066284302206e+00 -2.220359018753841410e-02
-1.314337548196475414e+00 -2.407410165841241192e-02
-1.362480660155718226e+00 -2.722829747204308024e-02
-1.412632779063185184e+00 -3.144611745538642561e-02
-1.455735109952339013e+00 -3.060255345871775931e-02
-1.506581249441919734e+00 -3.294986197118709298e-02
-1.553299792837876447e+00 -3.335330562176776897e-02
-1.601881233585822351e+00 -3.551723065670044088e-02
-1.651521968906467741e+00 -3.966169724902910559e-02
-1.696085395757967129e+00 -3.980840403105843917e-02
-1.746164459867316054e+00 -3.903819342540443965e-02
-1.791531489498104923e+00 -3.812127603772111351e-02
-1.842925539973564009e+00 -4.134882524236644513e-02
-1.888694370993997618e+00 -4.589673548527579972e-02
-1.937421921338177810e+00 -4.468640453353379255e-02
-1.986332108677650865e+00 -4.090870489627844442e-02
-2.034730912430303906e+00 -4.512652487962179326e-02
-2.080901544840382478e+00 -4.765721686962780257e-02
-2.129446458189270253e+00 -4.663026939542246757e-02
-2.176311111181461477e+00 -4.813401391122314188e-02
-2.226865031478572288e+00 -5.062802920572179871e-02
-2.273948848865115391e+00 -5.018790885963380494e-02
-2.321105721049775639e+00 -5.352548815080115235e-02
-2.368773976821256788e+00 -5.268192415413248952e-02
-2.419145260123074515e+00 -5.601950344529981612e-02
-2.465425474730328137e+00 -5.304869110920581304e-02
-2.514627881262271103e+00 -5.667968396443182066e-02
-2.564451253578208689e+00 -5.855019543530581849e-02
-2.612521310739334801e+00 -5.704645091950516500e-02
-2.660408730905167385e+00 -6.218118829053183305e-02
-2.706396726319952872e+00 -6.375828619734717762e-02
-2.758009941189762948e+00 -6.324481246024452052e-02
-2.806372217543357195e+00 -6.276801541864918121e-02
-2.854186582911072634e+00 -6.665574514242650350e-02
-2.902804551058076665e+00 -6.581218114575783373e-02
-2.952664450773074822e+00 -6.463852688952316516e-02
-2.998981192779387239e+00 -6.364825611082516876e-02
-3.046320701959340127e+00 -7.245066303258516915e-02
