1.000000000000000000e+00 8.466388118764220372e-02 1.084239183478806121e-05 1.443015147093084760e+00 1.224541438312591081e-04
1.123324032978027409e+00 9.490088203367134934e-02 1.453124441954889278e-05 1.427757699863274166e+00 6.809272645909147513e-05
1.261856883066020396e+00 1.063233765892307447e-01 1.571009016650080553e-05 1.410686192872967037e+00 9.225413537251875165e-05
1.417474162926805281e+00 1.190157522506976456e-01 1.917943274355119186e-05 1.391718521207429227e+00 8.140357953397367322e-05
1.592282793341092351e+00 1.331251720352496781e-01 1.856126359463988038e-05 1.370477989359809579e+00 6.390091628341237960e-05
1.788649529057434906e+00 1.487536746405417609e-01 1.972741334395976373e-05 1.346826377661168639e+00 6.399292055062537159e-05
2.009233002565047332e+00 1.660098122703546342e-01 2.389106053471881422e-05 1.320610416768236428e+00 6.845847811996174086e-05
2.257019719633920118e+00 1.849946884873728270e-01 1.892860178656926526e-05 1.291575539071679213e+00 5.999958200868216028e-05
2.535364493970111877e+00 2.057477927803943452e-01 1.796567544906452695e-05 1.259499238664930854e+00 3.702754120334737206e-05
2.848035868435801365e+00 2.283258674306197222e-01 2.572399624330902021e-05 1.224230631420465176e+00 3.334209064579857961e-05
3.199267137797383587e+00 2.526939168776463629e-01 2.652672911870906274e-05 1.185689874817385858e+00 7.498577858541279062e-05
3.593813663804627634e+00 2.787300959543633772e-01 3.080653693245816719e-05 1.143761306721350790e+00 7.084844202723614018e-05
4.037017258596554470e+00 3.062635860579988600e-01 6.041053816804575072e-05 1.098505257616176012e+00 4.839709337444109095e-05
4.534878508128581842e+00 3.350261482303721339e-01 1.202484027027978978e-04 1.050010816162921357e+00 5.596124387901369238e-05
5.094138014816379290e+00 3.648671439598774602e-01 1.631970230255181406e-04 9.985561248680954183e-01 5.563854882057870288e-05
5.722367659350217295e+00 3.950870436043494860e-01 1.376217370526813821e-04 9.445410881075542164e-01 7.393976388889819294e-05
6.428073117284320404e+00 4.252946499326536456e-01 2.721318185746344001e-04 8.884851909824936778e-01 8.288774995776840705e-05
7.220809018385463851e+00 4.548306494655755539e-01 4.997034444590220999e-04 8.310295945564606379e-01 9.545058306147773672e-05
8.111308307896869962e+00 4.830978671632998878e-01 4.663699764298631862e-04 7.728958947871700236e-01 7.859860522486585173e-05
9.111627561154891808e+00 5.087378714247428046e-01 5.593795539433766683e-04 7.149310603898223482e-01 7.787881789790469269e-05
1.023531021899026250e+01 5.326301419633303613e-01 1.024639964743530220e-03 6.577701513482052675e-01 9.450034438306153042e-05
1.149756995397735615e+01 5.556700339606054362e-01 7.026076721956140076e-04 6.020547331522616563e-01 9.551333588953706889e-05
1.291549665014884063e+01 5.759710634537658080e-01 2.083665793626112751e-04 5.485340685255918336e-01 7.413757470132332627e-05
1.450828778495939453e+01 5.932614489122715051e-01 1.768984938974667038e-03 4.976512024360408293e-01 1.106486918439666663e-04
1.629750834620644184e+01 6.082810231152344649e-01 2.204260863406689013e-03 4.497469680875417208e-01 1.372221123564528584e-04
1.830738280295367915e+01 6.203591564303706507e-01 5.858310768218557164e-04 4.050960556585444516e-01 1.417929848853302871e-04
2.056512308348651530e+01 6.297974272892963299e-01 4.685548626201612690e-04 3.636704779427975542e-01 5.604573107503711996e-05
2.310129700083159321e+01 6.408624818985191318e-01 1.103914294469085077e-03 3.253647490187083213e-01 1.572947319961291452e-04
2.595024211399735847e+01 6.467122373301753546e-01 1.723356994974599129e-03 2.904158373183461372e-01 1.383027796189279326e-04
2.915053062825175800e+01 6.526328277011328449e-01 8.918854641924751784e-04 2.584741771021451529e-01 2.517049268298300613e-04
3.274549162877728037e+01 6.580739095734620125e-01 1.423899812582780965e-03 2.292542847376670134e-01 6.828545486541946047e-05
3.678379771828632272e+01 6.608495761921282519e-01 1.048719889573349702e-03 2.028360434492824105e-01 3.792084170366683471e-04
4.132012400115336703e+01 6.651859213132296222e-01 6.511472637270829559e-04 1.784106597999717825e-01 6.921175674885999629e-04
4.641588833612780007e+01 6.671687983819132306e-01 8.077888402600482114e-04 1.568737143363657938e-01 7.732395483193826293e-04
5.214008287999684654e+01 6.687879897274295882e-01 1.108809089145613080e-03 1.363607313078540884e-01 6.498648676248828518e-04
5.857020818056667366e+01 6.710054319408393919e-01 6.899527431497361630e-04 1.182763700106488347e-01 5.800009231391765408e-04
6.579332246575678766e+01 6.720405213569196068e-01 6.422445617275699889e-04 1.014373293954690808e-01 4.574154139561668409e-04
7.390722033525779011e+01 6.727036014548575249e-01 6.166625614292204141e-04 8.583119228116395383e-02 3.065997351293721536e-04
8.302175681319744172e+01 6.733006121710893854e-01 5.677057531494915030e-04 7.132870586706752114e-02 3.195942915576363542e-04
9.326033468832198992e+01 6.743923148429195047e-01 4.035540994665109613e-04 5.807655492959402921e-02 2.844578018449726940e-04
1.047615752789665180e+02 6.747884753101895949e-01 3.960109910259547385e-04 4.501884471361732032e-02 3.585747537129035174e-04
1.176811952434997863e+02 6.749929975762247736e-01 1.807466825159824723e-04 3.302779676613494531e-02 3.070383192690737269e-04
1.321941148466028721e+02 6.752620084986873383e-01 3.093159169197170219e-04 2.127670932320486694e-02 2.006795622361533260e-04
1.484968262254465117e+02 6.753190598578159287e-01 3.216635522267616331e-04 9.900281102151131662e-03 1.453143775363192761e-04
1.668100537200059250e+02 6.753317525463706783e-01 2.707816996716712896e-04 -1.449363630592648364e-03 9.407607490834407962e-05
1.873817422860383033e+02 6.752242285283641676e-01 2.114159720180486593e-04 -1.276649688628705981e-02 1.019844320161538396e-04
2.104904144512019855e+02 6.750793052443752051e-01 2.232032272026037876e-04 -2.423244456750164172e-02 1.038275953187057973e-04
2.364489412645407072e+02 6.748959721426649461e-01 2.250628284418931238e-04 -3.605177507833010747e-02 5.031846165341086094e-05
2.656087782946686957e+02 6.745581545586263328e-01 2.033332595032131206e-04 -4.832870819729104955e-02 8.070793920423171913e-05
2.983647240283340238e+02 6.740001770804885384e-01 1.389079601167236366e-04 -6.130126533919213333e-02 8.215706657923085019e-05
3.351602650938841066e+02 6.733673299381484068e-01 1.216348299126993212e-04 -7.495713768711058378e-02 5.880639924315729809e-05
3.764935806792467474e+02 6.725814083304919588e-01 1.763117873377942043e-04 -8.968129306188674099e-02 4.986195433720850428e-05
4.229242874389498752e+02 6.715744523746164374e-01 1.057520706190716932e-04 -1.055250617458394213e-01 5.692093771612710912e-05
4.750810162102798131e+02 6.701268366580068747e-01 1.240678551502410684e-04 -1.227213692705956538e-01 3.943448801855392176e-05
5.336699231206307559e+02 6.683610645740032385e-01 1.519067085052843271e-04 -1.415066494821938803e-01 5.573654251598134026e-05
5.994842503189408944e+02 6.662318561119209281e-01 1.262480060956511663e-04 -1.620219691621139213e-01 4.170165469036507777e-05
6.734150657750820983e+02 6.635227421423877114e-01 9.661090469856229281e-05 -1.845316324498829097e-01 3.584043574677825536e-05
7.564633275546290179e+02 6.601736475222531597e-01 7.582839512343328696e-05 -2.092318098036284046e-01 3.396989660632948436e-05
8.497534359086438371e+02 6.560454263185440116e-01 7.267501663456899820e-05 -2.363985078964368491e-01 5.978530375358698490e-05
9.545484566618337112e+02 6.509589307231059552e-01 7.231693281227932735e-05 -2.661915253018565242e-01 4.986279958585957095e-05
1.072267222010323167e+03 6.446670702442067746e-01 4.598130102618338329e-05 -2.988816895819916275e-01 6.794619567776070035e-05
1.204503540258782323e+03 6.370181098220049076e-01 4.014722345978089196e-05 -3.345814718018731426e-01 8.458647610190763333e-05
1.353047774579806173e+03 6.277479315027543194e-01 4.643812418696465150e-05 -3.734565804512942622e-01 7.337129225827470941e-05
1.519911082952933157e+03 6.166666656119570433e-01 5.683433676832883193e-05 -4.155536306455368534e-01 1.090386329757634873e-04
1.707352647470690499e+03 6.034414005526034241e-01 5.233207605613951512e-05 -4.608576319845744118e-01 1.169396484123028812e-04
1.917910261672488787e+03 5.880099730364353183e-01 3.814978012478926160e-05 -5.092651129526941656e-01 1.127211190194957365e-04
2.154434690031884656e+03 5.701221498924727848e-01 3.671588093650394368e-05 -5.605232674774413004e-01 1.374701747325640536e-04
2.420128264794380812e+03 5.497913128481572986e-01 3.463686248208276740e-05 -6.141665176422244077e-01 2.234485073669974068e-04
2.718588242732940216e+03 5.270325628136879326e-01 4.964471599483589727e-05 -6.698907890566301315e-01 1.510334061178364787e-04
3.053855508833415570e+03 5.019949210955704233e-01 3.564919231874445668e-05 -7.268859366274342815e-01 1.515954914649514731e-04
3.430469286314919373e+03 4.750604651824348323e-01 4.166109128963475973e-05 -7.844469462053803577e-01 1.835849907550024356e-04
3.853528593710527275e+03 4.465486238263356999e-01 4.924529337389254880e-05 -8.419632664191579741e-01 1.960064601065919661e-04
4.328761281083056929e+03 4.170572664610515679e-01 6.013603575937147191e-05 -8.985330632076111712e-01 2.125043964162426835e-04
4.862601580065353119e+03 3.871003685482311552e-01 7.762264574012940101e-05 -9.534573198659946902e-01 2.448701413720440136e-04
5.462277217684342759e+03 3.571706126934000580e-01 5.967395899302904699e-05 -1.006266920800861220e+00 2.175945056556418875e-04
6.135907273413169605e+03 3.277898677130092198e-01 5.970243028093551407e-05 -1.056483716974661480e+00 2.199333116196745190e-04
6.892612104349695073e+03 2.994152738512522172e-01 6.283630193166557520e-05 -1.103607014665043184e+00 2.909546133226688087e-04
7.742636826811270112e+03 2.723429138611457856e-01 6.654500831311710213e-05 -1.147424543010217901e+00 2.192548094836334696e-04
8.697490026177834807e+03 2.468075069555308865e-01 6.286083215861941530e-05 -1.188035139594870060e+00 2.223681611248711453e-04
9.770099572992246976e+03 2.230099996961783515e-01 7.199548286000606611e-05 -1.225325976889009016e+00 3.459623583715133515e-04
1.097498765493056817e+04 2.009586272656122274e-01 5.697053805505305216e-05 -1.259296097847871998e+00 1.803340780468220010e-04
1.232846739442065882e+04 1.807073278888877144e-01 4.827035625482474355e-05 -1.289982264003125545e+00 2.373419566474953952e-04
1.384886371393871741e+04 1.622266099006886564e-01 4.643126166679642877e-05 -1.318023543618151328e+00 3.979296733676633774e-04
1.555676143930472244e+04 1.454069125229788262e-01 5.152962117503529231e-05 -1.343136843132422431e+00 2.569953589754321588e-04
1.747528400007683013e+04 1.301948507171701575e-01 4.671633335112627548e-05 -1.365737282975916678e+00 2.772837056844187995e-04
1.963040650040272521e+04 1.164591732029675031e-01 4.939554215121622473e-05 -1.385917880657304035e+00 5.806239485309617294e-04
2.205130739903045469e+04 1.040722073548814297e-01 4.342140850604015530e-05 -1.403738113729938064e+00 3.011590582673992684e-04
2.477076355991708988e+04 9.295262065490597636e-02 3.956925164689710029e-05 -1.419837249049476391e+00 3.813320611712594241e-04
2.782559402207125822e+04 8.297792219758222398e-02 5.402615326386171957e-05 -1.434395915808533983e+00 4.780785998796049734e-04
3.125715849688235176e+04 7.406259439462037353e-02 3.361928881853019945e-05 -1.447063891684586379e+00 3.488085660839537316e-04
3.511191734215127508e+04 6.605934794655371478e-02 5.085700939558609996e-05 -1.458425862462104261e+00 6.817798919380158289e-04
3.944206059437656222e+04 5.895314225350891529e-02 3.348087624201404456e-05 -1.468318406531420761e+00 4.165116549950692473e-04
4.430621457583877782e+04 5.255415458093455616e-02 4.023474580147954851e-05 -1.477280731257139212e+00 9.331710886035421470e-04
4.977023564332113892e+04 4.686360551311673228e-02 3.853127633334042708e-05 -1.484715065812900026e+00 4.623976542538159166e-04
5.590810182512222673e+04 4.176994160077576734e-02 5.384107471487005508e-05 -1.491045773096412841e+00 1.362064181282229532e-03
6.280291441834246507e+04 3.724453283447633906e-02 3.575434686522719127e-05 -1.497280517907730202e+00 8.837436446559788659e-04
7.054802310718645458e+04 3.316822929351718324e-02 5.633805168762344841e-05 -1.502193721886141642e+00 1.061187801219677955e-03
7.924828983539169712e+04 2.955920098234203139e-02 2.674758913524107618e-05 -1.507834135776714657e+00 2.049989411784331785e-03
8.902150854450392944e+04 2.632252048350823895e-02 6.349200636611436303e-05 -1.509893401893073861e+00 1.818473234992962944e-03
1.000000000000000000e+05 2.345448545034554619e-02 3.093609763933229161e-05 -1.514507749923915902e+00 1.522419902213068259e-03
