# Acquisizione Analog Discovery 2
# Timestamp 2024-10-03 11:39:59
# time	ch1	ch2
-4.999999999999999562e-05	2.581507134204400478e-01	-1.695161974583388881e-02
-4.899999999999999842e-05	2.754270297395562395e-01	-2.034865685430036625e-02
-4.800000000000000122e-05	2.933808486594221554e-01	-2.340599025192019803e-02
-4.699999999999999724e-05	3.147221805830363039e-01	-2.646332364954002980e-02
-4.600000000000000004e-05	3.336922534040266397e-01	-2.850154591461991765e-02
-4.499999999999999606e-05	3.536785801261415063e-01	-2.646332364954002980e-02
-4.399999999999999886e-05	3.773911711523794121e-01	-2.442510138446014195e-02
-4.299999999999999488e-05	3.939899848707459906e-01	-2.238687911938025410e-02
-4.199999999999999768e-05	4.119438037906118510e-01	-2.510450880615343675e-02
-4.100000000000000047e-05	4.346401409157253370e-01	-2.238687911938025410e-02
-3.999999999999999650e-05	4.553039702385898169e-01	-2.510450880615343675e-02
-3.899999999999999929e-05	4.756290482610794901e-01	-2.102806427599366451e-02
-3.799999999999999532e-05	4.956153749831943567e-01	-1.287517521567411484e-02
-3.699999999999999811e-05	5.128916913023104929e-01	7.846751145971405869e-03
-3.600000000000000091e-05	5.345717745262994480e-01	1.667904762798425033e-02
-3.499999999999999693e-05	5.542193499480394525e-01	-7.439915842127747814e-03
-3.399999999999999973e-05	5.782706922746522205e-01	-3.971176837255929737e-02
-3.299999999999999575e-05	5.952082572933936611e-01	-5.805576875827828109e-02
-3.199999999999999855e-05	6.155333353158832788e-01	-5.431902793896515452e-02
-3.100000000000000135e-05	6.321321490342498572e-01	-4.276910177017912568e-02
-2.999999999999999737e-05	6.538122322582388124e-01	-2.952065704715986158e-02
-2.900000000000000017e-05	6.744760615811034032e-01	-2.340599025192019803e-02
-2.799999999999999958e-05	6.958173935047174963e-01	-1.831043458922048187e-02
-2.699999999999999899e-05	7.158037202268323629e-01	-1.457369376990735356e-02
-2.599999999999999840e-05	7.351125443481975053e-01	-1.593250861329394488e-02
-2.499999999999999781e-05	7.534051145684382833e-01	-2.034865685430036625e-02
-2.400000000000000061e-05	7.744076951916775142e-01	-2.136776798684031017e-02
-2.300000000000000002e-05	7.960877784156665804e-01	-2.306628654107355236e-02
-2.199999999999999943e-05	8.174291103392806734e-01	-2.034865685430036625e-02
-2.099999999999999884e-05	8.347054266583968651e-01	-2.102806427599366451e-02
-1.999999999999999825e-05	8.553692559812614560e-01	-1.695161974583388881e-02
-1.899999999999999766e-05	8.733230749011272609e-01	-1.831043458922048187e-02
-1.800000000000000046e-05	8.919543964217427900e-01	-1.661191603498723968e-02
-1.699999999999999987e-05	9.153282361476059448e-01	-1.898984201091377666e-02
-1.599999999999999928e-05	9.319270498659725233e-01	1.052676929038449038e-03
-1.499999999999999869e-05	9.519133765880872788e-01	1.973638102560408211e-02
-1.399999999999999979e-05	9.732547085117014829e-01	2.143489957983732083e-02
-1.299999999999999920e-05	9.929022839334414874e-01	-1.049724923974757959e-02
-1.200000000000000030e-05	-1.003020377875043945e+00	-5.737636133658498977e-02
-1.099999999999999971e-05	-9.843890563544284156e-01	-6.960569492706430994e-02
-9.999999999999999124e-06	-9.596602114270659234e-01	-6.315132442097799725e-02
-9.000000000000000228e-06	-9.366251230015776308e-01	-4.820436114372549097e-02
-7.999999999999999638e-06	-9.142675371768390624e-01	-3.563532384239952167e-02
-6.999999999999999895e-06	-8.898774435498514324e-01	-3.223828673393304423e-02
-6.000000000000000152e-06	-8.715848733296107653e-01	-2.612361993869338067e-02
-4.999999999999999562e-06	-8.502435414059965613e-01	-2.680302736038667893e-02
-3.999999999999999819e-06	-8.285634581820076061e-01	-2.408539767361349282e-02
-3.000000000000000076e-06	-8.085771314598927395e-01	-2.884124962546656332e-02
-1.999999999999999909e-06	-7.892683073385275971e-01	-3.087947189054645117e-02
-9.999999999999999547e-07	-7.709757371182869301e-01	-3.087947189054645117e-02
0.000000000000000000e+00	-7.486181512935482507e-01	-2.714273107123332460e-02
9.999999999999999547e-07	-7.276155706703089088e-01	-2.850154591461991765e-02
1.999999999999999909e-06	-7.072904926478192911e-01	-2.748243478207997373e-02
3.000000000000000076e-06	-6.906916789294527126e-01	-2.680302736038667893e-02
3.999999999999999819e-06	-6.686728444050888953e-01	-2.000895314345372059e-02
4.999999999999999562e-06	-6.510577767855978415e-01	2.751195483271688409e-03
6.000000000000000152e-06	-6.300551961623584996e-01	1.701875133883089947e-02
6.999999999999999895e-06	-6.087138642387444065e-01	-9.855453360414383798e-04
7.999999999999999638e-06	-5.887275375166295399e-01	-3.665443497493946906e-02
9.000000000000000228e-06	-5.646761951900167720e-01	-6.009399102335816895e-02
9.999999999999999124e-06	-5.484161327720250556e-01	-6.315132442097799725e-02
1.099999999999999971e-05	-5.260585469472863762e-01	-4.820436114372549097e-02
1.200000000000000030e-05	-5.077659767270457092e-01	-3.257799044477969336e-02
1.299999999999999920e-05	-4.877796500049307871e-01	-2.612361993869338067e-02
1.399999999999999979e-05	-4.677933232828159205e-01	-2.306628654107355236e-02
1.499999999999999869e-05	-4.450969861577024900e-01	-1.729132345668053794e-02
1.599999999999999928e-05	-4.281594211389611049e-01	-1.966924943260707145e-02
1.699999999999999987e-05	-4.071568405157217629e-01	-1.932954572176042579e-02
1.800000000000000046e-05	-3.871705137936068963e-01	-2.340599025192019803e-02
1.899999999999999766e-05	-3.665066844707424165e-01	-2.272658283022690323e-02
1.999999999999999825e-05	-3.448266012467534614e-01	-2.306628654107355236e-02
2.099999999999999884e-05	-3.261952797261379322e-01	-2.272658283022690323e-02
2.199999999999999943e-05	-3.079027095058972097e-01	-2.170747169768695931e-02
2.300000000000000002e-05	-2.865613775822830611e-01	-2.034865685430036625e-02
2.400000000000000061e-05	-2.662362995597933879e-01	-2.102806427599366451e-02
2.499999999999999781e-05	-2.462499728376785491e-01	-9.855453360414383798e-04
2.599999999999999840e-05	-2.282961539178126886e-01	1.667904762798425033e-02
2.699999999999999899e-05	-2.089873297964474907e-01	1.633934391713760467e-02
2.799999999999999958e-05	-1.869684952720837012e-01	-1.797073087837383273e-02
2.900000000000000017e-05	-1.663046659492191937e-01	-4.718525001118555051e-02
2.999999999999999737e-05	-1.453020853259798795e-01	-5.771606504743163196e-02
3.100000000000000135e-05	-1.266707638053643503e-01	-5.092199083049867708e-02
3.199999999999999855e-05	-1.066844370832495115e-01	-3.665443497493946906e-02
3.299999999999999575e-05	-8.466560255888569420e-02	-2.476480509530679108e-02
3.399999999999999973e-05	-6.840554014089397783e-02	-1.932954572176042579e-02
3.499999999999999693e-05	-4.435419781428118907e-02	-1.593250861329394488e-02
3.600000000000000091e-05	-2.572287629366565992e-02	-1.525310119160065009e-02
3.699999999999999811e-05	-7.430306073424959926e-03	-1.423399005906070616e-02
3.799999999999999532e-05	1.357227454981436467e-02	-2.034865685430036625e-02
3.899999999999999929e-05	3.559110907417817327e-02	-1.932954572176042579e-02
3.999999999999999650e-05	5.625493839704266696e-02	-2.170747169768695931e-02
4.100000000000000047e-05	7.353125471615887254e-02	-1.831043458922048187e-02
4.199999999999999768e-05	9.385633273864854575e-02	-1.865013830006712753e-02
4.299999999999999488e-05	1.131651568600137436e-01	-1.627221232414059401e-02
4.399999999999999886e-05	1.348452400840027265e-01	-1.898984201091377666e-02
4.499999999999999606e-05	1.551703181064923998e-01	-9.817841818054283062e-03
4.600000000000000004e-05	1.738016396271079289e-01	1.056438083274459025e-02
4.699999999999999724e-05	1.954817228510969118e-01	2.347312184491720868e-02
4.800000000000000122e-05	2.134355417709627722e-01	7.129732181918010990e-04
4.899999999999999842e-05	2.374868840975755402e-01	-3.087947189054645117e-02
